5.34e-01 3.20e-01 1.44e-01 4.10e-01 1.69e-01 5.40e-04 1.33e+01 2.17e+00 7.58e-01 5.86e-01 7.15e-02
5.16e-01 3.59e-01 8.29e-02 3.20e-01 9.16e-02 1.79e+00 9.62e+01 6.00e+00 2.37e+00 1.38e+00 1.58e-01
5.16e-01 5.48e-01 4.68e-03 5.50e-01 5.29e-03 1.84e-07 1.84e-07 3.44e+00 3.44e+00 1.25e+00 1.25e+00
5.31e-01 4.76e-01 7.47e-03 4.80e-01 8.26e-03 3.40e-11 1.24e+01 5.89e+00 4.62e+00 4.62e+00 5.92e-01
5.38e-01 2.74e-01 8.63e-02 1.70e-01 1.35e-01 3.26e-16 1.19e+01 4.14e+00 2.99e+00 2.99e+00 3.33e-01
5.21e-01 6.29e-01 9.39e-03 6.30e-01 9.41e-03 3.14e-48 4.09e-03 1.81e+00 5.90e-01 5.36e-01 5.36e-01
5.19e-01 3.87e-01 1.88e-02 3.90e-01 1.90e-02 9.99e-07 9.67e+01 1.91e+01 9.84e+00 4.19e+00 1.05e+00
5.04e-01 3.65e-01 1.02e-02 3.60e-01 1.11e-02 2.46e-16 2.31e+01 9.60e+00 9.07e+00 2.22e+00 2.03e+00
5.08e-01 3.35e-01 2.63e-02 3.40e-01 2.67e-02 1.27e-02 1.31e+02 1.85e+01 7.94e+00 4.39e+00 9.41e-01
5.07e-01 4.95e-01 6.98e-02 5.10e-01 7.13e-02 6.01e+00 1.25e+01 4.79e+00 4.69e+00 1.91e+00 1.32e-01
5.11e-01 3.95e-01 8.80e-02 4.20e-01 9.14e-02 4.19e-11 3.74e+01 1.34e+01 6.48e+00 2.63e+00 4.05e-01
5.18e-01 4.18e-01 1.07e-01 4.50e-01 1.11e-01 6.06e-02 3.89e+01 5.77e+00 2.72e+00 1.27e+00 1.68e-01
5.32e-01 5.30e-01 8.99e-05 5.30e-01 8.99e-05 3.18e+00 4.10e+00 4.10e+00 4.10e+00 4.10e+00 4.10e+00
5.31e-01 6.53e-01 4.44e-03 6.50e-01 5.19e-03 2.88e-166 2.88e-166 1.51e-01 1.51e-01 5.60e-02 5.60e-02
5.20e-01 4.04e-01 2.60e-02 4.10e-01 2.66e-02 1.09e-173 9.65e+00 7.16e+00 7.16e+00 2.30e+00 2.30e+00
5.34e-01 3.45e-01 6.48e-02 3.70e-01 6.94e-02 3.86e-04 2.79e+01 5.27e+00 2.53e+00 1.10e+00 1.89e-01
5.34e-01 5.20e-01 1.37e-04 5.20e-01 1.37e-04 5.20e-04 4.55e+00 4.54e+00 4.54e+00 4.54e+00 4.54e+00
5.00e-01 3.85e-01 1.00e-01 4.10e-01 1.03e-01 4.39e+00 1.17e+02 4.50e+00 2.08e+00 1.29e+00 2.14e-01
5.35e-01 4.88e-01 8.08e-03 4.90e-01 8.25e-03 2.84e-06 1.26e+01 5.98e+00 3.76e+00 2.23e+00 4.81e-01
5.30e-01 4.96e-01 1.03e-02 5.00e-01 1.11e-02 3.72e-02 1.55e+01 5.55e+00 2.40e+00 1.81e+00 2.79e-01
5.35e-01 3.93e-01 1.03e-01 4.20e-01 1.07e-01 1.19e+00 6.88e+01 2.87e+00 1.08e+00 6.05e-01 1.08e-01
5.02e-01 4.08e-01 9.14e-03 4.10e-01 9.31e-03 4.87e-24 1.84e+01 8.47e+00 3.58e+00 3.58e+00 2.55e-01
5.35e-01 3.83e-01 6.10e-02 3.90e-01 6.14e-02 5.39e-01 1.62e+02 9.81e+00 3.89e+00 2.17e+00 2.55e-01
5.18e-01 5.10e-01 4.30e-03 5.10e-01 4.30e-03 1.96e-01 7.98e-01 6.64e-01 6.64e-01 6.64e-01 6.67e-02
5.00e-01 4.57e-01 4.52e-03 4.60e-01 5.36e-03 8.95e-28 1.80e+01 1.28e+01 1.28e+01 5.21e+00 5.21e+00
5.35e-01 3.66e-01 1.24e-01 2.70e-01 1.57e-01 9.45e-01 1.12e+01 1.30e+00 6.07e-01 3.00e-01 6.66e-02
5.27e-01 4.38e-01 7.04e-03 4.40e-01 7.24e-03 4.80e-31 1.41e+01 8.01e+00 3.95e+00 3.95e+00 1.93e+00
5.32e-01 5.63e-01 5.59e-03 5.60e-01 6.45e-03 6.46e-06 6.46e-06 8.46e-01 4.68e-01 4.68e-01 5.10e-02
5.22e-01 4.78e-01 6.64e-03 4.80e-01 6.88e-03 1.03e-08 9.56e+00 5.50e+00 2.73e+00 2.73e+00 1.22e+00
5.34e-01 5.30e-01 2.16e-03 5.30e-01 2.18e-03 1.07e+00 1.86e+00 1.81e+00 1.81e+00 1.81e+00 7.28e-02
5.37e-01 4.52e-01 3.69e-02 4.50e-01 3.70e-02 9.44e-03 8.64e+01 1.27e+01 7.95e+00 3.90e+00 5.68e-01
5.37e-01 5.47e-01 5.22e-03 5.50e-01 5.81e-03 2.71e-01 2.73e-01 8.54e-01 8.54e-01 3.73e-01 5.15e-02
4.99e-01 5.29e-01 3.27e-03 5.30e-01 3.46e-03 8.27e-14 8.27e-14 5.74e-01 5.74e-01 5.74e-01 7.79e-02
5.04e-01 5.40e-01 4.88e-03 5.40e-01 4.88e-03 1.94e-07 1.94e-07 3.89e+00 3.89e+00 6.45e-01 5.67e-01
5.05e-01 3.47e-01 9.57e-02 3.00e-01 1.06e-01 2.58e+00 1.57e+02 8.66e+00 2.98e+00 1.54e+00 2.21e-01
5.35e-01 1.93e-01 1.35e-01 6.00e-02 1.90e-01 2.27e-02 8.23e+00 9.06e-01 2.73e-01 1.43e-01 1.86e-02
5.24e-01 4.48e-01 3.14e-02 4.60e-01 3.37e-02 9.94e-03 9.19e+01 1.35e+01 7.58e+00 5.93e+00 5.76e-01
5.13e-01 5.01e-01 7.16e-03 5.00e-01 7.25e-03 1.54e+00 8.07e+00 4.43e+00 2.20e+00 1.36e+00 1.33e-01
5.26e-01 4.73e-01 5.32e-03 4.70e-01 6.07e-03 2.18e-08 1.00e+00 6.50e-01 3.13e-01 3.13e-01 3.26e-02
5.29e-01 4.20e-01 3.30e-02 4.30e-01 3.45e-02 1.01e-108 1.27e+01 6.48e+00 5.92e+00 5.92e+00 5.92e+00
5.24e-01 6.20e-01 3.29e-03 6.20e-01 3.29e-03 2.22e-110 2.22e-110 2.00e-01 2.00e-01 2.00e-01 1.10e-02
5.19e-01 4.42e-01 5.44e-03 4.40e-01 5.77e-03 2.16e-38 5.40e+00 3.66e+00 3.66e+00 1.38e+00 3.68e-01
5.09e-01 3.49e-01 9.79e-02 4.20e-01 1.21e-01 4.64e-15 2.40e+01 7.08e+00 2.77e+00 2.21e+00 2.13e-01
5.23e-01 5.93e-01 7.05e-03 5.90e-01 7.74e-03 5.39e-38 5.39e-38 2.59e-01 1.68e-01 1.68e-01 1.95e-02
5.37e-01 3.01e-01 5.49e-02 2.90e-01 5.60e-02 1.03e+00 1.12e+02 1.77e+01 7.75e+00 3.51e+00 4.13e-01
5.21e-01 4.02e-01 1.45e-02 4.00e-01 1.46e-02 2.60e-20 2.16e+01 8.81e+00 7.17e+00 3.81e+00 4.87e-01
5.26e-01 5.05e-01 6.16e-03 5.10e-01 7.75e-03 4.31e-02 2.53e+00 1.22e+00 1.15e+00 1.15e+00 7.34e-02
4.98e-01 5.69e-01 3.79e-03 5.70e-01 3.91e-03 8.02e-85 1.04e-20 3.07e-01 3.07e-01 3.07e-01 1.08e-02
5.37e-01 5.10e-01 4.43e-04 5.10e-01 4.44e-04 7.49e-27 5.64e+00 5.62e+00 5.62e+00 5.62e+00 5.62e+00
5.38e-01 5.20e-01 5.35e-04 5.20e-01 5.36e-04 3.41e-03 5.65e+00 5.63e+00 5.63e+00 5.63e+00 5.63e+00
5.15e-01 3.35e-01 8.52e-02 3.00e-01 9.21e-02 1.05e+00 3.37e+01 4.52e+00 1.30e+00 9.58e-01 1.33e-01
5.24e-01 4.70e-01 9.12e-02 5.00e-01 9.60e-02 2.04e+00 2.76e+01 1.76e+00 7.79e-01 4.45e-01 6.68e-02
5.04e-01 4.72e-01 1.90e-02 4.70e-01 1.91e-02 2.21e-01 2.65e+01 9.57e+00 3.85e+00 2.98e+00 3.85e-01
5.16e-01 4.34e-01 8.20e-02 4.90e-01 9.93e-02 2.62e+00 4.21e+01 4.55e+00 1.15e+00 7.06e-01 1.05e-01
5.25e-01 1.88e-01 5.09e-03 1.90e-01 5.34e-03 7.50e-18 9.66e+00 7.07e+00 7.07e+00 2.10e+00 5.33e-01
5.38e-01 3.56e-01 5.36e-02 3.40e-01 5.59e-02 2.23e-01 3.58e+01 5.66e+00 1.93e+00 1.90e+00 2.76e-01
5.63e-01 5.29e-01 2.94e-03 5.30e-01 3.01e-03 1.74e-17 1.48e+00 1.35e+00 1.35e+00 1.35e+00 1.22e-01
5.40e-01 6.05e-01 6.27e-03 6.10e-01 8.02e-03 6.50e-24 6.50e-24 2.34e-01 2.10e-01 2.10e-01 1.29e-02
5.41e-01 4.55e-01 8.18e-03 4.60e-01 9.34e-03 5.04e-21 1.66e+01 6.88e+00 6.60e+00 1.69e+00 1.31e+00
5.69e-01 5.80e-01 5.10e-03 5.80e-01 5.12e-03 4.26e-01 4.27e-01 2.42e+00 2.42e+00 4.98e-01 3.52e-01
5.67e-01 5.20e-01 1.00e-02 5.20e-01 1.00e-02 1.44e-06 1.02e+01 3.75e+00 2.30e+00 2.30e+00 4.71e-01
5.73e-01 5.50e-01 2.30e-03 5.50e-01 2.30e-03 1.54e-06 2.86e+00 2.71e+00 2.71e+00 2.71e+00 9.54e-02
5.63e-01 4.66e-01 9.75e-02 5.20e-01 1.12e-01 7.79e-02 1.41e+01 1.89e+00 6.76e-01 3.93e-01 4.91e-02
5.71e-01 5.57e-01 1.84e-02 5.60e-01 1.86e-02 4.54e+00 2.43e+01 6.18e+00 2.76e+00 1.91e+00 2.51e-01
5.70e-01 6.54e-01 4.85e-03 6.50e-01 6.08e-03 5.38e-69 5.38e-69 1.71e-01 9.99e-02 9.99e-02 9.99e-02
5.69e-01 4.39e-01 5.50e-03 4.40e-01 5.58e-03 1.60e-61 5.77e+00 4.02e+00 4.02e+00 1.15e+00 6.05e-01
5.43e-01 5.46e-01 9.33e-03 5.50e-01 9.98e-03 3.70e+00 5.80e+00 4.07e+00 3.54e+00 1.49e+00 2.04e-01
5.72e-01 5.16e-01 1.12e-01 5.50e-01 1.17e-01 1.41e+00 1.54e+01 2.32e+00 5.87e-01 2.59e-01 4.09e-02
5.67e-01 5.27e-01 6.50e-03 5.30e-01 7.20e-03 2.81e-11 1.06e+00 6.49e-01 3.06e-01 3.06e-01 4.24e-02
5.62e-01 5.88e-01 1.05e-01 6.60e-01 1.28e-01 4.25e-01 4.18e+00 4.10e-01 1.66e-01 9.64e-02 1.07e-02
5.72e-01 5.14e-01 8.05e-03 5.10e-01 9.09e-03 1.58e-18 2.92e+00 1.28e+00 1.08e+00 3.16e-01 2.45e-01
5.69e-01 4.89e-01 1.28e-02 4.90e-01 1.28e-02 2.31e-07 2.88e+01 1.00e+01 6.66e+00 2.42e+00 4.04e-01
5.71e-01 5.22e-01 4.47e-02 5.40e-01 4.83e-02 5.21e-01 1.13e+01 1.26e+00 5.45e-01 3.18e-01 3.03e-02
5.74e-01 6.31e-01 3.33e-03 6.30e-01 3.51e-03 1.21e-34 1.21e-34 1.97e-01 1.97e-01 1.97e-01 2.67e-02
5.39e-01 6.19e-01 3.65e-03 6.20e-01 3.87e-03 1.05e-79 1.19e-79 1.28e+00 1.28e+00 1.28e+00 2.13e-01
5.63e-01 4.21e-01 6.58e-02 4.30e-01 6.65e-02 1.21e-06 9.60e+01 1.66e+01 9.68e+00 3.78e+00 2.91e-01
5.72e-01 5.42e-01 5.61e-03 5.40e-01 5.82e-03 1.06e-05 3.93e+00 2.66e+00 2.66e+00 9.35e-01 3.34e-01
5.43e-01 5.42e-01 4.26e-03 5.40e-01 4.88e-03 3.04e+00 4.24e+00 3.86e+00 3.86e+00 1.22e+00 1.22e+00
5.46e-01 5.69e-01 1.17e-02 5.70e-01 1.18e-02 2.29e-02 2.47e-02 3.60e-01 1.77e-01 5.79e-02 5.43e-03
5.74e-01 5.85e-01 2.18e-02 5.90e-01 2.24e-02 5.82e-01 1.51e+00 5.86e-01 2.40e-01 2.26e-01 2.40e-02
5.69e-01 6.49e-01 3.07e-03 6.50e-01 3.24e-03 1.45e-21 7.38e-20 1.88e-01 1.88e-01 1.88e-01 2.26e-02
5.60e-01 5.19e-01 2.47e-02 5.20e-01 2.48e-02 5.12e-01 3.91e+01 7.89e+00 4.76e+00 1.86e+00 4.99e-01
5.49e-01 4.83e-01 6.23e-03 4.80e-01 6.74e-03 8.67e-18 9.49e+00 5.56e+00 3.02e+00 3.02e+00 8.11e-01
5.61e-01 5.19e-01 9.06e-03 5.20e-01 9.12e-03 1.65e-06 1.12e+01 4.90e+00 2.59e+00 2.59e+00 2.46e-01
5.66e-01 6.50e-01 5.90e-03 6.50e-01 5.91e-03 2.00e-31 2.00e-31 1.33e+00 1.33e+00 3.54e-01 3.07e-01
5.50e-01 5.08e-01 7.25e-03 5.10e-01 7.59e-03 1.93e-06 7.39e+00 3.86e+00 2.31e+00 1.01e+00 2.13e-01
5.42e-01 6.17e-01 5.47e-03 6.20e-01 6.27e-03 6.85e-29 6.85e-29 2.02e-01 9.24e-02 9.24e-02 9.13e-03
5.66e-01 4.80e-01 1.57e-03 4.80e-01 1.59e-03 9.75e-248 6.86e+00 6.69e+00 6.69e+00 6.69e+00 6.69e+00
5.62e-01 5.04e-01 2.71e-02 5.00e-01 2.75e-02 8.75e-01 7.67e+01 1.08e+01 4.85e+00 2.49e+00 4.36e-01
5.68e-01 5.73e-01 5.34e-02 5.50e-01 5.82e-02 5.25e-01 3.02e+00 5.93e-01 3.30e-01 2.09e-01 4.76e-02
5.65e-01 5.50e-01 1.04e-03 5.50e-01 1.05e-03 2.80e-02 4.62e+00 4.56e+00 4.56e+00 4.56e+00 4.56e+00
5.70e-01 6.53e-01 4.72e-03 6.50e-01 5.75e-03 4.28e-96 6.24e-66 1.53e-01 1.53e-01 7.53e-02 7.53e-02
5.55e-01 5.21e-01 6.56e-03 5.20e-01 6.73e-03 3.85e-05 6.02e+00 3.51e+00 1.64e+00 1.64e+00 8.29e-01
5.67e-01 5.07e-01 9.12e-02 5.40e-01 9.70e-02 2.86e+00 3.76e+01 2.71e+00 7.57e-01 4.73e-01 5.68e-02
5.68e-01 2.10e-01 7.36e-04 2.10e-01 7.37e-04 1.28e-86 1.17e+01 1.16e+01 1.16e+01 1.16e+01 1.16e+01
5.63e-01 6.26e-01 4.90e-03 6.30e-01 6.29e-03 2.97e-06 2.99e-06 2.24e-01 1.47e-01 1.47e-01 1.47e-01
5.56e-01 4.50e-01 4.15e-03 4.50e-01 4.18e-03 1.32e-90 8.34e+00 6.89e+00 6.89e+00 6.89e+00 5.54e-01
5.54e-01 5.51e-01 4.48e-03 5.50e-01 4.66e-03 2.35e+00 4.17e+00 3.62e+00 3.62e+00 8.00e-01 2.18e-01
5.71e-01 6.19e-01 1.37e-02 6.20e-01 1.37e-02 1.19e-02 1.30e-02 1.80e+00 8.04e-01 7.36e-01 1.47e-01
5.45e-01 3.96e-01 6.14e-03 4.00e-01 7.26e-03 1.19e-74 1.76e+01 9.48e+00 7.15e+00 7.15e+00 8.10e-01
5.73e-01 5.58e-01 9.82e-03 5.60e-01 9.96e-03 1.37e+00 8.96e+00 3.65e+00 1.76e+00 1.76e+00 3.85e-01
5.72e-01 6.13e-01 4.20e-02 6.20e-01 4.26e-02 1.07e-02 2.30e-02 4.90e-01 3.22e-01 1.62e-01 2.71e-02
5.72e-01 5.40e-01 2.06e-03 5.40e-01 2.11e-03 7.58e-30 4.78e+00 4.57e+00 4.57e+00 4.57e+00 2.30e-01
5.42e-01 3.87e-01 1.05e-01 4.20e-01 1.10e-01 7.47e-20 2.42e+01 8.17e+00 4.35e+00 2.18e+00 3.70e-01
5.59e-01 5.20e-01 2.47e-05 5.20e-01 2.47e-05 2.19e-51 3.44e+00 3.44e+00 3.44e+00 3.44e+00 3.44e+00
5.64e-01 5.40e-01 4.66e-04 5.40e-01 4.67e-04 2.00e-13 6.03e+00 6.01e+00 6.01e+00 6.01e+00 6.01e+00
5.60e-01 6.41e-01 3.32e-03 6.40e-01 3.53e-03 6.85e-78 6.85e-78 1.66e-01 1.66e-01 1.66e-01 2.34e-02
5.39e-01 2.50e-01 1.10e-09 2.50e-01 1.10e-09 3.12e-187 9.80e-01 9.80e-01 9.80e-01 9.80e-01 9.80e-01
5.58e-01 6.24e-01 5.14e-03 6.20e-01 6.74e-03 3.46e-39 3.46e-39 1.13e-01 9.17e-02 9.17e-02 9.17e-02
5.42e-01 3.84e-01 2.58e-02 3.90e-01 2.65e-02 4.19e-13 6.60e+01 1.61e+01 7.60e+00 3.80e+00 5.00e-01
5.72e-01 5.30e-01 1.68e-05 5.30e-01 1.68e-05 2.27e-87 5.15e-01 5.15e-01 5.15e-01 5.15e-01 5.15e-01
5.63e-01 6.61e-01 3.25e-03 6.60e-01 3.44e-03 2.44e-120 2.44e-120 2.74e-01 2.74e-01 2.74e-01 3.72e-02
5.72e-01 6.14e-01 5.18e-03 6.10e-01 6.75e-03 6.07e-12 6.07e-12 1.31e+00 1.04e+00 1.04e+00 1.04e+00
5.45e-01 4.60e-01 3.03e-02 4.60e-01 3.03e-02 6.90e-03 8.73e+01 1.38e+01 6.91e+00 3.33e+00 7.32e-01
5.72e-01 3.92e-01 1.26e-01 4.40e-01 1.35e-01 3.51e-08 2.32e+01 4.22e+00 1.89e+00 7.89e-01 1.13e-01
5.65e-01 6.54e-01 4.80e-03 6.50e-01 5.97e-03 3.23e-92 1.40e-55 1.52e-01 8.47e-02 8.47e-02 8.47e-02
5.66e-01 4.96e-01 1.10e-02 5.00e-01 1.17e-02 1.33e-08 1.67e+01 5.64e+00 2.61e+00 2.12e+00 3.68e-01
5.48e-01 5.72e-01 4.67e-03 5.70e-01 5.27e-03 7.95e-07 7.95e-07 4.12e-01 4.12e-01 1.47e-01 1.47e-01
5.63e-01 5.57e-01 4.36e-02 5.40e-01 4.66e-02 8.42e-01 6.52e+00 1.24e+00 4.10e-01 3.12e-01 9.85e-02
5.69e-01 4.20e-01 6.18e-02 4.30e-01 6.26e-02 7.56e-03 1.24e+02 1.34e+01 6.31e+00 3.64e+00 2.67e-01
5.72e-01 5.30e-01 3.12e-05 5.30e-01 3.12e-05 6.14e-80 3.27e+00 3.27e+00 3.27e+00 3.27e+00 3.27e+00
5.73e-01 2.29e-01 5.19e-02 2.20e-01 5.27e-02 1.06e-42 1.61e+01 9.81e+00 5.38e+00 5.38e+00 4.93e-01
5.73e-01 6.87e-01 4.55e-03 6.90e-01 5.26e-03 2.83e-153 2.83e-153 1.00e-01 1.00e-01 3.72e-02 3.72e-02
5.58e-01 5.51e-01 5.76e-03 5.50e-01 5.79e-03 1.55e+00 5.08e+00 3.61e+00 3.61e+00 9.97e-01 6.89e-01
5.64e-01 4.99e-01 1.22e-02 5.00e-01 1.22e-02 6.64e-07 1.70e+01 6.73e+00 3.58e+00 3.58e+00 8.12e-01
5.75e-01 5.24e-01 8.27e-03 5.30e-01 1.03e-02 1.97e-10 1.12e+01 4.52e+00 4.50e+00 1.32e+00 7.28e-01
5.51e-01 5.46e-01 5.02e-03 5.50e-01 6.72e-03 5.12e-01 1.07e+00 5.92e-01 4.82e-01 4.82e-01 4.82e-01
5.41e-01 3.90e-01 1.64e-01 5.10e-01 2.03e-01 9.31e-02 2.42e+01 4.16e+00 2.31e+00 1.45e+00 3.49e-01
5.63e-01 6.50e-01 2.20e-03 6.50e-01 2.26e-03 3.10e-115 3.10e-115 3.17e-01 3.17e-01 3.17e-01 1.75e-02
5.60e-01 5.13e-01 3.36e-02 5.20e-01 3.44e-02 3.68e+00 8.46e+01 8.36e+00 4.40e+00 2.82e+00 2.71e-01
5.42e-01 5.99e-01 4.37e-03 6.00e-01 4.52e-03 4.93e-34 4.93e-34 8.18e-01 8.18e-01 8.18e-01 4.93e-02
5.74e-01 6.25e-01 7.57e-03 6.20e-01 8.85e-03 2.49e-07 2.49e-07 1.55e+00 1.53e+00 1.53e+00 2.33e-01
5.43e-01 3.30e-01 2.04e-03 3.30e-01 2.04e-03 2.02e-311 4.98e+00 4.77e+00 4.77e+00 4.77e+00 1.20e-01
5.44e-01 3.79e-01 1.22e-01 4.30e-01 1.33e-01 1.06e-15 2.01e+01 5.07e+00 1.82e+00 1.41e+00 1.44e-01
5.46e-01 4.98e-01 7.10e-03 5.00e-01 7.52e-03 7.18e-08 9.77e+00 5.28e+00 3.08e+00 3.08e+00 2.92e-01
5.46e-01 5.55e-02 9.32e-03 6.00e-02 1.04e-02 3.92e-41 4.12e+00 2.06e+00 2.04e+00 2.04e+00 2.04e+00
5.69e-01 6.28e-01 3.91e-03 6.30e-01 4.27e-03 4.45e-33 4.45e-33 1.95e-01 1.95e-01 1.95e-01 4.22e-02
5.55e-01 5.64e-01 7.89e-03 5.60e-01 8.67e-03 2.21e+00 2.66e+00 3.74e+00 2.78e+00 9.03e-01 4.89e-01
5.45e-01 6.26e-01 4.90e-03 6.30e-01 6.09e-03 2.14e-44 2.14e-44 1.82e-01 1.03e-01 1.03e-01 1.03e-01
5.66e-01 5.39e-01 2.46e-03 5.40e-01 2.54e-03 5.97e-20 5.85e+00 5.47e+00 5.47e+00 5.47e+00 3.85e-01
5.57e-01 5.35e-01 5.60e-03 5.40e-01 7.36e-03 5.16e-03 2.01e+00 1.05e+00 8.96e-01 8.96e-01 4.77e-02
5.59e-01 4.91e-01 2.52e-02 4.90e-01 2.52e-02 1.73e-10 1.38e+01 6.55e+00 4.57e+00 1.94e+00 5.59e-01
5.46e-01 5.57e-01 1.28e-02 5.60e-01 1.31e-02 3.22e+00 4.84e+00 4.03e+00 1.89e+00 1.89e+00 2.10e-01
5.65e-01 6.30e-01 1.95e-03 6.30e-01 1.95e-03 2.34e-12 3.36e-12 2.24e-01 2.24e-01 2.24e-01 6.76e-03
5.61e-01 4.57e-01 1.63e-02 4.60e-01 1.65e-02 7.02e-21 2.03e+01 7.58e+00 3.93e+00 1.87e+00 2.67e-01
5.57e-01 6.29e-01 3.51e-03 6.30e-01 3.75e-03 8.21e-60 8.21e-60 2.07e-01 2.07e-01 2.07e-01 3.32e-02
5.50e-01 6.19e-01 8.81e-03 6.20e-01 8.92e-03 4.02e-14 4.02e-14 2.11e+00 9.55e-01 9.55e-01 9.55e-02
5.49e-01 4.17e-01 1.06e-01 4.50e-01 1.11e-01 4.10e-01 3.98e+01 2.62e+00 1.08e+00 5.24e-01 8.19e-02
5.74e-01 6.59e-01 2.43e-03 6.60e-01 2.50e-03 7.23e-103 7.23e-103 2.31e-01 2.31e-01 2.31e-01 1.63e-02
5.48e-01 5.45e-01 5.00e-03 5.50e-01 6.96e-03 3.55e+00 6.16e+00 3.60e+00 3.38e+00 3.38e+00 3.38e+00
5.66e-01 3.17e-01 1.83e-01 4.60e-01 2.32e-01 3.04e-13 1.55e+01 2.54e+00 2.15e+00 8.52e-01 1.91e-01
5.73e-01 6.39e-01 8.10e-03 6.40e-01 8.19e-03 7.59e-10 7.60e-10 1.43e+00 7.62e-01 5.54e-01 1.08e-01
5.43e-01 5.73e-01 1.07e-02 5.70e-01 1.13e-02 8.37e-02 8.70e-02 3.32e+00 1.69e+00 1.05e+00 1.84e-01
5.52e-01 5.07e-01 1.16e-02 5.10e-01 1.20e-02 1.76e-03 1.67e+01 4.89e+00 3.07e+00 1.98e+00 3.80e-01
5.61e-01 4.82e-01 6.53e-03 4.80e-01 6.77e-03 6.32e-27 1.05e+01 6.37e+00 2.72e+00 2.72e+00 2.24e-01
5.64e-01 6.43e-01 6.44e-03 6.40e-01 7.22e-03 1.80e-20 1.80e-20 8.44e-01 5.73e-01 5.73e-01 3.39e-02
5.62e-01 5.71e-01 4.05e-03 5.70e-01 4.22e-03 9.18e-02 9.47e-02 4.00e-01 4.00e-01 4.00e-01 1.61e-02
5.46e-01 4.45e-01 8.36e-03 4.40e-01 9.55e-03 2.57e-54 1.61e+01 7.90e+00 7.39e+00 7.39e+00 3.97e-01
5.77e-01 6.29e-01 3.68e-03 6.30e-01 3.75e-03 5.40e-21 5.40e-21 2.78e-01 2.78e-01 2.78e-01 1.12e-02
5.46e-01 5.19e-01 1.92e-02 5.20e-01 1.92e-02 3.41e+00 3.93e+01 7.13e+00 4.93e+00 2.28e+00 4.22e-01
5.66e-01 5.01e-01 4.66e-03 5.00e-01 4.90e-03 2.25e-25 2.30e+00 1.76e+00 1.76e+00 4.41e-01 1.06e-01
5.57e-01 5.69e-01 1.15e-02 5.70e-01 1.15e-02 2.22e+00 2.93e+00 2.86e+00 2.26e+00 9.35e-01 1.23e-01
5.61e-01 6.31e-01 3.66e-03 6.30e-01 3.88e-03 7.19e-29 7.19e-29 1.82e-01 1.82e-01 1.82e-01 3.02e-02
5.69e-01 4.93e-01 2.25e-02 4.90e-01 2.26e-02 1.05e-02 6.81e+01 1.04e+01 6.00e+00 3.03e+00 6.80e-01
5.74e-01 4.70e-01 7.03e-03 4.70e-01 7.04e-03 8.32e-30 1.41e+00 7.85e-01 3.39e-01 2.68e-01 2.68e-01
5.67e-01 6.64e-01 5.00e-03 6.60e-01 6.57e-03 1.33e-118 1.33e-118 1.37e-01 1.02e-01 1.02e-01 1.02e-01
5.73e-01 5.50e-01 2.46e-02 5.50e-01 2.46e-02 4.92e+00 4.18e+01 7.44e+00 3.15e+00 1.87e+00 2.55e-01
5.50e-01 5.41e-01 1.10e-02 5.40e-01 1.11e-02 3.46e+00 1.15e+01 4.80e+00 2.63e+00 1.09e+00 1.93e-01
5.45e-01 6.18e-01 4.37e-03 6.20e-01 4.80e-03 4.04e-50 4.04e-50 1.04e+00 1.04e+00 2.92e-01 2.92e-01
5.41e-01 1.90e-01 2.21e-02 1.90e-01 2.21e-02 1.29e-12 1.12e+01 1.03e+01 1.03e+01 1.03e+01 8.31e-01
5.44e-01 4.77e-01 1.39e-02 4.80e-01 1.41e-02 3.22e-04 3.56e+01 8.96e+00 4.46e+00 2.71e+00 3.59e-01
5.66e-01 5.48e-01 3.98e-03 5.50e-01 4.45e-03 2.08e-10 2.69e+00 2.16e+00 2.16e+00 2.16e+00 5.42e-01
5.65e-01 5.51e-01 3.93e-03 5.50e-01 4.03e-03 2.73e-01 3.98e+00 3.34e+00 3.34e+00 3.34e+00 1.51e-01
5.67e-01 5.28e-01 3.89e-03 5.30e-01 4.32e-03 3.69e-60 3.15e+00 2.56e+00 2.56e+00 2.56e+00 5.93e-01
5.58e-01 4.29e-01 5.70e-02 4.40e-01 5.80e-02 4.17e-05 8.43e+01 1.76e+01 8.01e+00 5.70e+00 3.56e-01
5.63e-01 5.22e-01 3.64e-03 5.20e-01 3.97e-03 5.71e-67 4.11e+00 3.46e+00 3.46e+00 3.46e+00 6.61e-01
5.51e-01 6.05e-01 1.48e-02 6.10e-01 1.57e-02 1.61e-03 2.34e-03 2.35e-01 1.49e-01 7.73e-02 2.38e-02
5.75e-01 5.21e-01 6.34e-02 4.80e-01 7.56e-02 1.71e-07 3.03e+00 1.84e+00 8.31e-01 5.81e-01 7.38e-02
5.68e-01 5.59e-01 5.32e-03 5.60e-01 5.39e-03 6.43e-02 4.60e-01 3.86e-01 3.86e-01 3.86e-01 7.38e-02
5.73e-01 4.35e-01 6.83e-02 4.30e-01 6.85e-02 3.51e-01 6.35e+01 6.77e+00 2.33e+00 1.25e+00 1.29e-01
5.67e-01 6.24e-01 6.28e-03 6.20e-01 7.63e-03 2.14e-14 2.14e-14 6.16e-01 5.64e-01 5.64e-01 2.79e-02
5.68e-01 4.80e-01 5.00e-03 4.80e-01 5.00e-03 8.92e-39 7.95e+00 6.01e+00 6.01e+00 9.66e-01 9.66e-01
5.56e-01 5.71e-01 2.67e-03 5.70e-01 2.74e-03 9.40e-03 9.40e-03 1.68e+00 1.68e+00 1.68e+00 1.27e-01
5.45e-01 5.40e-01 4.35e-05 5.40e-01 4.35e-05 1.91e+00 4.18e+00 4.18e+00 4.18e+00 4.18e+00 4.18e+00
5.69e-01 5.90e-01 3.11e-02 5.90e-01 3.12e-02 1.66e+00 3.39e+00 2.93e+00 1.64e+00 7.73e-01 7.36e-02
5.64e-01 5.13e-01 3.22e-02 5.20e-01 3.29e-02 2.01e+00 7.44e+01 8.79e+00 4.95e+00 2.66e+00 4.79e-01
5.50e-01 3.66e-01 1.24e-01 4.20e-01 1.35e-01 8.59e-13 1.80e+01 4.60e+00 1.72e+00 1.22e+00 1.56e-01
5.53e-01 5.88e-01 4.13e-03 5.90e-01 4.58e-03 3.52e-13 3.52e-13 1.61e+00 1.61e+00 1.61e+00 4.21e-01
5.68e-01 4.77e-01 2.26e-02 4.70e-01 2.38e-02 4.53e-04 1.41e+00 6.50e-01 3.20e-01 2.38e-01 1.63e-02
5.47e-01 3.13e-01 5.81e-03 3.10e-01 6.41e-03 1.65e-46 2.61e+01 1.63e+01 8.02e+00 8.02e+00 1.56e+00
5.51e-01 4.05e-01 8.15e-03 4.10e-01 9.41e-03 1.02e-46 3.31e+01 1.43e+01 1.27e+01 3.02e+00 2.88e+00
5.59e-01 2.00e-01 6.60e-04 2.00e-01 6.62e-04 1.83e-142 1.24e+01 1.24e+01 1.24e+01 1.24e+01 1.24e+01
5.70e-01 4.91e-01 5.01e-02 4.90e-01 5.01e-02 1.57e+00 1.17e+02 9.87e+00 4.37e+00 2.75e+00 2.39e-01
5.44e-01 4.16e-01 5.04e-03 4.20e-01 6.68e-03 4.75e-120 3.60e+00 2.00e+00 1.59e+00 1.59e+00 1.59e+00
5.63e-01 5.72e-01 9.94e-03 5.70e-01 1.02e-02 2.11e+00 2.85e+00 3.22e+00 1.62e+00 1.62e+00 2.42e-01
5.48e-01 5.00e-01 1.21e-03 5.00e-01 1.22e-03 6.61e-71 6.20e+00 6.10e+00 6.10e+00 6.10e+00 6.10e+00
5.75e-01 8.08e-02 2.43e-02 8.00e-02 2.44e-02 3.33e-06 3.58e+00 1.76e+00 9.03e-01 7.34e-01 8.85e-02
5.53e-01 4.19e-01 6.64e-03 4.20e-01 6.81e-03 4.86e-59 1.65e+01 9.66e+00 4.47e+00 4.47e+00 2.09e+00
5.57e-01 5.17e-01 2.18e-02 5.20e-01 2.21e-02 1.30e+00 4.52e+01 7.51e+00 3.84e+00 2.60e+00 3.30e-01
5.74e-01 6.06e-01 4.54e-02 6.30e-01 5.14e-02 2.58e-02 1.18e-01 2.30e-01 7.15e-02 3.12e-02 8.08e-03
5.72e-01 5.52e-01 2.09e-02 5.50e-01 2.10e-02 4.37e+00 3.19e+01 6.89e+00 2.63e+00 1.67e+00 2.28e-01
5.64e-01 5.09e-01 1.16e-01 5.60e-01 1.27e-01 1.56e+00 1.74e+01 1.19e+00 3.77e-01 2.20e-01 3.14e-02
5.54e-01 3.65e-01 5.83e-02 3.80e-01 6.02e-02 1.03e-01 1.85e+02 1.20e+01 5.39e+00 2.81e+00 3.12e-01
5.41e-01 5.28e-01 1.47e-01 6.30e-01 1.79e-01 3.12e-03 2.03e-01 2.26e-01 7.05e-02 2.84e-02 2.27e-03
5.69e-01 5.16e-01 2.66e-02 5.20e-01 2.69e-02 1.97e-01 4.54e+01 8.50e+00 4.60e+00 1.82e+00 3.04e-01
5.60e-01 4.30e-01 1.83e-02 4.30e-01 1.83e-02 6.04e-10 8.72e+01 1.91e+01 9.78e+00 5.23e+00 6.78e-01
5.57e-01 1.81e-01 1.66e-01 6.00e-02 2.06e-01 2.54e-07 2.57e+00 1.21e+00 2.68e-01 2.01e-01 4.87e-02
6.03e-01 6.13e-01 6.13e-03 6.10e-01 6.82e-03 2.34e-01 2.59e-01 5.45e-01 3.43e-01 3.43e-01 7.13e-02
5.83e-01 6.37e-01 7.25e-03 6.40e-01 8.03e-03 9.83e-09 9.87e-09 1.22e+00 8.75e-01 8.75e-01 1.04e-01
6.10e-01 6.03e-01 5.26e-03 6.00e-01 6.13e-03 1.96e-01 5.61e-01 3.58e-01 1.93e-01 1.93e-01 1.62e-02
6.02e-01 6.39e-01 3.43e-03 6.40e-01 3.69e-03 2.03e-14 2.03e-14 3.30e-01 3.30e-01 3.30e-01 5.31e-02
5.89e-01 5.10e-01 1.76e-03 5.10e-01 1.78e-03 3.88e-112 9.41e+00 9.11e+00 9.11e+00 9.11e+00 9.11e+00
6.01e-01 6.40e-01 7.45e-03 6.40e-01 7.46e-03 8.12e-05 8.16e-05 1.35e+00 5.63e-01 5.16e-01 4.75e-02
5.82e-01 4.88e-01 3.83e-02 4.90e-01 3.83e-02 1.07e-02 8.79e+01 1.01e+01 4.50e+00 4.03e+00 3.36e-01
5.82e-01 4.29e-01 4.18e-03 4.30e-01 4.30e-03 7.26e-108 1.26e+00 1.02e+00 1.02e+00 1.02e+00 5.66e-02
6.00e-01 5.59e-01 7.26e-03 5.60e-01 7.38e-03 2.56e-05 5.92e+00 3.16e+00 1.67e+00 9.54e-01 9.54e-02
5.98e-01 6.49e-01 3.35e-03 6.50e-01 3.58e-03 2.06e-45 9.49e-22 1.88e-01 1.88e-01 1.88e-01 2.83e-02
5.81e-01 5.66e-01 1.33e-02 5.70e-01 1.39e-02 1.95e-04 5.45e-01 3.60e-01 3.60e-01 1.65e-01 1.81e-02
5.75e-01 4.80e-01 2.70e-03 4.80e-01 2.70e-03 3.70e-96 7.66e-01 7.10e-01 7.10e-01 7.10e-01 2.85e-02
5.89e-01 5.52e-01 2.49e-02 5.50e-01 2.50e-02 1.94e+00 4.09e+01 6.39e+00 3.45e+00 1.86e+00 1.94e-01
5.85e-01 4.58e-01 7.58e-02 5.00e-01 8.65e-02 4.30e-01 9.74e+01 5.94e+00 2.17e+00 1.16e+00 1.61e-01
5.99e-01 5.79e-01 9.61e-03 5.80e-01 9.72e-03 3.10e-01 7.29e+00 2.99e+00 1.58e+00 1.58e+00 2.26e-01
5.92e-01 6.15e-01 6.29e-03 6.20e-01 8.02e-03 4.64e-03 4.75e-03 2.75e-01 2.36e-01 2.36e-01 1.38e-02
5.80e-01 6.65e-01 8.40e-03 6.60e-01 9.61e-03 1.01e-06 1.62e-03 8.26e-01 7.76e-01 1.66e-01 1.49e-01
6.15e-01 6.41e-01 3.67e-03 6.40e-01 3.96e-03 2.70e-09 2.70e-09 9.48e-02 9.48e-02 9.48e-02 1.76e-02
5.79e-01 6.45e-01 5.06e-03 6.50e-01 7.10e-03 9.92e-44 9.93e-44 8.83e-01 8.74e-01 8.74e-01 8.74e-01
5.91e-01 6.19e-01 2.50e-02 6.30e-01 2.74e-02 2.14e-02 1.34e-01 3.26e-01 1.79e-01 7.04e-02 1.47e-02
6.05e-01 2.58e-01 1.90e-01 8.00e-02 2.61e-01 6.77e-04 6.71e+00 9.60e-01 3.32e-01 1.51e-01 1.81e-02
6.10e-01 3.87e-01 9.64e-02 4.30e-01 1.06e-01 7.09e-03 8.28e+01 5.51e+00 1.33e+00 8.50e-01 1.48e-01
6.05e-01 5.07e-01 4.65e-03 5.10e-01 5.57e-03 3.70e-103 1.39e+01 9.59e+00 9.59e+00 4.29e+00 4.29e+00
5.81e-01 5.92e-01 5.03e-03 5.90e-01 5.34e-03 8.26e-02 8.66e-02 4.50e-01 4.50e-01 1.42e-01 3.39e-02
5.91e-01 5.91e-01 5.30e-03 5.90e-01 5.35e-03 1.24e+00 1.51e+00 1.30e+00 1.30e+00 3.21e-01 1.96e-01
5.89e-01 6.31e-01 3.02e-03 6.30e-01 3.08e-03 2.81e-19 2.81e-19 2.04e-01 2.04e-01 2.04e-01 1.84e-02
5.99e-01 5.42e-01 1.63e-01 5.70e-01 1.65e-01 1.62e-02 9.15e-01 2.15e-01 9.68e-02 5.55e-02 7.61e-03
6.13e-01 5.35e-01 2.25e-02 5.40e-01 2.31e-02 2.88e-07 1.67e+01 3.67e+00 1.69e+00 1.09e+00 1.74e-01
5.95e-01 5.71e-01 1.52e-02 5.70e-01 1.53e-02 1.41e+00 1.58e+01 3.50e+00 1.71e+00 1.71e+00 2.35e-01
5.89e-01 6.56e-01 4.86e-03 6.60e-01 6.12e-03 1.37e-53 2.50e-51 8.48e-01 5.07e-01 5.07e-01 5.07e-01
5.90e-01 5.88e-01 5.97e-03 5.90e-01 6.47e-03 1.13e+00 1.75e+00 1.13e+00 6.27e-01 6.27e-01 1.54e-01
6.01e-01 5.90e-01 2.16e-03 5.90e-01 2.18e-03 8.81e-03 2.74e-01 2.61e-01 2.61e-01 2.61e-01 1.05e-02
5.97e-01 4.56e-01 5.56e-03 4.60e-01 7.15e-03 3.46e-48 1.83e+00 9.19e-01 8.54e-01 8.54e-01 4.62e-02
5.98e-01 5.76e-01 1.45e-02 5.70e-01 1.55e-02 4.30e-04 4.04e-01 3.60e-01 3.60e-01 3.60e-01 3.98e-02
6.02e-01 6.00e-01 4.79e-03 6.00e-01 4.80e-03 2.97e-01 4.07e-01 3.52e-01 3.52e-01 6.20e-02 4.43e-02
6.01e-01 6.05e-01 7.02e-03 6.10e-01 8.34e-03 1.02e+00 1.28e+00 1.17e+00 1.00e+00 1.00e+00 1.35e-01
6.07e-01 6.38e-01 4.16e-03 6.40e-01 4.57e-03 1.64e-09 1.64e-09 9.21e-01 9.21e-01 9.21e-01 2.31e-01
5.99e-01 5.77e-01 7.69e-02 6.00e-01 8.04e-02 3.61e+00 3.13e+01 2.86e+00 1.15e+00 5.82e-01 5.46e-02
6.11e-01 5.63e-01 1.99e-02 5.60e-01 2.00e-02 1.44e-01 1.29e+01 2.29e+00 1.34e+00 5.87e-01 8.38e-02
5.88e-01 5.44e-01 4.94e-03 5.40e-01 6.45e-03 6.46e-22 2.83e+00 1.65e+00 1.18e+00 1.18e+00 1.18e+00
5.96e-01 6.46e-01 3.60e-02 6.50e-01 3.62e-02 1.21e-07 9.54e-04 1.88e-01 1.88e-01 5.09e-02 1.32e-02
5.86e-01 5.58e-01 6.95e-03 5.60e-01 7.21e-03 1.47e-02 5.69e+00 3.08e+00 1.78e+00 1.78e+00 7.73e-02
5.79e-01 5.53e-01 1.28e-02 5.50e-01 1.32e-02 5.65e-01 1.48e+01 5.01e+00 2.74e+00 1.76e+00 1.51e-01
6.09e-01 5.76e-01 3.46e-02 5.80e-01 3.49e-02 1.28e+00 1.84e+01 2.31e+00 1.25e+00 6.86e-01 6.86e-02
5.90e-01 4.80e-01 1.18e-01 5.50e-01 1.37e-01 9.04e-01 2.45e+01 1.15e+00 5.85e-01 3.16e-01 6.33e-02
5.84e-01 5.33e-01 4.54e-03 5.30e-01 5.35e-03 9.10e-42 2.26e+00 1.62e+00 1.62e+00 6.50e-01 6.50e-01
6.09e-01 5.10e-01 1.37e-03 5.10e-01 1.38e-03 1.62e-276 6.18e+00 6.07e+00 6.07e+00 6.07e+00 6.07e+00
5.92e-01 5.09e-01 2.53e-03 5.10e-01 2.61e-03 2.72e-123 1.01e+01 9.44e+00 9.44e+00 9.44e+00 7.11e-01
6.06e-01 5.92e-01 9.21e-03 5.90e-01 9.39e-03 1.08e+00 6.52e+00 2.82e+00 1.22e+00 1.22e+00 1.99e-01
5.92e-01 5.90e-01 6.12e-04 5.90e-01 6.12e-04 2.44e+00 3.17e+00 3.17e+00 3.17e+00 3.17e+00 3.17e+00
6.08e-01 4.96e-01 5.70e-03 5.00e-01 6.90e-03 9.66e-50 8.65e+00 4.90e+00 3.40e+00 3.40e+00 2.71e-01
5.91e-01 5.59e-01 1.55e-02 5.60e-01 1.55e-02 6.38e-01 1.84e+01 4.28e+00 2.25e+00 1.83e+00 1.47e-01
5.99e-01 4.67e-01 4.97e-02 4.70e-01 4.99e-02 8.73e-02 1.12e+02 9.40e+00 4.79e+00 2.28e+00 1.75e-01
5.81e-01 4.82e-01 7.94e-02 5.00e-01 8.13e-02 2.52e-04 5.58e+01 8.33e+00 3.51e+00 2.41e+00 2.89e-01
6.05e-01 5.40e-01 1.29e-03 5.40e-01 1.30e-03 1.55e-168 4.24e+00 4.17e+00 4.17e+00 4.17e+00 4.17e+00
5.96e-01 7.01e-01 2.71e-03 7.00e-01 2.78e-03 2.78e-99 1.09e-93 1.01e-01 1.01e-01 1.01e-01 7.62e-03
5.93e-01 5.20e-01 1.42e-03 5.20e-01 1.43e-03 1.32e-200 4.50e+00 4.40e+00 4.40e+00 4.40e+00 4.40e+00
5.89e-01 5.35e-01 1.28e-02 5.40e-01 1.37e-02 3.72e-04 1.49e+01 4.87e+00 2.54e+00 1.96e+00 1.96e-01
6.13e-01 6.31e-01 2.26e-03 6.30e-01 2.32e-03 2.25e-11 2.25e-11 2.24e-01 2.24e-01 2.24e-01 1.35e-02
5.98e-01 6.20e-01 6.91e-03 6.20e-01 6.92e-03 2.77e-02 2.80e-02 2.02e+00 7.82e-01 6.50e-01 6.50e-01
6.04e-01 5.55e-01 2.70e-02 5.50e-01 2.75e-02 1.43e+00 5.04e+01 6.91e+00 3.08e+00 1.75e+00 2.08e-01
5.95e-01 5.29e-01 2.31e-01 6.40e-01 2.56e-01 3.70e-26 4.78e-02 2.05e-01 2.05e-01 2.05e-01 4.65e-02
6.11e-01 5.71e-01 6.60e-03 5.70e-01 6.75e-03 2.00e-06 3.05e+00 1.83e+00 7.61e-01 7.61e-01 4.13e-01
6.01e-01 4.82e-01 3.74e-03 4.80e-01 4.09e-03 1.87e-67 1.40e+01 1.16e+01 1.16e+01 1.16e+01 2.40e+00
6.01e-01 6.38e-01 1.17e-02 6.40e-01 1.18e-02 2.52e-02 2.87e-02 1.75e+00 1.07e+00 4.75e-01 1.06e-01
5.78e-01 5.18e-02 3.84e-03 5.00e-02 4.23e-03 4.39e-47 2.30e+00 1.89e+00 1.89e+00 1.89e+00 4.18e-01
5.80e-01 4.49e-01 3.05e-02 4.50e-01 3.05e-02 4.22e-06 1.07e+02 1.34e+01 8.84e+00 4.59e+00 5.84e-01
5.93e-01 3.84e-01 9.32e-02 4.10e-01 9.66e-02 2.88e-04 4.97e+01 8.75e+00 3.30e+00 1.54e+00 1.40e-01
5.84e-01 3.28e-01 4.50e-03 3.30e-01 5.04e-03 2.11e-128 1.37e+01 1.03e+01 1.03e+01 3.30e+00 3.30e+00
5.79e-01 5.71e-01 7.77e-03 5.70e-01 7.80e-03 1.55e+00 5.15e+00 2.77e+00 1.36e+00 1.14e+00 1.53e-01
6.02e-01 5.12e-01 1.54e-02 5.10e-01 1.55e-02 5.02e-08 2.94e+01 6.93e+00 3.34e+00 2.68e+00 4.13e-01
5.96e-01 5.07e-01 4.34e-03 5.10e-01 5.02e-03 7.62e-158 7.32e-01 5.47e-01 5.47e-01 1.87e-01 1.87e-01
6.02e-01 5.80e-01 1.28e-03 5.80e-01 1.29e-03 7.53e-09 3.20e+00 3.15e+00 3.15e+00 3.15e+00 3.15e+00
5.99e-01 5.58e-01 6.00e-03 5.60e-01 6.33e-03 1.79e-06 3.47e+00 2.15e+00 9.92e-01 9.92e-01 3.23e-01
5.88e-01 6.19e-01 6.11e-03 6.20e-01 6.20e-03 3.30e-05 3.30e-05 5.96e-01 2.04e-01 2.04e-01 1.20e-01
5.92e-01 5.51e-01 4.01e-03 5.50e-01 4.04e-03 8.47e-14 4.03e+00 3.37e+00 3.37e+00 3.37e+00 2.20e-01
5.81e-01 6.34e-01 4.94e-03 6.30e-01 6.22e-03 4.78e-22 4.78e-22 2.78e-01 1.73e-01 1.73e-01 1.73e-01
5.90e-01 5.82e-01 1.11e-02 5.80e-01 1.13e-02 2.57e+00 8.11e+00 3.19e+00 1.79e+00 9.29e-01 1.44e-01
6.00e-01 6.15e-01 7.43e-03 6.10e-01 8.76e-03 3.07e-01 3.19e-01 1.69e+00 1.67e+00 1.67e+00 2.38e-01
