7.34e-01 7.42e-01 1.24e-02 7.40e-01 1.26e-02 3.13e-01 4.14e-01 5.26e-01 3.83e-01 1.90e-01 2.11e-02
7.35e-01 6.19e-01 1.41e-02 6.20e-01 1.41e-02 3.40e-08 1.09e+01 2.63e+00 1.24e+00 9.70e-01 7.82e-02
7.20e-01 6.39e-01 1.13e-02 6.40e-01 1.13e-02 1.16e-08 5.11e+00 1.86e+00 1.12e+00 4.02e-01 6.54e-02
7.07e-01 6.91e-01 3.28e-03 6.90e-01 3.42e-03 1.79e-02 6.22e-01 5.49e-01 5.49e-01 5.49e-01 6.90e-02
7.32e-01 7.09e-01 3.13e-03 7.10e-01 3.28e-03 1.70e-09 3.56e-01 3.18e-01 3.18e-01 3.18e-01 3.83e-02
6.95e-01 6.14e-01 7.57e-03 6.10e-01 8.55e-03 4.32e-14 5.50e+00 2.57e+00 2.08e+00 2.08e+00 3.23e-01
7.18e-01 7.45e-01 5.14e-03 7.50e-01 7.14e-03 1.96e-09 1.96e-09 5.08e-02 5.05e-02 5.05e-02 5.05e-02
7.18e-01 7.08e-01 5.43e-03 7.10e-01 5.84e-03 1.66e-01 9.30e-01 6.33e-01 6.33e-01 2.51e-01 5.72e-02
7.36e-01 8.05e-01 5.40e-03 8.00e-01 7.06e-03 3.18e-44 3.18e-44 2.64e-02 2.27e-02 2.27e-02 2.27e-02
7.03e-01 7.30e-01 9.52e-04 7.30e-01 9.53e-04 9.99e-11 9.99e-11 2.31e-01 2.31e-01 2.31e-01 2.31e-01
7.03e-01 6.26e-01 7.84e-03 6.30e-01 9.03e-03 4.35e-20 3.16e+00 1.43e+00 1.20e+00 2.87e-01 2.37e-01
7.13e-01 6.51e-01 2.90e-03 6.50e-01 2.97e-03 1.60e-70 2.61e+00 2.38e+00 2.38e+00 2.38e+00 2.04e-01
6.95e-01 7.00e-01 2.70e-03 7.00e-01 2.73e-03 2.29e-01 2.43e-01 4.23e-01 4.23e-01 4.23e-01 2.76e-02
7.10e-01 7.25e-01 6.45e-03 7.30e-01 7.87e-03 1.27e-02 1.29e-02 1.67e-01 1.38e-01 1.38e-01 1.34e-02
7.28e-01 8.05e-01 5.09e-03 8.10e-01 7.03e-03 2.54e-52 2.54e-52 2.31e-02 2.18e-02 2.18e-02 2.18e-02
7.34e-01 7.09e-01 2.53e-02 7.00e-01 2.69e-02 1.53e-01 1.48e+00 2.30e-01 1.16e-01 6.96e-02 1.14e-02
7.18e-01 6.44e-01 6.79e-03 6.40e-01 7.76e-03 4.26e-16 1.91e+00 9.97e-01 7.07e-01 7.07e-01 7.52e-02
7.03e-01 7.09e-01 3.43e-03 7.10e-01 3.56e-03 1.95e-01 2.15e-01 4.60e-01 4.60e-01 4.60e-01 6.01e-02
7.00e-01 6.80e-01 5.27e-04 6.80e-01 5.27e-04 4.24e-13 1.19e+00 1.19e+00 1.19e+00 1.19e+00 1.19e+00
7.26e-01 6.86e-01 5.60e-03 6.90e-01 6.96e-03 3.38e-10 2.57e-01 1.39e-01 1.09e-01 1.09e-01 7.00e-03
7.32e-01 7.46e-01 6.24e-03 7.50e-01 7.63e-03 9.46e-02 9.85e-02 3.97e-01 3.55e-01 3.55e-01 1.80e-02
7.28e-01 6.81e-01 3.52e-02 6.70e-01 3.68e-02 2.20e-02 1.45e+00 3.05e-01 1.41e-01 6.28e-02 6.78e-03
7.23e-01 6.03e-01 3.66e-02 6.00e-01 3.67e-02 8.50e-03 1.29e+01 1.26e+00 6.03e-01 3.99e-01 3.63e-02
7.14e-01 6.46e-01 6.59e-03 6.50e-01 7.64e-03 1.19e-20 3.99e-01 1.99e-01 1.62e-01 1.62e-01 1.10e-02
7.05e-01 6.46e-01 6.97e-03 6.50e-01 7.89e-03 1.88e-11 1.75e+00 8.58e-01 6.86e-01 6.86e-01 6.04e-02
7.20e-01 7.45e-01 5.12e-03 7.50e-01 6.98e-03 1.20e-09 1.20e-09 5.53e-02 5.09e-02 5.09e-02 5.09e-02
6.96e-01 6.47e-01 7.34e-03 6.50e-01 7.80e-03 8.98e-07 1.92e+00 9.65e-01 6.64e-01 6.64e-01 5.33e-02
7.19e-01 6.81e-01 3.04e-03 6.80e-01 3.18e-03 2.52e-14 2.40e-01 2.16e-01 2.16e-01 2.16e-01 2.39e-02
7.19e-01 6.27e-01 1.45e-02 6.20e-01 1.59e-02 5.89e-05 1.05e+01 2.79e+00 1.61e+00 6.83e-01 8.54e-02
7.32e-01 7.78e-01 5.10e-03 7.80e-01 5.57e-03 2.47e-17 2.47e-17 3.47e-02 3.47e-02 1.32e-02 2.26e-03
7.13e-01 6.74e-01 3.84e-02 6.60e-01 4.10e-02 2.31e-02 1.34e+00 2.82e-01 1.08e-01 6.43e-02 1.01e-02
7.26e-01 6.41e-01 2.14e-02 6.40e-01 2.14e-02 9.61e-03 1.45e+01 2.21e+00 1.01e+00 9.01e-01 8.45e-02
7.06e-01 7.31e-01 3.29e-03 7.30e-01 3.51e-03 2.07e-12 2.07e-12 2.89e-01 2.89e-01 2.89e-01 4.07e-02
7.27e-01 6.84e-01 7.98e-03 6.80e-01 8.85e-03 1.13e-05 2.50e+00 1.11e+00 9.37e-01 2.79e-01 1.56e-01
7.26e-01 6.72e-01 2.42e-02 6.70e-01 2.43e-02 5.90e-02 3.56e+00 5.70e-01 2.45e-01 1.53e-01 1.59e-02
7.00e-01 6.08e-01 4.14e-03 6.10e-01 4.49e-03 1.05e-29 3.49e-01 2.79e-01 2.79e-01 2.79e-01 6.59e-02
7.16e-01 6.92e-01 3.81e-03 6.90e-01 4.14e-03 2.27e-05 6.73e-01 5.58e-01 5.58e-01 5.58e-01 1.12e-01
7.17e-01 6.20e-01 7.03e-03 6.20e-01 7.04e-03 9.89e-36 3.50e+00 1.99e+00 7.72e-01 6.61e-01 6.01e-02
7.16e-01 6.44e-01 5.97e-03 6.40e-01 7.25e-03 5.44e-29 4.29e-01 2.17e-01 1.88e-01 1.88e-01 2.07e-02
7.04e-01 6.69e-01 1.00e-02 6.70e-01 1.01e-02 6.17e-03 3.39e+00 1.35e+00 7.78e-01 7.78e-01 1.56e-01
7.07e-01 7.12e-01 4.86e-03 7.10e-01 5.11e-03 4.19e-01 4.47e-01 5.83e-01 5.83e-01 1.64e-01 4.10e-02
7.16e-01 6.19e-01 8.69e-03 6.20e-01 8.70e-03 8.93e-19 4.50e+00 2.09e+00 1.02e+00 1.02e+00 1.15e-01
6.97e-01 6.05e-01 1.71e-02 6.10e-01 1.78e-02 1.53e-04 2.01e+01 4.60e+00 1.55e+00 1.50e+00 1.41e-01
7.10e-01 6.42e-01 7.71e-03 6.40e-01 7.95e-03 1.79e-16 4.31e-01 2.21e-01 1.24e-01 6.65e-02 1.66e-02
7.16e-01 8.43e-01 4.74e-03 8.40e-01 5.84e-03 5.93e-68 5.93e-68 2.10e-02 1.10e-02 1.10e-02 1.10e-02
7.32e-01 6.99e-01 2.26e-02 7.00e-01 2.26e-02 4.36e-01 6.28e+00 1.01e+00 4.76e-01 2.67e-01 5.23e-02
7.35e-01 6.35e-01 8.38e-03 6.30e-01 9.85e-03 2.45e-17 4.25e+00 1.73e+00 1.67e+00 4.09e-01 3.83e-01
7.22e-01 6.07e-01 1.78e-02 6.10e-01 1.80e-02 2.85e-05 2.13e+01 4.50e+00 2.01e+00 1.37e+00 1.74e-01
7.10e-01 7.25e-01 6.66e-03 7.30e-01 8.21e-03 1.73e-02 1.77e-02 1.65e-01 1.50e-01 1.50e-01 1.66e-02
6.96e-01 7.01e-01 4.86e-03 7.00e-01 4.95e-03 3.64e-01 3.98e-01 5.75e-01 5.75e-01 1.27e-01 5.78e-02
7.16e-01 6.80e-01 8.18e-03 6.80e-01 8.19e-03 3.51e-04 2.27e+00 1.11e+00 5.12e-01 5.12e-01 5.01e-02
7.24e-01 6.69e-01 4.41e-03 6.70e-01 4.66e-03 8.71e-30 7.89e-01 6.20e-01 6.20e-01 1.43e-01 2.80e-02
6.97e-01 7.02e-01 8.38e-03 7.00e-01 8.67e-03 9.55e-02 1.31e-01 1.15e-01 8.39e-02 4.69e-02 1.27e-02
7.04e-01 7.23e-01 5.01e-03 7.20e-01 5.64e-03 8.07e-03 8.08e-03 4.87e-01 4.87e-01 2.03e-01 2.20e-02
7.35e-01 6.45e-01 2.78e-02 6.40e-01 2.82e-02 1.42e-02 7.01e+00 8.92e-01 4.14e-01 2.31e-01 2.62e-02
7.12e-01 6.68e-01 4.56e-03 6.70e-01 4.96e-03 1.35e-16 2.76e-01 2.09e-01 2.09e-01 6.09e-02 7.35e-03
7.05e-01 7.44e-01 4.96e-03 7.40e-01 6.59e-03 8.36e-25 8.36e-25 5.69e-02 4.38e-02 4.38e-02 4.38e-02
7.31e-01 6.35e-01 6.69e-02 6.50e-01 6.86e-02 8.23e-01 4.54e+01 2.44e+00 1.08e+00 6.06e-01 7.98e-02
6.98e-01 7.32e-01 4.24e-03 7.30e-01 4.84e-03 1.21e-27 1.21e-27 1.69e-01 1.69e-01 5.17e-02 5.17e-02
7.26e-01 7.06e-01 1.20e-02 7.10e-01 1.26e-02 2.46e-01 2.42e+00 8.13e-01 4.49e-01 3.23e-01 8.98e-02
7.06e-01 6.41e-01 3.64e-03 6.40e-01 3.90e-03 2.34e-36 3.24e-01 2.75e-01 2.75e-01 2.75e-01 4.69e-02
6.93e-01 6.60e-01 8.53e-03 6.60e-01 8.53e-03 2.04e-03 2.16e+00 9.95e-01 4.95e-01 4.95e-01 5.50e-02
7.16e-01 6.10e-01 9.44e-04 6.10e-01 9.44e-04 1.98e-271 2.49e+00 2.46e+00 2.46e+00 2.46e+00 2.46e+00
6.95e-01 6.26e-01 7.05e-03 6.30e-01 7.89e-03 9.75e-19 4.74e-01 2.38e-01 1.76e-01 1.76e-01 1.91e-02
7.02e-01 6.60e-01 7.04e-03 6.60e-01 7.05e-03 3.38e-08 2.41e+00 1.37e+00 5.08e-01 4.88e-01 3.43e-02
7.09e-01 6.40e-01 1.50e-02 6.40e-01 1.50e-02 8.77e-04 7.68e+00 1.75e+00 8.65e-01 7.26e-01 8.54e-02
7.26e-01 7.07e-01 5.85e-03 7.10e-01 6.61e-03 2.12e-02 1.15e+00 6.88e-01 3.87e-01 3.87e-01 6.22e-02
7.10e-01 6.09e-01 8.94e-03 6.10e-01 8.96e-03 4.03e-06 4.99e+00 2.22e+00 1.17e+00 1.17e+00 1.45e-01
7.00e-01 6.32e-01 1.40e-02 6.30e-01 1.41e-02 6.24e-04 8.31e+00 1.99e+00 9.44e-01 6.62e-01 9.81e-02
7.40e-01 6.69e-01 1.45e-02 6.70e-01 1.45e-02 4.06e-05 8.89e-01 2.12e-01 1.93e-01 7.31e-02 5.62e-03
7.01e-01 6.43e-01 6.40e-03 6.40e-01 6.97e-03 5.38e-21 2.78e+00 1.57e+00 9.37e-01 9.37e-01 2.44e-01
7.03e-01 7.39e-01 2.49e-03 7.40e-01 2.54e-03 3.38e-16 3.38e-16 3.19e-01 3.19e-01 3.19e-01 2.09e-02
7.16e-01 6.22e-01 1.19e-02 6.20e-01 1.21e-02 2.13e-10 7.49e+00 2.02e+00 1.51e+00 7.82e-01 8.69e-02
7.09e-01 7.20e-01 1.64e-03 7.20e-01 1.66e-03 1.26e-04 1.26e-04 1.86e-01 1.86e-01 1.86e-01 1.86e-01
7.20e-01 7.45e-01 5.93e-03 7.40e-01 7.56e-03 2.02e-04 2.03e-04 1.35e-01 1.17e-01 1.17e-01 6.79e-03
7.38e-01 6.51e-01 4.42e-03 6.50e-01 4.54e-03 5.45e-20 2.50e-01 1.99e-01 1.99e-01 1.99e-01 1.30e-02
7.32e-01 7.32e-01 3.74e-03 7.30e-01 4.09e-03 3.23e-01 3.98e-01 3.82e-01 3.82e-01 3.82e-01 7.69e-02
6.97e-01 6.56e-01 2.58e-02 6.50e-01 2.64e-02 7.42e-01 1.53e+01 2.27e+00 1.00e+00 6.27e-01 6.27e-02
7.35e-01 6.65e-01 1.26e-02 6.70e-01 1.34e-02 6.02e-06 7.97e-01 2.38e-01 1.16e-01 1.16e-01 7.16e-03
7.28e-01 6.95e-01 8.30e-03 7.00e-01 9.60e-03 7.78e-04 8.73e-01 3.51e-01 3.48e-01 9.00e-02 7.94e-02
7.12e-01 6.36e-01 1.10e-02 6.40e-01 1.17e-02 1.16e-08 9.52e-01 3.22e-01 1.54e-01 1.18e-01 2.10e-02
7.35e-01 6.12e-01 4.33e-03 6.10e-01 5.00e-03 3.26e-302 4.22e+00 3.17e+00 3.17e+00 1.07e+00 1.07e+00
7.39e-01 6.71e-01 3.29e-02 6.70e-01 3.29e-02 8.99e-02 6.42e+00 7.35e-01 3.19e-01 2.06e-01 2.62e-02
7.23e-01 7.07e-01 6.59e-03 7.10e-01 7.22e-03 1.93e-02 3.41e-01 1.89e-01 1.16e-01 1.16e-01 8.53e-03
7.38e-01 6.94e-01 8.71e-03 6.90e-01 9.68e-03 2.33e-05 2.46e+00 9.88e-01 9.23e-01 2.98e-01 2.23e-01
7.31e-01 8.40e-01 4.40e-04 8.40e-01 4.40e-04 2.15e-24 2.15e-24 2.10e-02 2.10e-02 2.10e-02 2.10e-02
7.17e-01 6.29e-01 2.41e-02 6.30e-01 2.42e-02 2.67e-02 2.27e+01 3.23e+00 1.39e+00 9.60e-01 1.18e-01
7.37e-01 7.52e-01 3.82e-03 7.50e-01 4.20e-03 5.28e-06 5.28e-06 2.44e-02 2.44e-02 2.44e-02 5.28e-03
7.23e-01 7.62e-01 6.19e-03 7.60e-01 6.66e-03 5.20e-09 5.20e-09 5.90e-02 3.44e-02 3.44e-02 9.79e-03
7.19e-01 7.09e-01 3.59e-03 7.10e-01 3.84e-03 5.92e-02 4.62e-01 3.94e-01 3.94e-01 3.94e-01 6.54e-02
7.34e-01 6.25e-01 5.37e-03 6.20e-01 7.12e-03 1.93e-78 4.95e-01 2.57e-01 2.29e-01 2.29e-01 2.29e-01
7.04e-01 6.02e-01 1.51e-02 6.00e-01 1.52e-02 5.92e-07 1.80e+01 4.29e+00 2.26e+00 1.61e+00 1.70e-01
7.03e-01 7.00e-01 5.52e-03 7.00e-01 5.52e-03 5.61e-01 9.03e-01 7.09e-01 7.09e-01 1.57e-01 1.46e-01
7.27e-01 6.66e-01 5.59e-03 6.70e-01 6.85e-03 5.26e-24 1.81e+00 1.02e+00 7.23e-01 7.23e-01 4.61e-02
7.34e-01 7.77e-01 5.22e-03 7.80e-01 6.18e-03 5.19e-17 5.19e-17 3.45e-02 1.94e-02 1.94e-02 1.39e-03
7.14e-01 7.02e-01 4.41e-03 7.00e-01 4.99e-03 9.21e-02 6.75e-01 5.07e-01 5.07e-01 1.63e-01 1.63e-01
6.90e-01 5.94e-01 1.31e-02 6.00e-01 1.44e-02 8.21e-11 1.30e+01 3.69e+00 1.97e+00 1.97e+00 2.08e-01
7.15e-01 6.67e-01 6.25e-03 6.70e-01 7.11e-03 5.81e-12 4.79e-01 2.63e-01 1.78e-01 1.78e-01 3.17e-02
7.18e-01 6.11e-01 2.27e-02 6.10e-01 2.27e-02 1.40e-04 9.96e+00 1.52e+00 7.86e-01 3.93e-01 5.48e-02
7.22e-01 6.68e-01 1.36e-02 6.70e-01 1.37e-02 9.95e-04 4.66e+00 1.19e+00 6.13e-01 3.73e-01 9.32e-02
7.27e-01 6.59e-01 3.17e-02 6.70e-01 3.35e-02 1.13e-02 2.06e+00 3.12e-01 9.14e-02 7.81e-02 5.71e-03
7.25e-01 6.67e-01 1.27e-02 6.70e-01 1.31e-02 9.15e-05 4.25e+00 1.16e+00 6.04e-01 6.04e-01 5.03e-02
7.37e-01 6.51e-01 8.26e-03 6.50e-01 8.29e-03 1.26e-25 3.20e+00 1.53e+00 8.61e-01 6.54e-01 8.46e-02
7.30e-01 6.60e-01 7.23e-03 6.60e-01 7.24e-03 1.37e-23 2.44e+00 1.35e+00 5.50e-01 4.89e-01 4.08e-02
7.38e-01 7.03e-01 4.70e-03 7.00e-01 5.73e-03 8.02e-21 1.41e+00 9.47e-01 9.47e-01 4.66e-01 4.66e-01
7.15e-01 6.23e-01 2.24e-02 6.30e-01 2.36e-02 5.26e-04 1.67e+01 2.40e+00 1.49e+00 7.23e-01 8.85e-02
6.99e-01 6.95e-01 5.66e-03 7.00e-01 7.38e-03 6.98e-01 1.28e+00 7.05e-01 6.52e-01 6.52e-01 2.84e-02
7.25e-01 6.80e-01 1.51e-02 6.80e-01 1.51e-02 1.69e-02 4.65e+00 1.02e+00 5.52e-01 4.97e-01 3.64e-02
7.27e-01 6.45e-01 2.56e-02 6.40e-01 2.61e-02 1.64e-02 4.49e+00 6.53e-01 2.65e-01 2.15e-01 1.92e-02
7.04e-01 6.29e-01 2.90e-02 6.30e-01 2.90e-02 1.94e-01 2.75e+01 3.13e+00 1.51e+00 8.76e-01 1.19e-01
7.08e-01 6.71e-01 1.41e-02 6.70e-01 1.41e-02 1.32e-02 9.10e-01 2.11e-01 8.88e-02 7.63e-02 9.71e-03
7.25e-01 6.40e-01 3.15e-02 6.40e-01 3.15e-02 3.00e-02 9.17e+00 1.00e+00 4.78e-01 2.93e-01 4.46e-02
7.03e-01 6.35e-01 5.90e-03 6.40e-01 7.70e-03 1.96e-21 4.51e-01 2.17e-01 2.13e-01 2.13e-01 1.09e-02
7.12e-01 6.82e-01 3.99e-02 6.70e-01 4.18e-02 6.18e-01 7.69e+00 7.94e-01 3.74e-01 2.00e-01 2.56e-02
7.04e-01 6.31e-01 1.48e-02 6.30e-01 1.49e-02 5.22e-06 2.27e+00 5.00e-01 2.67e-01 2.30e-01 1.84e-02
7.00e-01 6.18e-01 1.22e-02 6.20e-01 1.23e-02 2.74e-07 1.47e+00 3.72e-01 3.10e-01 1.54e-01 1.68e-02
7.03e-01 6.23e-01 2.21e-02 6.20e-01 2.24e-02 4.53e-02 2.33e+01 3.96e+00 1.69e+00 1.26e+00 1.37e-01
7.14e-01 6.14e-01 2.53e-02 6.10e-01 2.56e-02 4.18e-03 1.65e+01 2.27e+00 1.00e+00 4.89e-01 9.50e-02
7.08e-01 5.95e-01 1.76e-02 5.90e-01 1.83e-02 1.00e-05 1.26e+01 2.20e+00 1.11e+00 1.08e+00 1.38e-01
6.96e-01 1.62e-01 3.33e-02 1.80e-01 3.78e-02 2.50e-14 3.64e+01 4.76e+00 1.68e+00 1.00e+00 1.75e-01
7.09e-01 6.49e-01 3.37e-02 6.40e-01 3.48e-02 8.13e-01 2.97e+01 2.95e+00 1.36e+00 7.93e-01 1.48e-01
7.04e-01 6.42e-01 1.38e-02 6.40e-01 1.40e-02 1.61e-03 6.95e+00 1.57e+00 7.59e-01 5.72e-01 8.32e-02
7.04e-01 6.36e-01 2.45e-02 6.40e-01 2.49e-02 2.77e-02 7.54e+00 1.07e+00 4.52e-01 2.26e-01 3.67e-02
7.06e-01 5.07e-01 1.31e-01 5.70e-01 1.45e-01 9.21e-02 3.05e+01 1.14e+00 3.69e-01 1.97e-01 2.46e-02
7.33e-01 6.00e-01 8.34e-02 6.20e-01 8.57e-02 1.99e-01 2.81e+01 1.54e+00 6.05e-01 2.93e-01 2.83e-02
7.72e-01 7.47e-01 4.57e-03 7.50e-01 5.37e-03 6.30e-09 3.50e-01 2.49e-01 2.49e-01 1.00e-01 1.00e-01
7.43e-01 6.56e-01 1.33e-02 6.60e-01 1.40e-02 3.74e-07 1.20e+00 3.23e-01 1.76e-01 6.67e-02 1.40e-02
7.54e-01 6.21e-01 1.04e-02 6.20e-01 1.05e-02 1.23e-10 6.39e+00 2.59e+00 1.41e+00 1.41e+00 2.35e-01
7.68e-01 7.23e-01 6.44e-03 7.20e-01 7.27e-03 1.42e-09 3.43e-01 1.81e-01 1.31e-01 1.31e-01 2.55e-02
7.57e-01 7.22e-01 8.76e-03 7.20e-01 9.09e-03 8.08e-04 1.38e+00 5.87e-01 4.60e-01 2.24e-01 2.95e-02
7.38e-01 6.71e-01 3.95e-03 6.70e-01 4.06e-03 1.09e-26 1.98e-01 1.65e-01 1.65e-01 1.65e-01 7.47e-03
7.65e-01 8.50e-01 1.97e-05 8.50e-01 1.97e-05 4.09e-93 4.09e-93 1.83e-02 1.83e-02 1.83e-02 1.83e-02
7.80e-01 6.48e-01 1.48e-02 6.40e-01 1.67e-02 4.03e-17 6.79e+00 1.78e+00 9.98e-01 5.32e-01 7.60e-02
7.69e-01 6.57e-01 1.71e-02 6.50e-01 1.87e-02 6.30e-11 7.83e+00 1.62e+00 7.45e-01 5.15e-01 9.19e-02
7.52e-01 7.34e-01 1.24e-02 7.30e-01 1.32e-02 2.63e-01 1.99e+00 6.23e-01 2.99e-01 2.99e-01 1.91e-02
7.71e-01 6.89e-01 5.16e-03 6.90e-01 5.21e-03 1.60e-20 1.03e+00 7.59e-01 7.59e-01 1.76e-01 9.92e-02
7.42e-01 6.68e-01 8.49e-03 6.70e-01 8.64e-03 2.96e-18 2.76e+00 1.28e+00 7.89e-01 5.19e-01 5.13e-02
7.76e-01 7.40e-01 2.42e-03 7.40e-01 2.45e-03 1.94e-15 8.49e-02 7.98e-02 7.98e-02 7.98e-02 4.41e-03
7.68e-01 6.67e-01 4.73e-03 6.70e-01 5.74e-03 4.02e-57 2.46e-01 1.65e-01 1.65e-01 8.13e-02 8.13e-02
7.50e-01 6.90e-01 5.64e-03 6.90e-01 5.64e-03 1.74e-28 1.73e-01 1.20e-01 1.20e-01 2.71e-02 2.65e-02
7.68e-01 6.92e-01 1.40e-02 6.90e-01 1.42e-02 5.29e-07 3.64e+00 9.05e-01 5.05e-01 2.95e-01 8.00e-02
7.72e-01 8.20e-02 2.56e-02 8.00e-02 2.57e-02 7.02e-11 1.93e+01 3.01e+00 1.21e+00 6.91e-01 1.68e-01
7.75e-01 6.82e-01 1.30e-02 6.80e-01 1.31e-02 3.80e-05 1.78e+00 1.04e+00 3.39e-01 3.39e-01 3.13e-02
7.81e-01 6.80e-01 3.71e-02 6.70e-01 3.84e-02 3.38e-02 6.63e+00 6.90e-01 2.90e-01 1.68e-01 2.04e-02
7.66e-01 8.42e-01 3.72e-03 8.40e-01 4.05e-03 6.89e-12 6.93e-12 2.10e-02 2.10e-02 2.10e-02 4.12e-03
7.57e-01 6.58e-01 2.13e-02 6.60e-01 2.14e-02 5.42e-04 3.75e+00 6.04e-01 2.85e-01 2.09e-01 1.83e-02
7.82e-01 7.21e-01 2.21e-02 7.20e-01 2.21e-02 4.23e-03 1.18e+00 1.96e-01 8.23e-02 7.55e-02 1.13e-02
7.81e-01 7.72e-01 3.70e-03 7.70e-01 4.01e-03 7.31e-03 5.13e-02 4.31e-02 4.31e-02 4.31e-02 8.23e-03
7.41e-01 7.09e-01 3.02e-03 7.10e-01 3.16e-03 5.92e-20 3.84e-01 3.46e-01 3.46e-01 3.46e-01 3.82e-02
7.54e-01 7.06e-01 1.33e-02 7.10e-01 1.38e-02 5.21e-04 2.74e+00 6.90e-01 3.59e-01 1.59e-01 3.34e-02
7.73e-01 6.68e-01 2.87e-02 6.50e-01 3.39e-02 1.23e-04 1.48e+01 1.63e+00 8.89e-01 5.84e-01 6.28e-02
7.75e-01 7.11e-01 1.66e-02 7.10e-01 1.66e-02 7.93e-05 3.74e+00 8.69e-01 5.29e-01 1.72e-01 3.17e-02
7.41e-01 1.99e-01 1.83e-02 2.00e-01 1.83e-02 8.19e-12 2.03e+01 4.17e+00 2.38e+00 8.60e-01 8.35e-01
7.60e-01 7.80e-01 1.14e-03 7.80e-01 1.14e-03 5.02e-06 5.02e-06 3.07e-02 3.07e-02 3.07e-02 3.07e-02
7.57e-01 6.66e-01 4.99e-03 6.70e-01 6.19e-03 1.31e-39 2.66e-01 1.65e-01 9.96e-02 9.96e-02 9.96e-02
7.37e-01 6.69e-01 8.28e-03 6.70e-01 8.30e-03 3.87e-10 3.56e-01 1.70e-01 9.24e-02 7.53e-02 8.56e-03
7.43e-01 6.59e-01 1.27e-02 6.60e-01 1.28e-02 1.78e-07 9.88e-01 2.45e-01 1.07e-01 7.38e-02 1.57e-02
7.51e-01 6.21e-01 9.61e-03 6.20e-01 9.63e-03 7.27e-19 6.01e+00 2.53e+00 1.40e+00 1.40e+00 2.29e-01
7.61e-01 7.29e-01 3.99e-03 7.30e-01 4.07e-03 1.44e-11 1.29e-01 1.08e-01 1.08e-01 1.08e-01 5.41e-03
7.78e-01 7.71e-01 2.62e-03 7.70e-01 2.72e-03 1.07e-02 4.17e-02 3.92e-02 3.92e-02 3.92e-02 3.15e-03
7.75e-01 6.60e-01 2.14e-03 6.60e-01 2.14e-03 5.27e-207 1.92e+00 1.84e+00 1.84e+00 1.84e+00 5.53e-02
7.48e-01 5.70e-01 3.70e-04 5.70e-01 3.70e-04 1.82e-68 2.22e+00 2.22e+00 2.22e+00 2.22e+00 2.22e+00
7.41e-01 6.90e-01 2.31e-03 6.90e-01 2.32e-03 8.20e-42 4.00e-01 3.79e-01 3.79e-01 3.79e-01 1.52e-02
7.83e-01 6.96e-01 1.46e-02 7.00e-01 1.52e-02 3.32e-07 3.46e+00 8.53e-01 5.14e-01 2.48e-01 5.05e-02
7.45e-01 6.98e-01 2.01e-02 7.00e-01 2.02e-02 5.00e-02 5.50e+00 9.42e-01 4.03e-01 3.10e-01 3.27e-02
7.79e-01 6.42e-01 1.32e-02 6.40e-01 1.33e-02 1.38e-16 6.25e+00 1.48e+00 1.36e+00 4.64e-01 7.07e-02
7.65e-01 7.69e-01 7.58e-03 7.70e-01 7.69e-03 3.28e-02 4.01e-02 5.23e-02 5.23e-02 1.29e-02 6.84e-03
7.52e-01 6.63e-01 1.10e-02 6.60e-01 1.15e-02 1.65e-15 3.42e+00 1.18e+00 6.67e-01 3.99e-01 7.74e-02
7.80e-01 7.80e-01 1.10e-03 7.80e-01 1.10e-03 1.48e-02 1.52e-02 1.50e-02 1.50e-02 1.50e-02 1.50e-02
7.49e-01 8.50e-01 1.33e-03 8.50e-01 1.34e-03 1.55e-87 1.55e-87 1.31e-02 1.31e-02 1.31e-02 1.31e-02
7.47e-01 6.88e-01 1.45e-02 6.90e-01 1.47e-02 4.18e-04 6.36e-01 1.68e-01 8.77e-02 5.16e-02 1.72e-02
7.63e-01 6.76e-01 7.68e-03 6.80e-01 8.65e-03 3.27e-17 3.29e-01 1.51e-01 1.25e-01 3.25e-02 2.04e-02
7.82e-01 8.41e-01 2.46e-03 8.40e-01 2.55e-03 1.48e-21 1.61e-21 2.10e-02 2.10e-02 2.10e-02 1.48e-03
7.41e-01 7.08e-01 1.26e-02 7.10e-01 1.28e-02 1.68e-02 2.54e+00 6.36e-01 5.30e-01 2.97e-01 2.04e-02
7.42e-01 7.97e-01 4.73e-03 8.00e-01 5.80e-03 1.30e-45 1.30e-45 2.10e-02 1.08e-02 1.08e-02 1.08e-02
7.82e-01 7.24e-01 1.68e-02 7.30e-01 1.78e-02 1.50e-03 3.25e+00 7.36e-01 2.45e-01 2.33e-01 3.56e-02
7.59e-01 6.99e-01 1.65e-02 7.00e-01 1.65e-02 3.66e-04 4.32e+00 9.14e-01 5.06e-01 2.32e-01 3.10e-02
7.74e-01 7.70e-01 2.78e-03 7.70e-01 2.82e-03 3.22e-02 6.18e-02 5.75e-02 5.75e-02 5.75e-02 4.04e-03
7.69e-01 8.41e-01 2.40e-03 8.40e-01 2.48e-03 1.36e-28 1.36e-28 2.10e-02 2.10e-02 2.10e-02 1.48e-03
7.63e-01 6.86e-01 5.97e-03 6.90e-01 6.94e-03 8.15e-17 2.50e-01 1.36e-01 9.83e-02 9.83e-02 1.43e-02
7.68e-01 1.19e-01 3.65e-02 1.00e-01 4.10e-02 2.23e-19 3.25e+01 3.17e+00 1.45e+00 8.01e-01 1.33e-01
7.52e-01 6.51e-01 6.59e-03 6.50e-01 6.66e-03 1.04e-20 2.39e+00 1.42e+00 5.92e-01 5.92e-01 3.64e-01
7.40e-01 6.71e-01 1.40e-02 6.70e-01 1.41e-02 1.41e-04 1.05e+00 2.51e-01 9.85e-02 9.38e-02 1.27e-02
7.72e-01 6.73e-01 1.87e-02 6.70e-01 1.89e-02 2.61e-05 2.26e+00 4.40e-01 2.30e-01 1.42e-01 2.59e-02
7.71e-01 7.27e-01 5.49e-03 7.30e-01 6.29e-03 1.98e-14 1.71e-01 1.08e-01 5.57e-02 5.57e-02 6.49e-03
7.70e-01 8.79e-01 3.48e-03 8.80e-01 3.73e-03 5.76e-113 5.76e-113 8.31e-03 8.31e-03 8.31e-03 1.34e-03
7.76e-01 7.06e-01 9.91e-03 7.10e-01 1.08e-02 7.67e-09 2.54e-01 1.11e-01 1.09e-01 1.09e-01 1.50e-02
7.70e-01 5.97e-01 1.25e-01 6.40e-01 1.32e-01 3.25e-04 1.08e+01 1.26e+00 6.06e-01 3.46e-01 4.33e-02
7.53e-01 7.63e-01 5.79e-03 7.60e-01 6.57e-03 2.37e-02 2.53e-02 7.31e-02 4.19e-02 4.19e-02 6.25e-03
7.53e-01 7.73e-01 6.12e-03 7.70e-01 6.77e-03 7.31e-04 7.42e-04 5.23e-02 5.23e-02 2.24e-02 2.63e-03
7.63e-01 6.34e-01 6.51e-03 6.30e-01 7.88e-03 3.73e-173 6.42e+00 2.96e+00 2.92e+00 2.92e+00 1.79e-01
7.72e-01 7.90e-01 5.05e-03 7.90e-01 5.06e-03 5.68e-03 5.72e-03 1.75e-01 1.75e-01 3.07e-02 2.81e-02
7.47e-01 7.40e-01 1.08e-03 7.40e-01 1.08e-03 1.34e-02 4.39e-02 4.35e-02 4.35e-02 4.35e-02 4.35e-02
7.40e-01 6.21e-01 2.96e-02 6.20e-01 2.96e-02 1.04e-02 3.36e+01 3.83e+00 1.72e+00 9.70e-01 1.21e-01
7.48e-01 7.45e-01 4.98e-03 7.40e-01 6.72e-03 5.66e-02 1.11e-01 6.63e-02 5.47e-02 5.47e-02 5.47e-02
7.39e-01 7.10e-01 3.34e-03 7.10e-01 3.34e-03 7.92e-08 9.11e-02 8.10e-02 8.10e-02 8.10e-02 4.88e-03
7.61e-01 7.19e-01 1.33e-02 7.20e-01 1.33e-02 3.10e-03 2.65e+00 6.17e-01 2.76e-01 2.24e-01 4.01e-02
7.69e-01 8.46e-01 5.65e-03 8.50e-01 6.87e-03 1.34e-48 3.42e-43 7.16e-02 5.11e-02 5.11e-02 3.96e-03
7.57e-01 7.18e-01 4.95e-03 7.20e-01 5.30e-03 8.22e-11 1.22e-01 8.83e-02 8.83e-02 2.80e-02 5.77e-03
7.56e-01 6.87e-01 2.23e-02 6.80e-01 2.35e-02 7.19e-03 1.95e+00 3.00e-01 1.83e-01 7.63e-02 1.27e-02
7.72e-01 8.76e-01 4.90e-03 8.80e-01 6.32e-03 3.12e-137 3.12e-137 8.31e-03 5.55e-03 5.55e-03 5.55e-03
7.35e-01 7.07e-01 4.90e-03 7.10e-01 5.70e-03 4.11e-08 1.59e-01 1.10e-01 1.10e-01 4.60e-02 4.60e-02
7.70e-01 6.95e-01 3.07e-02 6.90e-01 3.11e-02 2.75e-02 4.06e+00 4.36e-01 1.88e-01 1.07e-01 1.83e-02
7.79e-01 6.51e-01 2.81e-03 6.50e-01 2.92e-03 9.16e-306 1.82e+00 1.66e+00 1.66e+00 1.66e+00 1.50e-01
7.64e-01 7.33e-01 5.52e-03 7.30e-01 6.46e-03 5.68e-06 7.29e-01 4.46e-01 2.53e-01 2.53e-01 2.47e-02
7.67e-01 8.50e-01 2.55e-05 8.50e-01 2.55e-05 6.14e-93 6.14e-93 1.83e-02 1.83e-02 1.83e-02 1.83e-02
7.64e-01 7.32e-01 4.34e-03 7.30e-01 4.75e-03 2.84e-09 5.17e-01 4.01e-01 4.01e-01 1.09e-01 1.09e-01
7.78e-01 6.55e-01 4.99e-03 6.60e-01 6.81e-03 6.26e-291 1.19e+00 6.41e-01 5.54e-01 5.54e-01 5.54e-01
7.82e-01 8.07e-01 7.52e-03 8.10e-01 8.20e-03 4.37e-04 4.37e-04 2.68e-02 2.30e-02 2.30e-02 2.02e-03
7.70e-01 7.13e-01 2.59e-02 7.10e-01 2.60e-02 1.32e-02 1.59e+00 2.38e-01 1.12e-01 5.79e-02 7.90e-03
7.60e-01 7.16e-01 4.88e-03 7.20e-01 6.12e-03 3.18e-17 4.50e-01 2.83e-01 1.66e-01 1.66e-01 1.66e-01
7.85e-01 7.30e-01 1.71e-02 7.30e-01 1.71e-02 4.62e-03 3.22e+00 6.58e-01 3.57e-01 1.59e-01 4.36e-02
7.70e-01 8.40e-01 2.04e-03 8.40e-01 2.05e-03 3.28e-14 3.28e-14 2.10e-02 2.10e-02 2.10e-02 6.34e-04
7.80e-01 6.77e-01 7.09e-03 6.80e-01 7.89e-03 3.74e-14 2.18e+00 1.10e+00 7.89e-01 7.89e-01 8.83e-02
7.53e-01 8.08e-01 4.15e-03 8.10e-01 4.68e-03 1.37e-41 1.37e-41 3.59e-02 3.59e-02 1.01e-02 1.01e-02
7.54e-01 7.20e-01 6.31e-03 7.20e-01 6.32e-03 8.22e-06 9.84e-01 6.18e-01 1.99e-01 1.61e-01 1.61e-01
7.52e-01 7.20e-01 5.07e-03 7.20e-01 5.09e-03 5.02e-12 1.25e-01 9.31e-02 9.31e-02 1.92e-02 1.31e-02
7.36e-01 7.11e-01 9.35e-03 7.10e-01 9.38e-03 2.74e-02 1.55e+00 6.58e-01 3.24e-01 3.24e-01 6.28e-02
7.71e-01 8.19e-02 2.45e-02 8.00e-02 2.46e-02 3.41e-10 1.85e+01 2.76e+00 1.39e+00 6.61e-01 1.19e-01
7.75e-01 7.05e-01 1.33e-02 7.10e-01 1.44e-02 1.44e-07 2.80e+00 7.63e-01 4.26e-01 1.60e-01 4.10e-02
7.45e-01 6.70e-01 9.98e-03 6.70e-01 9.99e-03 1.63e-08 4.79e-01 1.92e-01 1.16e-01 1.16e-01 2.32e-02
7.81e-01 7.45e-01 6.43e-03 7.40e-01 8.26e-03 1.31e-07 2.50e-01 1.16e-01 1.15e-01 1.15e-01 8.73e-03
7.77e-01 8.76e-01 1.80e-02 8.80e-01 1.85e-02 2.47e-06 2.86e-06 6.68e-02 3.11e-02 2.60e-02 3.25e-03
7.68e-01 7.11e-01 1.82e-02 7.10e-01 1.82e-02 2.18e-04 5.65e-01 1.24e-01 6.41e-02 2.68e-02 4.93e-03
7.81e-01 7.03e-01 1.39e-02 7.00e-01 1.42e-02 3.14e-06 4.96e-01 1.21e-01 6.05e-02 3.17e-02 5.29e-03
7.61e-01 7.59e-01 1.02e-02 7.60e-01 1.02e-02 3.41e-01 5.44e-01 3.77e-01 1.46e-01 1.08e-01 1.08e-01
7.67e-01 8.18e-01 4.26e-03 8.20e-01 4.85e-03 7.74e-36 7.74e-36 4.60e-02 4.60e-02 1.41e-02 1.41e-02
7.45e-01 7.40e-01 2.00e-03 7.40e-01 2.04e-03 5.47e-02 9.99e-02 9.78e-02 9.78e-02 9.78e-02 4.43e-03
7.78e-01 7.25e-01 2.91e-02 7.20e-01 2.95e-02 8.13e-04 6.38e-01 1.23e-01 7.96e-02 3.41e-02 4.26e-03
7.37e-01 6.74e-01 1.85e-02 6.70e-01 1.88e-02 2.19e-03 6.57e+00 1.06e+00 5.57e-01 3.02e-01 5.25e-02
7.65e-01 7.08e-01 8.13e-03 7.10e-01 8.30e-03 1.85e-10 1.68e+00 8.13e-01 4.82e-01 3.02e-01 6.94e-02
7.64e-01 7.70e-01 8.37e-04 7.70e-01 8.37e-04 1.74e-02 1.74e-02 3.94e-02 3.94e-02 3.94e-02 3.94e-02
7.81e-01 8.61e-01 3.23e-03 8.60e-01 3.44e-03 1.79e-120 1.79e-120 1.59e-02 1.59e-02 1.59e-02 2.15e-03
7.81e-01 7.25e-01 5.85e-03 7.30e-01 7.65e-03 7.14e-21 3.15e-01 1.57e-01 1.44e-01 1.44e-01 8.68e-03
7.80e-01 8.40e-01 8.33e-04 8.40e-01 8.36e-04 2.84e-10 3.32e-10 2.10e-02 2.10e-02 2.10e-02 2.10e-02
7.80e-01 8.17e-01 7.68e-03 8.20e-01 8.18e-03 2.08e-07 2.08e-07 2.52e-02 1.84e-02 7.73e-03 2.41e-03
7.69e-01 8.95e-02 2.04e-02 8.00e-02 2.25e-02 1.44e-08 2.26e+01 4.87e+00 1.94e+00 1.13e+00 1.62e-01
7.67e-01 6.79e-01 3.52e-03 6.80e-01 3.71e-03 4.76e-14 1.74e-01 1.50e-01 1.50e-01 1.50e-01 2.26e-02
7.58e-01 7.27e-01 6.26e-03 7.30e-01 6.93e-03 5.00e-05 5.63e-01 3.37e-01 1.76e-01 1.76e-01 1.52e-02
7.51e-01 6.00e-01 3.40e-03 6.00e-01 3.41e-03 9.61e-118 3.99e+00 3.53e+00 3.53e+00 3.53e+00 2.13e-01
7.42e-01 6.64e-01 2.33e-02 6.60e-01 2.36e-02 8.12e-03 1.14e+01 1.76e+00 7.23e-01 6.09e-01 1.14e-01
7.82e-01 7.21e-01 3.81e-03 7.20e-01 3.96e-03 5.96e-40 4.14e-01 3.49e-01 3.49e-01 3.49e-01 5.62e-02
7.76e-01 8.50e-01 1.22e-03 8.50e-01 1.22e-03 4.14e-31 4.14e-31 1.83e-02 1.83e-02 1.83e-02 1.83e-02
7.75e-01 7.07e-01 1.02e-02 7.10e-01 1.05e-02 1.26e-10 2.23e+00 8.68e-01 4.27e-01 4.27e-01 3.05e-02
7.77e-01 7.28e-01 2.61e-02 7.40e-01 2.88e-02 2.91e-06 8.22e-01 4.13e-01 1.81e-01 9.14e-02 8.30e-03
7.47e-01 7.12e-01 1.40e-02 7.10e-01 1.42e-02 2.72e-02 2.82e+00 7.90e-01 4.09e-01 2.03e-01 6.36e-02
7.43e-01 7.06e-01 5.65e-03 7.10e-01 7.17e-03 2.04e-13 2.04e-01 1.15e-01 8.25e-02 8.25e-02 5.19e-03
7.71e-01 8.19e-01 3.35e-03 8.20e-01 3.56e-03 1.91e-26 1.91e-26 3.64e-02 3.64e-02 3.64e-02 5.31e-03
7.80e-01 6.54e-01 3.25e-02 6.30e-01 4.05e-02 5.16e-08 2.59e+00 3.40e-01 1.58e-01 1.18e-01 1.71e-02
7.67e-01 7.06e-01 6.72e-03 7.10e-01 7.71e-03 1.71e-17 1.44e+00 7.56e-01 5.36e-01 5.36e-01 5.70e-02
7.52e-01 6.98e-01 1.59e-02 7.00e-01 1.60e-02 3.32e-04 3.94e+00 8.64e-01 4.19e-01 4.19e-01 8.18e-02
7.75e-01 6.30e-01 6.79e-03 6.30e-01 6.79e-03 1.47e-196 4.36e+00 2.51e+00 9.20e-01 8.94e-01 8.94e-01
7.54e-01 7.26e-01 9.24e-03 7.30e-01 1.02e-02 7.44e-03 1.44e+00 5.98e-01 4.78e-01 1.80e-01 2.11e-02
7.37e-01 6.76e-01 7.89e-03 6.80e-01 9.08e-03 1.47e-08 3.61e-01 1.51e-01 1.50e-01 3.33e-02 2.50e-02
7.80e-01 7.79e-01 3.41e-03 7.80e-01 3.66e-03 2.00e-02 2.42e-02 2.09e-02 2.09e-02 2.09e-02 3.26e-03
7.49e-01 6.69e-01 9.31e-03 6.70e-01 9.38e-03 2.03e-05 4.10e-01 1.76e-01 8.15e-02 8.15e-02 1.42e-02
7.37e-01 7.12e-01 4.05e-03 7.10e-01 4.52e-03 3.35e-06 4.08e-01 3.25e-01 3.25e-01 3.25e-01 8.33e-02
7.47e-01 7.26e-01 1.40e-02 7.30e-01 1.46e-02 2.27e-01 2.32e+00 6.06e-01 2.98e-01 2.98e-01 2.67e-02
7.78e-01 7.59e-01 2.43e-02 7.60e-01 2.43e-02 3.39e-01 2.74e+00 4.72e-01 2.68e-01 1.24e-01 1.73e-02
7.71e-01 7.76e-01 4.89e-03 7.80e-01 6.15e-03 2.21e-02 2.38e-02 3.46e-02 2.10e-02 2.10e-02 2.10e-02
7.54e-01 7.20e-01 9.02e-03 7.20e-01 9.02e-03 6.20e-04 1.35e+00 5.94e-01 3.22e-01 3.22e-01 4.18e-02
7.42e-01 6.32e-01 4.22e-03 6.30e-01 4.80e-03 6.42e-13 3.07e-01 2.37e-01 2.37e-01 7.13e-02 7.13e-02
7.81e-01 7.32e-01 2.99e-02 7.30e-01 2.99e-02 1.05e-02 8.60e-01 1.33e-01 7.11e-02 5.25e-02 4.85e-03
7.76e-01 7.20e-01 5.44e-03 7.20e-01 5.44e-03 1.46e-18 1.30e-01 9.22e-02 9.22e-02 1.95e-02 1.81e-02
7.47e-01 7.16e-01 2.45e-02 7.20e-01 2.48e-02 4.53e-01 5.57e+00 8.79e-01 3.73e-01 1.89e-01 2.98e-02
7.66e-01 7.15e-01 7.49e-03 7.20e-01 9.13e-03 5.85e-10 1.64e+00 7.03e-01 6.96e-01 6.96e-01 1.10e-01
7.47e-01 6.91e-01 1.45e-02 6.90e-01 1.45e-02 8.90e-05 3.79e+00 9.15e-01 4.81e-01 3.57e-01 3.62e-02
7.73e-01 7.83e-01 7.34e-03 7.80e-01 8.12e-03 3.67e-02 4.21e-02 8.11e-02 6.03e-02 6.03e-02 7.33e-03
7.71e-01 7.70e-01 1.50e-03 7.70e-01 1.51e-03 3.71e-02 4.00e-02 3.98e-02 3.98e-02 3.98e-02 3.98e-02
7.80e-01 7.35e-01 1.22e-02 7.30e-01 1.32e-02 9.64e-04 1.91e+00 5.76e-01 2.83e-01 2.83e-01 7.68e-02
7.47e-01 6.58e-01 1.87e-02 6.60e-01 1.88e-02 3.25e-04 2.47e+00 4.86e-01 2.55e-01 1.67e-01 1.92e-02
7.57e-01 7.21e-01 3.26e-03 7.20e-01 3.40e-03 6.97e-10 1.19e+00 1.05e+00 1.05e+00 1.05e+00 1.27e-01
7.77e-01 7.77e-01 7.14e-03 7.80e-01 7.84e-03 9.30e-02 1.58e-01 9.63e-02 8.47e-02 8.47e-02 4.36e-03
7.58e-01 6.54e-01 1.24e-02 6.50e-01 1.31e-02 1.48e-06 4.79e+00 1.59e+00 8.65e-01 6.09e-01 4.00e-02
7.46e-01 7.35e-01 5.47e-03 7.40e-01 7.12e-03 4.92e-02 2.43e-01 1.28e-01 1.11e-01 1.11e-01 4.49e-03
7.38e-01 7.12e-01 3.97e-03 7.10e-01 4.42e-03 9.81e-08 4.53e-01 3.65e-01 3.65e-01 3.65e-01 8.98e-02
7.74e-01 8.78e-01 4.27e-03 8.80e-01 4.87e-03 4.20e-106 4.20e-106 8.32e-03 8.32e-03 2.59e-03 2.59e-03
7.45e-01 7.16e-01 1.26e-02 7.20e-01 1.31e-02 6.48e-02 2.33e+00 6.27e-01 4.46e-01 2.99e-01 1.84e-02
7.47e-01 6.66e-01 9.44e-03 6.70e-01 1.03e-02 2.91e-10 4.92e-01 1.86e-01 1.79e-01 6.55e-02 9.36e-03
7.68e-01 7.32e-01 3.86e-02 7.30e-01 3.86e-02 3.10e-02 1.00e+00 1.50e-01 6.00e-02 5.22e-02 4.35e-03
7.37e-01 6.26e-01 1.08e-02 6.20e-01 1.22e-02 2.48e-12 6.79e+00 2.28e+00 9.96e-01 8.82e-01 1.26e-01
7.46e-01 7.18e-01 4.31e-03 7.20e-01 4.89e-03 2.77e-09 4.95e-01 3.77e-01 3.77e-01 1.17e-01 1.17e-01
7.48e-01 6.34e-01 1.54e-02 6.30e-01 1.59e-02 1.03e-07 9.63e+00 2.23e+00 1.29e+00 7.34e-01 1.67e-01
7.70e-01 7.40e-01 3.70e-03 7.40e-01 3.70e-03 1.13e-10 3.42e-01 2.95e-01 2.95e-01 2.95e-01 2.37e-02
7.79e-01 6.76e-01 2.25e-02 6.70e-01 2.32e-02 2.55e-04 3.28e+00 5.08e-01 2.74e-01 1.55e-01 2.13e-02
7.80e-01 6.95e-01 1.01e-02 6.90e-01 1.12e-02 1.01e-15 2.68e-01 1.36e-01 1.17e-01 1.17e-01 6.15e-03
7.58e-01 7.22e-01 9.91e-03 7.20e-01 1.02e-02 2.05e-03 1.83e+00 6.89e-01 3.15e-01 3.15e-01 6.93e-02
7.77e-01 7.24e-01 8.08e-03 7.20e-01 9.05e-03 2.48e-08 6.48e-01 2.80e-01 2.48e-01 7.04e-02 4.50e-02
