6.01e-01 4.72e-01 8.58e-02 4.60e-01 8.66e-02 2.12e-02 1.31e+01 1.26e+00 5.11e-01 2.85e-01 6.01e-02
6.10e-01 4.79e-01 1.24e-02 4.80e-01 1.24e-02 6.16e-21 2.55e+01 6.38e+00 5.63e+00 2.34e+00 3.34e-01
6.02e-01 6.02e-01 4.79e-03 6.00e-01 5.08e-03 2.99e-01 4.04e-01 3.59e-01 3.59e-01 1.03e-01 2.16e-02
5.93e-01 5.63e-01 4.80e-03 5.60e-01 5.92e-03 8.68e-09 2.75e+00 1.79e+00 9.61e-01 9.61e-01 9.61e-01
6.09e-01 6.16e-01 1.77e-02 6.20e-01 1.81e-02 2.04e+00 4.50e+00 2.13e+00 9.14e-01 7.78e-01 9.02e-02
5.76e-01 6.50e-01 2.81e-03 6.50e-01 2.84e-03 8.06e-56 8.06e-56 1.82e-01 1.82e-01 1.82e-01 1.28e-02
6.07e-01 5.23e-01 6.62e-02 5.80e-01 8.74e-02 5.12e-01 2.53e+01 2.53e+00 1.16e+00 9.12e-01 8.77e-02
6.05e-01 5.27e-01 6.06e-03 5.30e-01 6.68e-03 8.10e-47 4.42e+00 2.72e+00 1.34e+00 1.34e+00 9.56e-02
5.97e-01 4.78e-01 1.28e-01 5.60e-01 1.52e-01 7.31e-01 2.05e+01 6.50e-01 2.88e-01 1.64e-01 2.48e-02
6.10e-01 4.93e-01 1.69e-02 4.90e-01 1.72e-02 3.55e-09 4.18e+01 9.77e+00 5.55e+00 3.58e+00 3.20e-01
5.90e-01 5.31e-01 7.05e-03 5.30e-01 7.07e-03 3.71e-14 4.64e+00 2.62e+00 1.12e+00 8.29e-01 6.58e-02
5.86e-01 6.48e-01 4.08e-03 6.50e-01 4.56e-03 5.57e-42 5.57e-42 1.51e-01 1.51e-01 1.51e-01 3.94e-02
5.97e-01 6.08e-01 6.55e-03 6.10e-01 6.90e-03 1.73e-01 1.84e-01 5.16e-01 2.60e-01 2.60e-01 9.60e-02
5.80e-01 5.70e-01 1.74e-04 5.70e-01 1.74e-04 4.10e-02 2.14e+00 2.14e+00 2.14e+00 2.14e+00 2.14e+00
6.15e-01 5.66e-01 1.45e-02 5.60e-01 1.58e-02 3.08e-02 1.22e+01 3.16e+00 1.93e+00 8.70e-01 1.13e-01
5.96e-01 6.32e-01 7.00e-03 6.30e-01 7.18e-03 6.76e-05 6.78e-05 9.31e-01 4.77e-01 2.43e-01 2.81e-02
5.96e-01 6.41e-01 3.86e-03 6.40e-01 3.95e-03 1.21e-17 1.21e-17 2.75e-01 2.75e-01 2.75e-01 1.24e-02
5.93e-01 4.65e-01 8.31e-02 4.80e-01 8.44e-02 1.04e-04 7.02e+01 1.09e+01 4.29e+00 2.15e+00 3.07e-01
5.94e-01 5.80e-01 2.03e-03 5.80e-01 2.07e-03 7.09e-03 2.98e-01 2.85e-01 2.85e-01 2.85e-01 1.29e-02
6.02e-01 6.49e-01 4.69e-03 6.50e-01 4.88e-03 5.70e-14 5.70e-14 3.59e-01 3.59e-01 8.83e-02 2.52e-02
6.00e-01 6.34e-01 7.77e-03 6.30e-01 8.74e-03 1.77e-04 1.78e-04 1.09e+00 9.51e-01 2.53e-01 1.48e-01
5.99e-01 7.29e-01 3.15e-03 7.30e-01 3.34e-03 0.00e+00 4.97e-67 3.24e-02 3.24e-02 3.24e-02 4.24e-03
6.10e-01 5.69e-01 1.15e-02 5.70e-01 1.15e-02 5.77e-03 8.30e+00 2.22e+00 1.88e+00 7.34e-01 9.52e-02
5.88e-01 5.53e-01 6.04e-03 5.50e-01 6.56e-03 4.47e-05 3.77e+00 2.30e+00 1.15e+00 1.15e+00 2.77e-01
5.90e-01 5.60e-01 5.91e-03 5.60e-01 5.91e-03 3.22e-05 3.16e+00 2.11e+00 2.11e+00 5.62e-01 4.88e-01
6.01e-01 5.94e-01 5.29e-03 5.90e-01 6.38e-03 7.39e-01 2.23e+00 1.36e+00 8.22e-01 8.22e-01 8.22e-01
5.74e-01 5.76e-01 5.57e-03 5.80e-01 6.67e-03 3.37e-01 4.52e-01 4.16e-01 2.87e-01 2.87e-01 2.51e-02
5.78e-01 5.59e-01 6.11e-02 5.50e-01 6.17e-02 1.38e-01 2.45e+00 6.00e-01 3.05e-01 1.84e-01 1.77e-02
5.83e-01 6.12e-01 5.30e-03 6.10e-01 5.52e-03 1.81e-04 1.81e-04 1.09e+00 1.09e+00 3.50e-01 1.15e-01
5.78e-01 4.77e-01 4.21e-02 4.80e-01 4.22e-02 1.82e-04 6.43e+01 1.07e+01 4.46e+00 2.17e+00 3.01e-01
5.92e-01 6.61e-01 6.74e-03 6.60e-01 6.84e-03 3.75e-19 3.75e-19 4.31e-01 1.84e-01 1.15e-01 1.15e-01
5.99e-01 6.21e-01 8.93e-03 6.20e-01 9.03e-03 8.44e-03 1.25e-02 1.63e-01 1.15e-01 4.43e-02 4.92e-03
6.06e-01 6.40e-01 3.74e-03 6.40e-01 3.75e-03 5.29e-10 5.29e-10 2.80e-01 2.80e-01 2.80e-01 1.97e-02
6.11e-01 6.41e-01 5.93e-02 6.80e-01 7.11e-02 4.26e-48 5.76e-02 1.14e-01 1.14e-01 3.95e-02 1.20e-02
5.94e-01 5.79e-01 5.25e-02 5.80e-01 5.25e-02 4.36e-01 2.40e+00 3.92e-01 1.95e-01 1.31e-01 9.38e-03
5.94e-01 7.60e-02 3.59e-02 7.00e-02 3.64e-02 1.61e-12 2.72e+00 1.21e+00 8.66e-01 4.39e-01 3.66e-02
6.04e-01 5.31e-01 2.43e-03 5.30e-01 2.51e-03 2.25e-160 6.22e+00 5.83e+00 5.83e+00 5.83e+00 4.10e-01
6.06e-01 6.50e-01 1.83e-03 6.50e-01 1.85e-03 9.44e-31 9.44e-31 4.27e-01 4.27e-01 4.27e-01 1.50e-02
5.85e-01 5.92e-01 2.00e-02 5.90e-01 2.01e-02 3.22e-01 8.59e-01 3.07e-01 1.89e-01 1.14e-01 4.68e-02
5.81e-01 2.06e-01 1.84e-01 7.00e-02 2.29e-01 2.89e-10 3.93e+00 1.21e+00 2.81e-01 1.83e-01 3.05e-02
6.03e-01 5.30e-01 2.10e-04 5.30e-01 2.10e-04 6.69e-205 1.53e+00 1.53e+00 1.53e+00 1.53e+00 1.53e+00
6.02e-01 5.83e-01 1.00e-02 5.80e-01 1.05e-02 4.13e-01 5.00e+00 1.98e+00 9.26e-01 9.26e-01 7.96e-02
5.79e-01 6.21e-01 5.54e-03 6.20e-01 5.66e-03 4.57e-11 4.57e-11 1.01e+00 1.01e+00 3.11e-01 1.48e-01
5.93e-01 6.76e-01 4.90e-03 6.80e-01 6.30e-03 8.16e-100 8.16e-100 1.11e-01 7.33e-02 7.33e-02 7.33e-02
5.95e-01 6.25e-01 8.25e-02 6.50e-01 8.63e-02 4.32e-03 9.67e-02 1.65e-01 6.24e-02 3.73e-02 2.01e-03
6.13e-01 4.40e-01 1.89e-03 4.40e-01 1.93e-03 0.00e+00 7.85e-01 7.56e-01 7.56e-01 7.56e-01 3.04e-02
6.10e-01 4.71e-01 6.76e-03 4.70e-01 6.80e-03 3.29e-62 7.73e+00 4.63e+00 1.79e+00 1.19e+00 9.30e-02
6.16e-01 4.83e-01 7.89e-03 4.80e-01 8.30e-03 9.14e-43 1.10e+01 5.27e+00 3.55e+00 1.61e+00 5.03e-01
5.91e-01 6.10e-01 3.77e-03 6.10e-01 3.77e-03 3.34e-03 3.34e-03 3.67e-01 3.67e-01 3.67e-01 2.95e-02
5.94e-01 5.40e-01 5.70e-04 5.40e-01 5.71e-04 2.87e-69 5.94e+00 5.92e+00 5.92e+00 5.92e+00 5.92e+00
5.98e-01 5.94e-01 1.06e-02 5.90e-01 1.13e-02 1.89e+00 4.62e+00 2.03e+00 9.47e-01 6.92e-01 1.02e-01
5.85e-01 5.43e-01 1.00e-01 5.70e-01 1.04e-01 4.76e-01 2.86e+00 4.30e-01 1.70e-01 1.51e-01 7.83e-03
6.14e-01 5.75e-01 8.46e-03 5.70e-01 9.72e-03 3.06e-04 4.97e+00 2.02e+00 1.91e+00 5.29e-01 4.78e-01
5.90e-01 5.70e-01 1.02e-03 5.70e-01 1.03e-03 2.56e-04 4.70e+00 4.65e+00 4.65e+00 4.65e+00 4.65e+00
5.79e-01 5.25e-01 1.27e-02 5.30e-01 1.37e-02 3.65e-05 1.00e+01 2.74e+00 1.46e+00 1.46e+00 1.25e-01
6.11e-01 5.99e-01 6.32e-03 6.00e-01 6.48e-03 2.14e-01 1.93e+00 1.19e+00 4.85e-01 4.85e-01 2.45e-01
6.02e-01 7.26e-01 4.82e-03 7.30e-01 6.07e-03 0.00e+00 2.75e-107 7.09e-02 4.17e-02 4.17e-02 4.17e-02
5.89e-01 6.42e-01 3.76e-03 6.40e-01 4.09e-03 6.19e-38 6.19e-38 2.10e-01 2.10e-01 2.10e-01 4.21e-02
5.84e-01 5.20e-01 1.61e-02 5.30e-01 1.90e-02 9.36e-18 2.60e+00 9.07e-01 3.01e-01 2.83e-01 5.93e-02
5.97e-01 6.44e-01 4.92e-03 6.40e-01 6.36e-03 1.20e-29 1.20e-29 9.29e-02 6.30e-02 6.30e-02 6.30e-02
5.79e-01 4.81e-01 1.16e-01 5.30e-01 1.26e-01 4.15e-01 5.73e+00 3.56e-01 1.77e-01 1.07e-01 1.34e-02
6.08e-01 5.67e-01 4.29e-02 5.60e-01 4.35e-02 3.74e+00 5.68e+01 5.51e+00 2.20e+00 1.47e+00 2.00e-01
6.14e-01 6.20e-01 4.79e-03 6.20e-01 4.80e-03 2.45e-01 2.78e-01 4.67e-01 4.67e-01 7.74e-02 6.33e-02
6.11e-01 5.78e-01 1.78e-02 5.80e-01 1.79e-02 6.56e-02 2.75e+00 5.97e-01 4.15e-01 1.68e-01 1.79e-02
6.07e-01 5.40e-01 2.86e-04 5.40e-01 2.86e-04 4.27e-155 2.20e+00 2.20e+00 2.20e+00 2.20e+00 2.20e+00
6.03e-01 6.23e-01 4.37e-03 6.20e-01 5.06e-03 1.50e-04 1.50e-04 5.08e-01 5.08e-01 1.76e-01 1.76e-01
5.95e-01 4.51e-01 3.41e-03 4.50e-01 3.67e-03 6.98e-161 8.41e-01 7.27e-01 7.27e-01 7.27e-01 1.13e-01
5.96e-01 2.99e-01 1.25e-01 2.30e-01 1.42e-01 8.31e-02 2.90e+01 3.92e+00 1.00e+00 4.71e-01 5.89e-02
5.95e-01 4.83e-01 7.75e-02 4.90e-01 7.78e-02 6.37e-11 1.89e+01 4.78e+00 2.74e+00 8.41e-01 2.40e-01
6.13e-01 7.04e-01 4.95e-03 7.00e-01 6.50e-03 7.69e-121 7.69e-121 9.08e-02 6.62e-02 6.62e-02 6.62e-02
6.08e-01 5.90e-01 2.06e-03 5.90e-01 2.10e-03 1.38e-02 1.75e+00 1.67e+00 1.67e+00 1.67e+00 8.41e-02
6.07e-01 6.39e-01 5.99e-03 6.40e-01 6.06e-03 1.48e-05 1.48e-05 5.01e-01 1.61e-01 1.61e-01 9.82e-02
5.98e-01 5.60e-01 4.43e-03 5.60e-01 4.45e-03 3.55e-07 4.89e-01 4.03e-01 4.03e-01 4.03e-01 3.65e-02
6.16e-01 5.98e-01 8.48e-03 6.00e-01 8.72e-03 2.80e-01 3.78e+00 1.75e+00 1.13e+00 6.68e-01 6.15e-02
5.97e-01 6.29e-01 4.82e-03 6.30e-01 4.90e-03 3.91e-07 3.91e-07 4.59e-01 4.59e-01 9.70e-02 4.62e-02
5.98e-01 5.19e-01 1.67e-02 5.20e-01 1.67e-02 2.66e-06 2.02e+01 4.43e+00 2.41e+00 1.10e+00 3.68e-01
5.99e-01 4.03e-01 5.68e-02 4.10e-01 5.72e-02 1.68e-01 1.38e+02 9.66e+00 3.77e+00 2.07e+00 2.43e-01
6.00e-01 6.35e-01 5.44e-03 6.40e-01 7.21e-03 6.46e-07 6.46e-07 7.93e-01 7.13e-01 7.13e-01 7.13e-01
5.79e-01 4.04e-01 1.46e-02 4.10e-01 1.58e-02 1.50e-08 7.16e+01 1.88e+01 1.10e+01 4.79e+00 8.80e-01
5.86e-01 5.37e-01 6.64e-03 5.40e-01 7.45e-03 7.52e-15 1.34e+00 8.31e-01 3.97e-01 3.97e-01 4.60e-02
5.77e-01 5.43e-01 6.11e-03 5.40e-01 6.84e-03 4.18e-05 4.38e+00 2.51e+00 1.53e+00 1.53e+00 2.90e-01
5.93e-01 6.50e-01 2.68e-03 6.50e-01 2.68e-03 2.58e-33 2.58e-33 1.80e-01 1.80e-01 1.80e-01 7.24e-03
6.02e-01 5.39e-01 5.03e-03 5.40e-01 5.16e-03 4.79e-30 3.36e+00 2.50e+00 2.50e+00 6.15e-01 2.51e-01
6.08e-01 5.65e-01 8.15e-03 5.60e-01 9.51e-03 1.85e-04 5.36e+00 2.27e+00 2.10e+00 4.90e-01 4.78e-01
5.80e-01 5.69e-01 4.10e-03 5.70e-01 4.28e-03 1.91e-02 3.97e-01 3.25e-01 3.25e-01 3.25e-01 1.31e-02
5.99e-01 5.09e-01 6.78e-02 5.30e-01 7.09e-02 1.09e-02 6.12e+00 7.19e-01 3.44e-01 1.83e-01 2.23e-02
5.99e-01 5.20e-01 5.48e-03 5.20e-01 5.48e-03 7.89e-68 2.43e+00 1.71e+00 1.71e+00 3.79e-01 3.36e-01
5.90e-01 6.59e-01 4.36e-03 6.60e-01 4.41e-03 1.36e-42 1.36e-42 1.77e-01 1.77e-01 1.77e-01 1.42e-02
5.75e-01 6.81e-02 4.42e-02 5.00e-02 4.77e-02 2.06e-22 2.57e+00 1.21e+00 8.84e-01 8.84e-01 6.10e-02
5.85e-01 3.74e-01 1.00e-01 4.40e-01 1.20e-01 1.26e-04 1.92e+01 5.56e+00 2.26e+00 1.84e+00 3.63e-01
6.14e-01 4.40e-01 8.90e-04 4.40e-01 8.93e-04 0.00e+00 7.62e-01 7.56e-01 7.56e-01 7.56e-01 7.56e-01
6.05e-01 5.98e-01 2.77e-02 6.10e-01 3.01e-02 7.42e-01 2.90e+00 6.20e-01 2.86e-01 1.54e-01 2.63e-02
5.97e-01 5.67e-01 1.45e-02 5.70e-01 1.48e-02 4.51e-01 1.20e+01 3.14e+00 1.81e+00 9.28e-01 9.60e-02
6.04e-01 4.39e-01 1.13e-01 5.10e-01 1.33e-01 5.16e-01 3.57e+01 1.10e+00 4.48e-01 3.34e-01 4.55e-02
5.99e-01 7.18e-02 8.10e-02 6.00e-02 8.18e-02 5.35e-04 2.34e+00 1.22e+00 5.69e-01 4.34e-01 3.06e-02
5.91e-01 5.78e-01 7.34e-03 5.80e-01 7.61e-03 4.19e-01 3.38e+00 1.77e+00 1.06e+00 4.80e-01 8.01e-02
6.14e-01 5.19e-01 1.08e-01 5.60e-01 1.16e-01 7.04e-01 1.45e+01 9.59e-01 3.49e-01 1.24e-01 2.37e-02
6.16e-01 5.80e-01 4.54e-02 5.60e-01 4.96e-02 2.29e-01 3.73e+00 4.12e-01 1.95e-01 1.24e-01 1.13e-02
6.50e-01 5.86e-01 5.51e-03 5.90e-01 6.91e-03 4.84e-24 6.08e-01 3.26e-01 2.65e-01 2.65e-01 1.64e-02
6.50e-01 6.60e-01 4.29e-03 6.60e-01 4.30e-03 2.81e-02 2.82e-02 2.35e-01 2.35e-01 2.35e-01 2.48e-02
6.26e-01 5.82e-01 1.99e-02 5.80e-01 2.00e-02 4.55e-01 2.19e+01 3.61e+00 1.77e+00 1.28e+00 2.35e-01
6.39e-01 5.59e-01 4.80e-03 5.60e-01 4.87e-03 8.30e-12 1.58e+00 1.40e+00 1.40e+00 1.40e+00 1.62e-01
6.52e-01 5.89e-01 2.53e-03 5.90e-01 2.62e-03 8.97e-99 2.94e+00 2.74e+00 2.74e+00 2.74e+00 2.07e-01
6.51e-01 6.04e-01 1.25e-02 6.00e-01 1.31e-02 1.74e-03 6.97e+00 2.06e+00 9.98e-01 9.98e-01 7.36e-02
6.39e-01 5.62e-01 1.73e-02 5.60e-01 1.74e-02 3.72e-04 2.02e+01 4.04e+00 2.04e+00 1.27e+00 1.20e-01
6.44e-01 5.60e-01 5.79e-04 5.60e-01 5.79e-04 1.69e-103 4.04e-01 4.03e-01 4.03e-01 4.03e-01 4.03e-01
6.36e-01 5.56e-01 5.23e-03 5.60e-01 6.85e-03 1.13e-46 1.34e+00 7.21e-01 6.01e-01 6.01e-01 6.01e-01
6.42e-01 5.57e-01 8.30e-03 5.60e-01 8.76e-03 8.17e-22 6.24e+00 2.72e+00 2.28e+00 8.48e-01 1.23e-01
6.13e-01 5.76e-01 7.11e-03 5.80e-01 8.39e-03 5.74e-08 6.29e-01 3.51e-01 1.99e-01 1.99e-01 2.64e-02
6.30e-01 5.87e-01 7.70e-03 5.90e-01 8.09e-03 1.57e-06 3.45e+00 1.63e+00 1.20e+00 4.83e-01 1.06e-01
6.34e-01 7.07e-01 4.74e-03 7.10e-01 5.82e-03 2.41e-85 2.41e-85 2.75e-01 1.42e-01 1.42e-01 1.42e-01
6.40e-01 5.75e-01 8.93e-03 5.70e-01 1.01e-02 2.86e-10 5.33e+00 2.11e+00 1.94e+00 6.37e-01 5.31e-02
6.48e-01 6.04e-01 4.93e-03 6.00e-01 6.44e-03 1.23e-26 4.06e-01 2.38e-01 1.68e-01 1.68e-01 1.68e-01
6.40e-01 5.59e-01 1.28e-02 5.60e-01 1.29e-02 1.27e-03 2.26e+00 5.89e-01 2.37e-01 1.87e-01 3.95e-02
6.51e-01 5.71e-01 1.48e-02 5.70e-01 1.48e-02 3.16e-08 1.57e+01 3.44e+00 1.99e+00 1.73e+00 4.37e-01
6.56e-01 6.10e-01 6.44e-03 6.10e-01 6.46e-03 3.66e-12 8.25e-01 5.09e-01 1.66e-01 1.43e-01 1.43e-01
6.18e-01 5.53e-01 4.91e-03 5.50e-01 5.59e-03 8.88e-27 7.35e-01 5.09e-01 5.09e-01 2.10e-01 2.10e-01
6.40e-01 6.17e-01 1.15e-02 6.20e-01 1.18e-02 2.19e-01 4.69e+00 1.62e+00 9.26e-01 5.20e-01 1.06e-01
6.49e-01 5.96e-01 3.07e-02 6.10e-01 3.35e-02 2.96e-02 2.98e+00 4.77e-01 1.76e-01 9.88e-02 1.92e-02
6.52e-01 5.80e-01 1.76e-03 5.80e-01 1.77e-03 5.93e-64 1.06e+00 1.03e+00 1.03e+00 1.03e+00 1.03e+00
6.30e-01 5.67e-01 4.92e-03 5.70e-01 5.61e-03 2.91e-48 5.49e-01 3.76e-01 3.76e-01 1.63e-01 1.63e-01
6.19e-01 6.16e-01 2.34e-02 6.20e-01 2.36e-02 2.43e+00 8.90e+00 2.25e+00 9.36e-01 8.01e-01 1.48e-01
6.38e-01 6.64e-01 4.92e-03 6.60e-01 6.35e-03 4.86e-10 4.86e-10 7.64e-02 5.19e-02 5.19e-02 5.19e-02
6.21e-01 5.86e-01 5.62e-03 5.90e-01 7.16e-03 2.12e-10 8.74e-01 4.57e-01 3.88e-01 3.88e-01 2.07e-02
6.42e-01 5.82e-01 1.29e-02 5.80e-01 1.32e-02 1.83e-03 1.19e+00 4.70e-01 1.75e-01 8.97e-02 1.18e-02
6.26e-01 6.56e-01 6.79e-03 6.60e-01 8.13e-03 1.00e-04 1.00e-04 3.95e-01 3.93e-01 3.93e-01 3.18e-02
6.33e-01 5.91e-01 8.01e-03 5.90e-01 8.14e-03 2.26e-06 4.01e+00 1.95e+00 1.19e+00 6.87e-01 7.86e-02
6.42e-01 5.98e-01 1.68e-02 6.00e-01 1.69e-02 1.84e-06 3.46e+00 1.74e+00 8.33e-01 7.01e-01 6.14e-02
6.44e-01 4.89e-01 3.40e-03 4.90e-01 3.53e-03 0.00e+00 6.94e-01 6.08e-01 6.08e-01 6.08e-01 7.63e-02
6.48e-01 5.82e-01 2.10e-02 5.80e-01 2.11e-02 4.00e-02 2.32e+01 3.88e+00 1.84e+00 1.47e+00 1.52e-01
6.57e-01 6.33e-01 4.44e-03 6.30e-01 5.20e-03 1.72e-08 1.20e+00 8.74e-01 8.74e-01 3.25e-01 3.25e-01
6.52e-01 6.37e-01 4.79e-03 6.40e-01 5.85e-03 7.15e-04 3.83e-01 2.52e-01 1.31e-01 1.31e-01 1.31e-01
6.36e-01 5.97e-01 5.46e-03 6.00e-01 6.46e-03 8.41e-12 4.77e-01 2.89e-01 1.70e-01 1.70e-01 1.45e-02
6.23e-01 6.16e-01 5.47e-03 6.20e-01 7.07e-03 1.98e-01 5.48e-01 3.00e-01 2.38e-01 2.38e-01 9.04e-03
6.33e-01 6.19e-01 3.99e-03 6.20e-01 4.04e-03 1.29e-02 3.59e-01 3.01e-01 3.01e-01 3.01e-01 1.81e-02
6.44e-01 7.49e-01 2.92e-03 7.50e-01 3.00e-03 1.04e-166 4.74e-26 2.21e-01 2.21e-01 2.21e-01 2.00e-02
6.26e-01 5.48e-01 1.93e-02 5.50e-01 1.94e-02 7.62e-09 8.58e+00 3.22e+00 1.75e+00 6.80e-01 1.62e-01
6.51e-01 6.30e-01 2.47e-03 6.30e-01 2.49e-03 3.54e-07 2.76e+00 2.59e+00 2.59e+00 2.59e+00 1.30e-01
6.28e-01 5.63e-01 1.00e-02 5.60e-01 1.06e-02 2.15e-06 7.13e+00 2.76e+00 1.24e+00 1.24e+00 1.11e-01
6.48e-01 5.98e-01 6.52e-03 6.00e-01 6.79e-03 1.20e-11 2.25e+00 1.33e+00 6.24e-01 6.24e-01 2.61e-01
6.32e-01 5.65e-01 4.99e-03 5.60e-01 6.86e-03 1.03e-52 1.50e+00 7.94e-01 7.06e-01 7.06e-01 7.06e-01
6.25e-01 5.84e-01 7.91e-03 5.80e-01 9.01e-03 7.48e-06 4.48e+00 1.88e+00 1.82e+00 4.44e-01 3.02e-01
6.40e-01 6.48e-01 4.37e-03 6.50e-01 4.76e-03 6.78e-02 6.87e-02 2.46e-01 2.46e-01 6.54e-02 6.54e-02
6.28e-01 6.11e-01 3.76e-03 6.10e-01 3.79e-03 2.44e-02 1.03e+00 8.81e-01 8.81e-01 8.81e-01 4.87e-02
6.22e-01 4.93e-01 4.60e-03 4.90e-01 5.52e-03 1.05e-144 9.96e+00 6.93e+00 6.93e+00 3.06e+00 3.06e+00
6.37e-01 5.82e-01 6.73e-03 5.80e-01 6.97e-03 1.15e-10 6.11e-01 3.54e-01 1.71e-01 1.71e-01 1.07e-02
6.19e-01 5.61e-01 4.15e-03 5.60e-01 4.28e-03 1.22e-19 4.69e-01 4.03e-01 4.03e-01 4.03e-01 1.22e-02
6.47e-01 6.05e-01 9.60e-03 6.00e-01 1.06e-02 5.01e-04 4.61e+00 1.68e+00 6.09e-01 5.24e-01 8.45e-02
6.15e-01 5.96e-01 6.16e-03 6.00e-01 7.19e-03 2.34e-02 9.70e-01 5.27e-01 3.76e-01 3.76e-01 5.29e-02
6.52e-01 6.49e-01 1.90e-02 6.50e-01 1.90e-02 1.39e+00 4.54e+00 1.32e+00 7.61e-01 3.95e-01 4.39e-02
6.35e-01 5.89e-01 6.92e-03 5.90e-01 7.03e-03 3.69e-10 2.65e+00 1.51e+00 6.76e-01 4.18e-01 5.32e-02
6.48e-01 5.50e-01 3.80e-04 5.50e-01 3.80e-04 7.56e-314 1.33e+00 1.32e+00 1.32e+00 1.32e+00 1.32e+00
6.48e-01 6.04e-01 3.34e-02 6.10e-01 3.40e-02 5.01e-01 1.14e+01 1.34e+00 5.76e-01 4.10e-01 4.37e-02
6.28e-01 5.50e-01 1.57e-03 5.50e-01 1.57e-03 1.60e-71 9.86e-01 9.62e-01 9.62e-01 9.62e-01 9.62e-01
6.37e-01 6.87e-01 4.43e-03 6.90e-01 5.16e-03 1.07e-33 1.07e-33 1.04e-01 1.04e-01 3.80e-02 3.80e-02
6.21e-01 6.12e-01 5.18e-03 6.10e-01 5.67e-03 3.66e-01 1.58e+00 1.08e+00 1.08e+00 4.35e-01 7.07e-02
6.56e-01 6.74e-01 6.56e-03 6.70e-01 7.94e-03 1.83e-02 1.85e-02 2.75e-01 2.46e-01 2.46e-01 2.07e-02
6.46e-01 5.61e-01 3.24e-03 5.60e-01 3.37e-03 5.44e-76 4.41e-01 4.03e-01 4.03e-01 4.03e-01 3.44e-02
6.47e-01 6.39e-01 4.46e-03 6.40e-01 4.67e-03 1.02e-01 4.03e-01 3.19e-01 3.19e-01 7.38e-02 1.60e-02
6.45e-01 6.99e-01 3.12e-03 7.00e-01 3.30e-03 2.88e-06 3.67e-06 8.98e-02 8.98e-02 8.98e-02 1.08e-02
6.39e-01 5.70e-01 1.50e-03 5.70e-01 1.51e-03 1.04e-40 4.01e-01 3.92e-01 3.92e-01 3.92e-01 3.92e-01
6.41e-01 5.98e-01 9.35e-03 6.00e-01 9.59e-03 1.38e-05 8.10e-01 3.32e-01 1.50e-01 1.50e-01 2.17e-02
6.38e-01 5.50e-01 1.19e-03 5.50e-01 1.20e-03 2.94e-124 5.65e+00 5.57e+00 5.57e+00 5.57e+00 5.57e+00
6.19e-01 5.67e-01 4.90e-03 5.70e-01 5.96e-03 8.65e-20 7.91e-01 5.12e-01 2.75e-01 2.75e-01 2.75e-01
6.49e-01 6.99e-01 3.23e-03 7.00e-01 3.42e-03 6.89e-38 6.89e-38 4.30e-01 4.30e-01 4.30e-01 5.62e-02
6.52e-01 6.11e-01 1.45e-02 6.10e-01 1.45e-02 2.27e-02 6.81e+00 1.64e+00 8.59e-01 6.67e-01 2.19e-01
6.28e-01 5.85e-01 2.49e-02 5.80e-01 2.55e-02 1.26e-01 3.06e+00 6.08e-01 2.56e-01 1.66e-01 3.87e-02
6.16e-01 5.15e-01 8.75e-02 5.50e-01 9.41e-02 3.29e-01 5.52e+01 5.64e+00 1.62e+00 1.01e+00 1.08e-01
6.52e-01 6.86e-01 4.93e-03 6.90e-01 6.40e-03 1.31e-11 1.31e-11 1.07e-01 7.42e-02 7.42e-02 7.42e-02
6.55e-01 5.99e-01 8.15e-03 6.00e-01 8.18e-03 2.51e-10 6.39e-01 3.10e-01 1.65e-01 1.34e-01 1.24e-02
6.53e-01 5.00e-01 1.03e-03 5.00e-01 1.03e-03 7.69e-304 5.84e-01 5.77e-01 5.77e-01 5.77e-01 5.77e-01
6.34e-01 6.97e-01 5.63e-03 7.00e-01 6.58e-03 2.51e-21 2.51e-21 4.21e-01 2.54e-01 2.54e-01 2.75e-02
6.27e-01 5.52e-01 4.28e-03 5.50e-01 4.57e-03 6.09e-12 2.93e+00 2.32e+00 2.32e+00 2.32e+00 5.37e-01
6.50e-01 5.56e-01 4.08e-02 5.60e-01 4.10e-02 2.52e-01 6.31e+01 5.66e+00 2.56e+00 1.53e+00 1.78e-01
6.14e-01 5.40e-01 1.66e-03 5.40e-01 1.69e-03 3.62e-219 3.43e-01 3.33e-01 3.33e-01 3.33e-01 3.33e-01
6.39e-01 4.53e-01 1.26e-01 4.60e-01 1.26e-01 1.94e-01 3.87e+00 3.99e-01 1.85e-01 1.07e-01 1.57e-02
6.57e-01 6.23e-01 8.01e-03 6.20e-01 8.49e-03 5.74e-04 2.54e+00 1.16e+00 8.91e-01 3.44e-01 1.17e-01
6.55e-01 6.10e-01 1.51e-02 6.10e-01 1.51e-02 6.35e-03 1.73e+00 3.86e-01 2.02e-01 1.84e-01 1.61e-02
6.38e-01 5.73e-01 7.91e-03 5.70e-01 8.41e-03 6.70e-15 4.34e+00 2.01e+00 1.48e+00 6.26e-01 2.12e-01
6.27e-01 5.86e-01 5.21e-03 5.90e-01 6.83e-03 2.76e-12 6.07e-01 3.26e-01 2.75e-01 2.75e-01 2.75e-01
6.44e-01 7.12e-01 3.94e-03 7.10e-01 4.36e-03 2.71e-35 3.86e-35 8.05e-02 8.05e-02 8.05e-02 1.90e-02
6.47e-01 5.29e-01 2.55e-02 5.40e-01 2.78e-02 1.73e-06 4.92e+01 6.76e+00 4.13e+00 1.97e+00 2.75e-01
6.20e-01 5.31e-01 6.34e-02 5.40e-01 6.40e-02 5.55e-06 1.71e+01 4.24e+00 1.92e+00 1.28e+00 1.23e-01
6.41e-01 6.41e-01 9.04e-03 6.40e-01 9.06e-03 1.09e+00 1.80e+00 1.12e+00 5.58e-01 5.58e-01 8.45e-02
6.52e-01 5.20e-01 2.29e-02 5.10e-01 2.50e-02 3.36e-10 4.95e+01 6.88e+00 4.06e+00 1.99e+00 6.01e-01
6.21e-01 5.97e-01 6.43e-03 6.00e-01 7.29e-03 1.42e-03 2.46e+00 1.31e+00 9.28e-01 9.28e-01 5.27e-02
6.39e-01 6.54e-01 6.61e-03 6.50e-01 7.97e-03 9.70e-02 9.84e-02 9.08e-01 8.16e-01 8.16e-01 7.30e-02
6.35e-01 5.58e-01 4.32e-03 5.60e-01 4.97e-03 9.37e-254 3.57e-01 2.69e-01 2.69e-01 8.91e-02 8.91e-02
6.33e-01 5.85e-01 7.67e-03 5.80e-01 9.44e-03 2.88e-07 3.94e+00 1.68e+00 1.64e+00 1.64e+00 2.44e-01
6.47e-01 5.74e-01 5.12e-03 5.70e-01 6.36e-03 2.28e-32 2.78e+00 1.70e+00 1.06e+00 1.06e+00 1.06e+00
6.52e-01 6.63e-01 2.57e-02 6.60e-01 2.59e-02 1.44e+00 4.11e+00 1.20e+00 6.80e-01 3.71e-01 5.41e-02
6.51e-01 6.26e-01 7.93e-03 6.30e-01 9.01e-03 1.00e-02 2.57e+00 1.13e+00 9.89e-01 2.56e-01 1.88e-01
6.23e-01 5.14e-01 9.39e-02 5.40e-01 9.74e-02 1.87e-18 8.39e+00 3.09e+00 1.09e+00 9.46e-01 9.31e-02
6.48e-01 6.65e-01 5.01e-03 6.70e-01 7.05e-03 7.15e-05 7.15e-05 1.37e-01 1.35e-01 1.35e-01 1.35e-01
6.29e-01 5.71e-01 3.19e-03 5.70e-01 3.26e-03 1.82e-42 4.21e-01 3.76e-01 3.76e-01 3.76e-01 3.78e-02
6.51e-01 6.59e-01 3.76e-03 6.60e-01 3.82e-03 3.05e-02 3.18e-02 1.73e-01 1.73e-01 1.73e-01 8.72e-03
6.17e-01 6.10e-01 1.56e-03 6.10e-01 1.57e-03 8.40e-01 3.17e+00 3.10e+00 3.10e+00 3.10e+00 3.10e+00
6.38e-01 6.28e-01 6.06e-03 6.30e-01 6.56e-03 3.07e-01 1.66e+00 1.03e+00 5.12e-01 5.12e-01 1.29e-01
6.27e-01 6.43e-01 6.18e-03 6.40e-01 6.79e-03 5.14e-02 5.19e-02 5.76e-01 3.21e-01 3.21e-01 7.23e-02
6.38e-01 7.28e-01 4.08e-03 7.30e-01 4.50e-03 1.02e-109 1.02e-109 7.15e-02 7.15e-02 7.15e-02 1.76e-02
6.32e-01 6.06e-01 1.75e-02 6.10e-01 1.78e-02 8.25e-01 8.48e+00 1.59e+00 9.25e-01 7.17e-01 6.61e-02
6.40e-01 5.83e-01 6.61e-03 5.80e-01 7.15e-03 3.75e-14 1.30e+00 7.31e-01 4.15e-01 4.15e-01 3.31e-02
6.48e-01 6.80e-01 5.09e-03 6.80e-01 5.09e-03 1.96e-08 1.96e-08 2.06e-01 2.06e-01 3.82e-02 3.31e-02
6.26e-01 6.85e-01 5.86e-03 6.80e-01 7.63e-03 3.81e-21 3.81e-21 2.60e-01 2.59e-01 2.59e-01 1.57e-02
6.53e-01 6.23e-01 1.60e-02 6.20e-01 1.62e-02 3.10e-01 7.22e+00 1.70e+00 1.03e+00 3.98e-01 6.34e-02
6.19e-01 5.56e-01 3.80e-02 5.50e-01 3.85e-02 5.96e-01 3.31e+01 4.93e+00 1.67e+00 9.44e-01 9.13e-02
6.53e-01 5.81e-01 7.67e-03 5.80e-01 7.69e-03 1.08e-16 3.42e+00 1.80e+00 7.88e-01 7.06e-01 9.96e-02
6.44e-01 6.12e-01 6.66e-03 6.10e-01 6.91e-03 7.37e-05 2.17e+00 1.25e+00 6.27e-01 6.27e-01 2.69e-01
6.27e-01 6.29e-01 7.05e-03 6.30e-01 7.12e-03 8.37e-01 1.17e+00 1.02e+00 4.57e-01 3.08e-01 3.08e-02
6.45e-01 6.39e-01 7.67e-03 6.40e-01 7.72e-03 6.47e-01 1.63e+00 9.47e-01 4.71e-01 3.42e-01 4.76e-02
6.55e-01 7.25e-01 5.02e-03 7.30e-01 6.77e-03 3.61e-58 3.56e-17 2.88e-01 2.42e-01 2.42e-01 2.42e-01
6.53e-01 5.82e-01 3.78e-03 5.80e-01 4.16e-03 4.67e-73 5.57e+00 4.60e+00 4.60e+00 4.60e+00 9.72e-01
6.53e-01 7.09e-01 2.76e-03 7.10e-01 2.86e-03 1.31e-51 1.31e-51 8.04e-02 8.04e-02 8.04e-02 6.87e-03
6.48e-01 6.81e-01 3.67e-03 6.80e-01 3.94e-03 1.66e-16 1.66e-16 1.17e-01 1.17e-01 1.17e-01 2.12e-02
6.29e-01 5.40e-01 1.22e-03 5.40e-01 1.22e-03 2.49e-118 4.66e-01 4.59e-01 4.59e-01 4.59e-01 4.59e-01
6.55e-01 6.92e-01 2.34e-02 6.90e-01 2.35e-02 2.85e-01 4.82e-01 8.33e-01 3.84e-01 2.45e-01 2.31e-02
6.35e-01 5.71e-01 3.89e-03 5.70e-01 3.95e-03 8.50e-33 4.39e-01 3.71e-01 3.71e-01 3.71e-01 2.05e-02
6.51e-01 5.97e-01 1.08e-02 6.00e-01 1.13e-02 9.18e-07 5.01e+00 1.76e+00 9.09e-01 5.74e-01 8.83e-02
6.56e-01 7.11e-01 2.71e-03 7.10e-01 2.80e-03 5.09e-59 5.09e-59 8.04e-02 8.04e-02 8.04e-02 6.87e-03
6.46e-01 5.97e-01 6.36e-03 6.00e-01 7.24e-03 1.33e-11 5.62e-01 3.02e-01 2.11e-01 2.11e-01 1.21e-02
6.52e-01 7.03e-01 8.31e-03 7.00e-01 8.86e-03 1.71e-07 1.71e-07 3.86e-01 2.83e-01 1.16e-01 5.23e-02
6.54e-01 6.91e-01 4.73e-03 6.90e-01 4.87e-03 7.08e-10 7.08e-10 1.76e-01 1.76e-01 4.07e-02 1.42e-02
6.17e-01 4.92e-01 2.05e-01 5.90e-01 2.28e-01 5.91e-02 1.62e+00 3.66e-01 1.47e-01 1.41e-01 2.23e-02
6.21e-01 5.59e-01 2.67e-03 5.60e-01 2.78e-03 8.25e-163 1.23e+00 1.14e+00 1.14e+00 1.14e+00 9.70e-02
6.53e-01 6.06e-01 7.09e-03 6.10e-01 8.37e-03 1.63e-10 6.00e-01 2.79e-01 2.47e-01 2.47e-01 3.23e-02
6.53e-01 6.55e-01 5.26e-03 6.60e-01 7.19e-03 2.35e-01 3.17e-01 2.36e-01 2.34e-01 2.34e-01 2.34e-01
6.42e-01 6.74e-01 5.66e-03 6.70e-01 6.85e-03 4.20e-06 4.20e-06 2.16e-01 1.53e-01 1.53e-01 1.30e-02
6.49e-01 6.16e-01 8.90e-03 6.20e-01 9.94e-03 1.67e-03 2.88e+00 1.20e+00 1.01e+00 3.55e-01 3.61e-02
6.39e-01 6.98e-01 5.34e-03 7.00e-01 5.57e-03 6.26e-24 6.26e-24 2.08e-01 2.08e-01 6.70e-02 2.20e-02
6.16e-01 6.70e-01 1.41e-03 6.70e-01 1.42e-03 1.98e-59 1.98e-59 8.14e-02 8.14e-02 8.14e-02 8.14e-02
6.47e-01 5.91e-01 2.07e-02 5.90e-01 2.07e-02 9.30e-02 2.14e+01 3.48e+00 1.62e+00 1.43e+00 2.22e-01
6.48e-01 5.99e-01 1.90e-02 6.00e-01 1.91e-02 3.44e-02 1.28e+01 2.75e+00 1.34e+00 1.34e+00 1.16e-01
6.48e-01 5.85e-01 5.99e-03 5.80e-01 7.83e-03 3.23e-18 3.64e+00 1.79e+00 1.66e+00 1.66e+00 1.26e-01
6.49e-01 6.03e-01 1.77e-02 6.00e-01 1.80e-02 9.81e-02 1.15e+01 2.43e+00 1.11e+00 8.77e-01 1.50e-01
6.19e-01 6.58e-01 6.37e-03 6.60e-01 6.71e-03 1.80e-10 1.80e-10 3.10e-01 1.65e-01 1.65e-01 5.76e-02
6.53e-01 6.14e-01 9.78e-03 6.10e-01 1.07e-02 6.65e-04 3.37e+00 1.21e+00 4.57e-01 3.84e-01 7.92e-02
6.22e-01 1.71e-01 1.95e-02 1.70e-01 1.96e-02 7.10e-53 4.40e+00 4.14e+00 4.14e+00 4.14e+00 1.25e-01
6.56e-01 6.17e-01 1.01e-02 6.20e-01 1.05e-02 4.13e-04 7.19e-01 2.76e-01 1.29e-01 6.92e-02 9.69e-03
6.43e-01 5.50e-01 7.47e-03 5.50e-01 7.48e-03 2.46e-10 4.16e+00 2.27e+00 9.00e-01 8.66e-01 7.97e-02
6.22e-01 5.37e-01 1.73e-02 5.40e-01 1.75e-02 4.96e-07 1.97e+01 4.51e+00 1.95e+00 1.33e+00 2.30e-01
6.22e-01 4.58e-01 2.27e-02 4.60e-01 2.28e-02 2.36e-09 7.33e+01 1.25e+01 5.78e+00 4.19e+00 7.95e-01
6.21e-01 5.52e-01 1.44e-02 5.50e-01 1.46e-02 4.88e-06 1.30e+01 4.33e+00 2.44e+00 1.44e+00 1.96e-01
6.37e-01 5.35e-01 1.08e-02 5.40e-01 1.21e-02 1.32e-08 7.79e+00 2.86e+00 1.06e+00 1.00e+00 1.15e-01
6.32e-01 6.05e-01 7.20e-03 6.10e-01 8.74e-03 1.37e-03 2.27e+00 1.02e+00 9.58e-01 9.58e-01 1.38e-01
6.31e-01 4.09e-01 1.02e-01 4.30e-01 1.05e-01 1.36e-02 4.22e+01 1.99e+00 7.14e-01 3.98e-01 6.86e-02
6.25e-01 5.77e-01 2.20e-02 5.80e-01 2.23e-02 3.25e-02 3.15e+00 4.53e-01 2.95e-01 2.00e-01 1.97e-02
6.28e-01 4.92e-01 1.93e-02 4.90e-01 1.94e-02 1.41e-09 5.12e+01 9.78e+00 5.70e+00 2.40e+00 2.80e-01
6.33e-01 5.55e-01 1.28e-02 5.50e-01 1.36e-02 2.85e-08 1.30e+01 4.17e+00 1.80e+00 1.80e+00 1.26e-01
6.44e-01 6.01e-01 1.67e-02 6.00e-01 1.68e-02 2.79e-02 2.67e+00 5.69e-01 2.88e-01 1.32e-01 3.64e-02
6.68e-01 6.75e-01 4.98e-03 6.70e-01 6.79e-03 6.70e-01 6.70e-01 8.52e-01 7.28e-01 7.28e-01 7.28e-01
6.58e-01 5.73e-01 8.09e-03 5.70e-01 8.73e-03 9.65e-24 4.50e+00 2.08e+00 1.52e+00 5.94e-01 2.82e-01
6.85e-01 5.18e-01 5.52e-03 5.20e-01 5.75e-03 0.00e+00 7.73e-01 5.17e-01 5.17e-01 1.92e-01 6.76e-02
6.60e-01 5.80e-01 4.02e-04 5.80e-01 4.02e-04 1.83e-190 1.83e-01 1.83e-01 1.83e-01 1.83e-01 1.83e-01
6.72e-01 5.86e-01 1.21e-02 5.90e-01 1.27e-02 1.52e-12 7.09e+00 2.00e+00 1.28e+00 9.62e-01 2.57e-01
6.86e-01 5.90e-01 1.41e-03 5.90e-01 1.41e-03 6.01e-163 3.32e-01 3.26e-01 3.26e-01 3.26e-01 3.26e-01
6.95e-01 6.53e-01 5.82e-03 6.50e-01 6.39e-03 5.27e-11 1.29e+00 7.91e-01 4.13e-01 4.13e-01 8.35e-02
6.97e-01 6.12e-01 3.87e-03 6.10e-01 4.17e-03 1.43e-67 4.52e-01 3.73e-01 3.73e-01 3.73e-01 7.50e-02
