7.94e-01 7.38e-01 7.10e-03 7.40e-01 7.26e-03 2.94e-11 2.40e+00 1.32e+00 6.68e-01 3.57e-01 4.63e-02
7.84e-01 7.07e-01 2.99e-02 6.90e-01 3.45e-02 1.69e-02 4.29e+00 1.48e+00 5.80e-01 3.13e-01 6.70e-02
8.25e-01 1.06e-01 1.99e-02 9.00e-02 2.57e-02 4.77e-10 3.21e+01 5.05e+00 4.27e+00 2.73e+00 4.82e-01
8.11e-01 7.43e-01 9.38e-03 7.40e-01 9.80e-03 8.84e-10 1.97e+00 8.19e-01 3.33e-01 3.33e-01 4.12e-02
8.00e-01 7.47e-01 1.21e-02 7.50e-01 1.23e-02 4.29e-07 2.94e-01 9.88e-02 4.99e-02 2.92e-02 1.36e-02
8.17e-01 6.71e-01 5.95e-03 6.70e-01 5.99e-03 5.52e-39 6.32e+00 4.15e+00 1.31e+00 1.31e+00 8.54e-01
8.00e-01 7.28e-01 2.28e-02 7.30e-01 2.28e-02 1.09e-02 1.13e+01 1.82e+00 8.14e-01 4.44e-01 5.28e-02
8.16e-01 7.80e-01 3.10e-03 7.80e-01 3.12e-03 1.40e-13 4.22e-01 3.81e-01 3.81e-01 3.81e-01 1.53e-02
8.20e-01 7.91e-01 8.57e-03 7.90e-01 8.66e-03 1.26e-03 3.97e-01 1.88e-01 7.95e-02 7.95e-02 7.57e-03
8.25e-01 7.56e-01 7.57e-03 7.60e-01 8.72e-03 7.48e-18 2.10e-01 9.00e-02 8.68e-02 8.68e-02 1.27e-02
8.20e-01 8.08e-01 4.25e-03 8.10e-01 4.63e-03 5.97e-03 4.06e-01 3.19e-01 3.19e-01 8.17e-02 8.17e-02
8.02e-01 7.35e-01 5.40e-03 7.40e-01 7.19e-03 1.18e-28 2.19e-01 1.12e-01 1.03e-01 1.03e-01 1.03e-01
7.90e-01 7.49e-01 3.81e-03 7.50e-01 3.90e-03 3.06e-13 2.91e-01 2.47e-01 2.47e-01 2.47e-01 1.12e-02
7.86e-01 7.34e-01 6.44e-03 7.40e-01 8.50e-03 4.63e-12 2.36e-01 1.12e-01 1.05e-01 1.05e-01 1.51e-02
8.14e-01 7.69e-01 4.04e-03 7.70e-01 4.10e-03 1.36e-18 5.97e-01 4.97e-01 4.97e-01 4.97e-01 3.00e-02
8.17e-01 7.42e-01 8.62e-03 7.40e-01 8.79e-03 2.79e-13 2.96e+00 1.36e+00 8.42e-01 5.48e-01 5.48e-02
8.10e-01 7.34e-01 5.52e-03 7.30e-01 6.88e-03 9.43e-36 7.57e-01 4.22e-01 3.13e-01 3.13e-01 1.69e-02
8.18e-01 7.73e-01 8.55e-03 7.70e-01 9.06e-03 5.80e-05 2.06e+00 9.43e-01 6.44e-01 2.99e-01 1.42e-01
7.96e-01 6.99e-01 3.07e-02 6.90e-01 3.19e-02 5.76e-04 2.38e+00 5.58e-01 3.17e-01 1.48e-01 9.62e-03
7.96e-01 7.20e-01 1.53e-02 7.20e-01 1.53e-02 3.47e-06 7.14e+00 1.70e+00 8.27e-01 7.03e-01 9.50e-02
7.82e-01 1.17e-01 4.75e-02 1.00e-01 5.04e-02 5.21e-06 6.21e-01 5.88e-02 2.24e-02 1.33e-02 2.80e-03
8.08e-01 7.06e-01 2.82e-02 7.10e-01 2.84e-02 4.66e-03 7.31e+00 8.93e-01 4.81e-01 2.69e-01 4.76e-02
8.11e-01 7.10e-01 3.11e-02 7.10e-01 3.11e-02 1.01e-02 1.03e+01 1.10e+00 5.69e-01 3.45e-01 4.06e-02
8.22e-01 7.44e-01 1.71e-02 7.40e-01 1.77e-02 4.18e-05 5.51e-01 1.24e-01 7.26e-02 4.17e-02 1.08e-02
8.21e-01 7.08e-01 2.59e-02 7.10e-01 2.59e-02 2.52e-04 8.65e+00 1.06e+00 4.68e-01 3.69e-01 3.30e-02
7.87e-01 7.04e-01 4.07e-02 7.20e-01 4.39e-02 2.76e-01 2.84e+01 2.22e+00 1.14e+00 6.19e-01 8.45e-02
7.94e-01 6.65e-01 3.58e-02 6.50e-01 3.86e-02 2.87e-03 5.12e+01 4.40e+00 2.09e+00 1.37e+00 1.61e-01
7.84e-01 6.69e-01 3.44e-03 6.70e-01 3.70e-03 0.00e+00 7.66e-01 6.62e-01 6.62e-01 6.62e-01 1.06e-01
7.83e-01 6.89e-02 1.69e-02 7.00e-02 1.70e-02 4.97e-18 3.70e-02 8.86e-03 4.17e-03 2.06e-03 3.75e-04
7.91e-01 6.56e-01 6.51e-02 6.50e-01 6.54e-02 1.46e-01 2.94e+01 1.89e+00 8.89e-01 4.76e-01 3.76e-02
7.81e-01 9.65e-02 5.28e-02 8.00e-02 5.53e-02 4.35e-06 1.50e-01 1.88e-02 6.94e-03 4.38e-03 6.09e-04
7.83e-01 5.30e-01 2.83e-01 6.90e-01 3.26e-01 1.13e-02 9.12e-01 4.70e-02 1.66e-02 9.13e-03 1.01e-03
8.06e-01 7.18e-02 1.79e-02 8.00e-02 1.97e-02 3.71e-13 9.91e-02 2.31e-02 8.51e-03 5.11e-03 8.51e-04
8.08e-01 7.14e-01 4.26e-02 7.20e-01 4.30e-02 1.02e-01 2.05e+01 1.78e+00 7.17e-01 4.19e-01 5.52e-02
8.05e-01 7.45e-01 7.14e-02 7.60e-01 7.29e-02 2.57e-01 4.51e+00 3.96e-01 1.55e-01 6.86e-02 1.02e-02
8.14e-01 7.09e-01 1.05e-02 7.10e-01 1.05e-02 1.56e-14 3.68e-01 1.51e-01 7.83e-02 7.83e-02 4.56e-03
8.16e-01 1.49e-01 1.00e-01 1.20e-01 1.04e-01 1.78e-03 1.70e+01 1.31e+00 6.22e-01 2.76e-01 3.94e-02
8.06e-01 6.86e-01 4.14e-02 6.90e-01 4.16e-02 1.36e-02 1.99e+01 1.52e+00 6.53e-01 3.86e-01 6.93e-02
8.09e-01 7.83e-01 1.44e-02 7.80e-01 1.48e-02 1.22e-01 2.08e+00 5.02e-01 2.69e-01 1.49e-01 2.69e-02
8.52e-01 8.04e-01 6.44e-03 8.00e-01 7.52e-03 2.29e-12 2.14e-01 1.12e-01 8.33e-02 8.33e-02 6.19e-03
8.49e-01 7.59e-01 1.72e-02 7.60e-01 1.73e-02 1.89e-04 5.41e+00 1.13e+00 5.37e-01 3.07e-01 8.32e-02
8.68e-01 7.67e-01 1.16e-02 7.70e-01 1.21e-02 9.72e-11 2.87e+00 8.42e-01 5.46e-01 3.64e-01 7.28e-02
8.60e-01 7.90e-01 1.69e-03 7.90e-01 1.71e-03 3.66e-119 8.13e-01 7.89e-01 7.89e-01 7.89e-01 7.89e-01
8.41e-01 6.78e-01 4.16e-02 6.80e-01 4.17e-02 1.80e-03 2.10e+01 1.58e+00 7.56e-01 4.68e-01 6.97e-02
8.32e-01 8.43e-01 7.05e-03 8.40e-01 7.54e-03 3.98e-02 4.49e-02 1.10e-01 7.40e-02 7.40e-02 4.97e-03
8.32e-01 1.00e-02 2.75e-23 1.00e-02 2.75e-23 0.00e+00 3.43e+00 3.43e+00 3.43e+00 3.43e+00 3.43e+00
8.34e-01 7.60e-01 4.72e-02 7.40e-01 5.11e-02 3.41e-03 5.74e-01 8.51e-02 3.08e-02 1.73e-02 2.40e-03
8.51e-01 7.17e-01 2.91e-02 7.10e-01 3.00e-02 3.21e-03 7.71e+00 9.32e-01 4.83e-01 2.80e-01 2.74e-02
8.61e-01 7.67e-01 5.73e-03 7.70e-01 6.47e-03 2.89e-31 3.99e-01 2.44e-01 1.32e-01 1.32e-01 1.96e-02
8.61e-01 7.90e-01 5.11e-04 7.90e-01 5.12e-04 6.29e-181 9.64e-02 9.62e-02 9.62e-02 9.62e-02 9.62e-02
8.30e-01 7.90e-01 7.46e-03 7.90e-01 7.46e-03 6.85e-07 2.36e-01 1.26e-01 5.33e-02 5.07e-02 3.80e-03
8.60e-01 7.40e-01 6.39e-03 7.40e-01 6.40e-03 7.53e-36 1.94e+00 1.21e+00 3.94e-01 3.27e-01 3.27e-01
8.45e-01 7.46e-01 2.57e-02 7.40e-01 2.65e-02 6.28e-03 4.77e+00 7.19e-01 2.63e-01 2.45e-01 2.63e-02
8.27e-01 7.48e-01 1.76e-02 7.50e-01 1.77e-02 7.04e-04 6.93e+00 1.47e+00 7.10e-01 4.10e-01 4.73e-02
8.45e-01 7.28e-01 1.15e-02 7.30e-01 1.16e-02 1.05e-15 3.09e+00 1.11e+00 6.50e-01 2.89e-01 6.11e-02
8.47e-01 8.51e-01 1.09e-02 8.50e-01 1.09e-02 8.19e-02 1.44e-01 7.74e-02 6.03e-02 2.12e-02 1.58e-02
8.48e-01 8.84e-01 5.98e-03 8.80e-01 7.22e-03 1.55e-08 1.55e-08 5.17e-02 3.84e-02 3.84e-02 2.08e-03
8.64e-01 7.73e-01 1.72e-02 7.70e-01 1.75e-02 1.17e-04 3.63e+00 7.50e-01 3.42e-01 2.31e-01 2.66e-02
8.49e-01 7.78e-01 2.20e-02 7.80e-01 2.21e-02 6.48e-03 3.69e+00 5.68e-01 3.01e-01 1.47e-01 2.00e-02
8.36e-01 7.37e-01 2.43e-02 7.40e-01 2.45e-02 3.43e-03 3.09e+00 5.88e-01 2.69e-01 1.35e-01 2.19e-02
8.33e-01 7.34e-01 4.88e-02 7.20e-01 5.07e-02 1.88e-01 1.48e+01 1.09e+00 4.35e-01 2.57e-01 3.30e-02
8.57e-01 8.94e-01 1.12e-02 8.90e-01 1.19e-02 5.92e-04 6.05e-04 1.13e-01 6.71e-02 4.76e-02 1.00e-02
8.29e-01 1.06e+00 3.33e-02 1.08e+00 3.97e-02 9.00e-09 2.69e-08 2.99e-04 1.06e-04 7.81e-05 1.33e-05
8.64e-01 8.45e-01 5.32e-03 8.50e-01 7.19e-03 7.52e-05 5.75e-02 3.03e-02 2.63e-02 2.63e-02 2.63e-02
8.42e-01 7.59e-01 5.46e-03 7.60e-01 5.53e-03 2.64e-14 6.88e-01 4.84e-01 4.84e-01 1.31e-01 7.29e-02
8.26e-01 7.42e-01 6.98e-03 7.40e-01 7.14e-03 3.11e-24 2.33e+00 1.31e+00 6.21e-01 3.44e-01 5.29e-02
8.33e-01 8.27e-01 5.60e-03 8.30e-01 6.29e-03 5.34e-02 1.16e-01 7.85e-02 3.43e-02 3.43e-02 4.34e-03
8.55e-01 7.56e-01 1.39e-02 7.60e-01 1.45e-02 4.93e-10 3.89e+00 1.02e+00 5.97e-01 2.56e-01 3.73e-02
8.39e-01 7.55e-01 9.18e-03 7.50e-01 1.03e-02 9.47e-12 2.80e+00 1.08e+00 1.02e+00 3.53e-01 3.26e-02
8.29e-01 6.74e-01 2.93e-02 6.70e-01 2.95e-02 1.60e-06 3.10e+01 3.33e+00 1.61e+00 8.26e-01 1.18e-01
8.30e-01 7.45e-01 1.82e-02 7.40e-01 1.90e-02 2.77e-04 7.23e+00 1.55e+00 6.29e-01 5.58e-01 7.86e-02
8.32e-01 7.42e-01 4.53e-03 7.40e-01 4.80e-03 1.32e-54 1.43e-01 1.12e-01 1.12e-01 2.69e-02 5.04e-03
8.34e-01 7.98e-01 6.79e-03 8.00e-01 7.22e-03 1.20e-05 3.28e-01 1.75e-01 1.12e-01 1.12e-01 3.61e-02
8.45e-01 7.62e-01 8.65e-03 7.60e-01 8.93e-03 3.54e-12 1.49e+00 6.57e-01 4.75e-01 2.47e-01 2.97e-02
8.47e-01 7.30e-01 1.59e-02 7.30e-01 1.59e-02 4.90e-09 6.60e+00 1.44e+00 7.51e-01 6.81e-01 6.11e-02
8.31e-01 7.69e-01 3.81e-03 7.70e-01 3.85e-03 2.69e-28 2.28e-01 1.94e-01 1.94e-01 1.94e-01 1.17e-02
8.35e-01 7.98e-01 5.05e-02 8.60e-01 7.97e-02 7.88e-07 3.18e-02 1.59e-02 1.21e-02 6.21e-03 2.39e-03
8.23e-01 7.38e-01 2.26e-02 7.40e-01 2.26e-02 2.59e-03 1.06e+01 1.73e+00 7.49e-01 3.99e-01 3.99e-02
8.44e-01 7.36e-01 1.53e-02 7.40e-01 1.58e-02 1.05e-07 5.71e+00 1.42e+00 8.31e-01 4.23e-01 1.04e-01
8.23e-01 6.99e-01 8.92e-03 7.00e-01 8.98e-03 1.40e-15 4.06e-01 1.66e-01 8.69e-02 8.69e-02 1.25e-02
8.46e-01 8.11e-01 2.97e-03 8.10e-01 3.02e-03 9.65e-14 2.81e-01 2.56e-01 2.56e-01 2.56e-01 2.06e-02
8.64e-01 7.75e-01 4.04e-02 7.60e-01 4.31e-02 1.38e-02 2.22e-01 4.46e-02 1.85e-02 1.08e-02 1.50e-03
8.52e-01 7.71e-01 1.83e-02 7.70e-01 1.84e-02 1.51e-03 4.73e+00 9.23e-01 5.39e-01 2.28e-01 5.00e-02
8.23e-01 6.38e-01 6.60e-02 6.30e-01 6.64e-02 1.39e-01 8.40e+01 4.25e+00 2.06e+00 1.10e+00 1.37e-01
8.27e-01 7.43e-01 2.53e-02 7.40e-01 2.55e-02 5.88e-03 2.14e+00 3.55e-01 1.48e-01 1.33e-01 1.31e-02
8.27e-01 6.98e-01 1.14e-02 7.00e-01 1.15e-02 3.22e-17 5.80e+00 2.00e+00 1.28e+00 5.62e-01 1.10e-01
8.43e-01 8.00e-01 1.24e-02 8.00e-01 1.24e-02 2.13e-03 5.20e-01 1.36e-01 1.13e-01 4.60e-02 5.96e-03
8.56e-01 8.57e-01 4.51e-03 8.60e-01 5.31e-03 4.07e-02 5.30e-02 5.53e-02 5.53e-02 2.19e-02 2.19e-02
8.69e-01 7.42e-01 1.07e-02 7.40e-01 1.08e-02 2.76e-16 2.95e+00 1.11e+00 5.97e-01 2.68e-01 3.91e-02
8.32e-01 7.39e-01 7.86e-03 7.40e-01 7.88e-03 7.16e-25 2.63e+00 1.34e+00 6.58e-01 5.37e-01 5.37e-02
8.29e-01 6.09e-01 9.91e-03 6.10e-01 9.94e-03 1.14e-28 1.84e+01 7.31e+00 6.43e+00 2.97e+00 2.94e-01
8.31e-01 8.00e-01 8.35e-03 8.00e-01 8.35e-03 1.03e-03 1.23e+00 5.92e-01 2.74e-01 2.74e-01 3.57e-02
8.42e-01 7.57e-01 2.37e-02 7.50e-01 2.48e-02 3.65e-04 5.85e-01 8.26e-02 3.75e-02 3.27e-02 3.36e-03
8.47e-01 8.14e-01 3.90e-02 8.00e-01 4.15e-02 3.80e-01 4.42e+00 4.19e-01 1.82e-01 1.74e-01 2.05e-02
8.61e-01 7.73e-01 1.15e-02 7.70e-01 1.19e-02 3.79e-11 2.85e+00 9.72e-01 5.23e-01 3.37e-01 7.33e-02
8.49e-01 7.71e-01 7.71e-03 7.70e-01 7.74e-03 3.25e-16 4.60e-01 2.40e-01 1.10e-01 9.30e-02 1.21e-02
8.45e-01 7.43e-01 5.13e-02 7.20e-01 5.63e-02 1.59e-01 1.28e+01 9.99e-01 3.98e-01 2.08e-01 3.06e-02
8.28e-01 7.70e-01 3.82e-03 7.70e-01 3.82e-03 1.03e-19 9.38e-02 8.05e-02 8.05e-02 8.05e-02 6.48e-03
8.62e-01 8.34e-01 9.84e-03 8.30e-01 1.06e-02 1.31e-02 1.04e+00 4.01e-01 1.57e-01 1.11e-01 1.61e-02
8.52e-01 8.30e-01 2.16e-03 8.30e-01 2.18e-03 2.32e-07 1.40e-01 1.34e-01 1.34e-01 1.34e-01 5.37e-03
8.55e-01 8.25e-01 5.90e-02 8.70e-01 7.42e-02 1.38e-02 1.37e-01 1.15e-02 5.80e-03 3.69e-03 7.54e-04
8.41e-01 7.73e-01 1.66e-02 7.70e-01 1.68e-02 2.78e-03 4.16e+00 8.60e-01 3.89e-01 2.35e-01 3.28e-02
8.62e-01 1.39e+00 5.96e-01 1.65e+00 6.49e-01 3.08e-217 1.80e-10 1.67e-10 7.48e-11 6.27e-11 1.65e-11
8.49e-01 7.78e-01 1.06e-02 7.80e-01 1.08e-02 1.82e-08 2.36e+00 8.53e-01 4.54e-01 2.14e-01 2.57e-02
8.65e-01 8.45e-01 1.72e-02 8.50e-01 1.78e-02 4.18e-04 2.22e-02 1.83e-02 1.83e-02 1.83e-02 5.51e-04
8.61e-01 8.10e-01 3.23e-03 8.10e-01 3.24e-03 6.02e-32 3.20e-01 2.87e-01 2.87e-01 2.87e-01 1.30e-02
8.55e-01 8.08e-01 6.17e-03 8.10e-01 6.55e-03 7.99e-12 1.68e-01 1.01e-01 4.99e-02 4.99e-02 1.58e-02
8.48e-01 7.30e-01 9.06e-03 7.30e-01 9.06e-03 4.73e-18 1.69e+00 7.65e-01 3.92e-01 3.92e-01 6.53e-02
8.26e-01 8.02e-01 7.03e-03 8.00e-01 7.41e-03 9.30e-03 1.01e+00 5.48e-01 3.14e-01 3.14e-01 2.75e-02
8.23e-01 7.47e-01 6.98e-03 7.50e-01 7.50e-03 8.47e-22 2.21e+00 1.15e+00 7.65e-01 7.65e-01 5.18e-02
8.59e-01 8.00e-01 2.01e-02 8.00e-01 2.01e-02 1.30e-02 3.12e+00 5.05e-01 2.22e-01 2.06e-01 4.00e-02
8.34e-01 8.24e-01 5.15e-03 8.20e-01 6.55e-03 3.52e-02 1.36e-01 7.81e-02 5.69e-02 5.69e-02 5.69e-02
8.32e-01 7.35e-01 1.91e-02 7.40e-01 1.97e-02 4.80e-05 7.98e+00 1.66e+00 7.10e-01 3.00e-01 4.28e-02
8.42e-01 7.92e-01 1.02e-02 7.90e-01 1.05e-02 3.96e-05 6.81e-01 2.69e-01 1.30e-01 1.30e-01 1.08e-02
8.27e-01 7.41e-01 1.26e-02 7.40e-01 1.27e-02 1.00e-08 3.36e-01 1.12e-01 7.34e-02 3.42e-02 3.92e-03
8.27e-01 8.43e-01 4.95e-03 8.40e-01 5.62e-03 1.82e-03 1.82e-03 7.43e-02 7.43e-02 3.14e-02 3.14e-02
8.65e-01 7.70e-01 1.17e-02 7.70e-01 1.17e-02 9.48e-08 2.01e+00 7.31e-01 4.19e-01 1.58e-01 2.57e-02
8.32e-01 8.08e-01 1.26e-02 8.10e-01 1.28e-02 3.23e-02 5.43e-01 1.58e-01 7.06e-02 7.06e-02 9.85e-03
8.64e-01 7.28e-01 1.62e-02 7.30e-01 1.63e-02 4.59e-06 1.46e+00 3.31e-01 1.35e-01 7.94e-02 1.69e-02
8.31e-01 8.27e-01 1.32e-02 8.30e-01 1.36e-02 1.43e-01 3.67e-01 1.16e-01 6.31e-02 3.38e-02 4.51e-03
8.54e-01 7.69e-01 1.60e-02 7.70e-01 1.60e-02 1.44e-04 3.87e+00 8.67e-01 4.77e-01 3.74e-01 4.10e-02
8.45e-01 7.83e-01 9.79e-03 7.80e-01 1.01e-02 9.46e-06 5.73e-01 2.30e-01 1.13e-01 1.13e-01 1.16e-02
8.51e-01 8.08e-01 1.15e-02 8.10e-01 1.17e-02 2.14e-04 5.71e-01 1.70e-01 1.09e-01 6.20e-02 7.40e-03
8.47e-01 7.85e-01 7.23e-03 7.80e-01 8.60e-03 9.52e-14 1.45e+00 6.46e-01 6.17e-01 6.17e-01 8.44e-02
8.50e-01 8.40e-01 7.14e-03 8.40e-01 7.15e-03 8.38e-02 4.55e-01 2.54e-01 1.09e-01 8.82e-02 6.39e-03
8.58e-01 8.47e-01 4.41e-03 8.50e-01 5.08e-03 7.47e-03 4.06e-02 3.03e-02 3.03e-02 1.02e-02 1.02e-02
8.27e-01 8.52e-01 1.10e-02 8.50e-01 1.11e-02 1.00e-07 2.61e-04 1.83e-02 1.83e-02 6.62e-03 3.68e-04
8.33e-01 6.66e-01 4.26e-02 6.70e-01 4.28e-02 4.14e-03 3.45e+01 2.42e+00 1.12e+00 7.05e-01 9.20e-02
8.29e-01 8.07e-01 5.34e-03 8.10e-01 5.97e-03 3.69e-04 1.11e-01 7.16e-02 3.42e-02 3.42e-02 5.04e-03
8.41e-01 7.56e-01 3.71e-02 7.40e-01 4.05e-02 7.45e-03 6.75e-01 1.03e-01 5.84e-02 2.60e-02 3.17e-03
8.30e-01 7.55e-01 7.15e-03 7.50e-01 8.48e-03 6.49e-23 2.13e-01 1.00e-01 8.47e-02 8.47e-02 1.36e-02
8.52e-01 8.01e-01 1.18e-02 8.00e-01 1.19e-02 1.69e-04 5.32e-01 1.82e-01 1.25e-01 5.04e-02 1.28e-02
8.43e-01 6.47e-02 1.14e-02 7.00e-02 1.25e-02 3.14e-34 5.66e-04 2.44e-04 7.86e-05 6.26e-05 8.59e-06
8.41e-01 8.41e-01 1.69e-02 8.40e-01 1.70e-02 2.05e-01 5.19e-01 2.04e-01 8.27e-02 4.44e-02 1.24e-02
8.33e-01 7.45e-01 1.04e-02 7.40e-01 1.13e-02 1.27e-07 2.82e-01 1.12e-01 3.92e-02 3.31e-02 5.04e-03
8.39e-01 8.30e-01 2.51e-03 8.30e-01 2.53e-03 6.80e-03 5.71e-02 5.36e-02 5.36e-02 5.36e-02 2.96e-03
8.43e-01 6.99e-01 3.13e-02 7.10e-01 3.31e-02 2.89e-05 2.21e+01 2.10e+00 1.24e+00 7.46e-01 1.27e-01
8.30e-01 7.42e-01 1.09e-02 7.40e-01 1.11e-02 1.02e-12 2.98e-01 1.12e-01 6.28e-02 2.75e-02 5.60e-03
8.60e-01 8.24e-01 6.20e-03 8.20e-01 7.52e-03 5.28e-10 2.43e-01 1.17e-01 1.09e-01 1.09e-01 1.30e-02
8.47e-01 7.57e-01 1.26e-02 7.60e-01 1.29e-02 3.89e-07 2.95e+00 7.83e-01 3.73e-01 3.73e-01 4.15e-02
8.35e-01 8.12e-01 7.13e-03 8.10e-01 7.33e-03 2.57e-03 2.53e-01 1.36e-01 7.29e-02 3.89e-02 5.45e-03
8.25e-01 7.46e-01 2.57e-02 7.40e-01 2.63e-02 3.66e-03 1.61e+00 2.86e-01 1.23e-01 8.00e-02 8.51e-03
8.51e-01 8.01e-01 2.73e-02 8.00e-01 2.73e-02 9.68e-02 3.98e+00 5.68e-01 1.88e-01 1.85e-01 1.92e-02
8.61e-01 7.30e-01 1.92e-02 7.30e-01 1.92e-02 4.95e-05 2.83e+00 5.28e-01 3.15e-01 1.52e-01 1.75e-02
8.42e-01 7.31e-01 1.07e-02 7.30e-01 1.07e-02 2.68e-17 2.99e+00 1.15e+00 6.00e-01 2.25e-01 2.88e-02
8.54e-01 8.12e-01 5.99e-03 8.10e-01 6.33e-03 2.41e-10 1.99e-01 1.23e-01 5.68e-02 5.68e-02 1.79e-02
8.55e-01 7.65e-01 1.48e-02 7.60e-01 1.55e-02 5.29e-05 3.78e+00 9.76e-01 5.39e-01 2.59e-01 6.10e-02
8.60e-01 8.14e-01 6.03e-03 8.10e-01 7.25e-03 1.83e-10 7.18e-01 3.79e-01 2.95e-01 2.95e-01 3.24e-02
8.52e-01 7.01e-01 2.13e-02 7.00e-01 2.13e-02 1.53e-05 5.02e+00 8.40e-01 3.10e-01 3.10e-01 3.93e-02
8.40e-01 8.03e-01 1.01e-02 8.00e-01 1.04e-02 3.68e-04 4.48e-01 1.75e-01 8.38e-02 8.38e-02 1.32e-02
8.55e-01 1.68e+00 1.42e-02 1.68e+00 1.44e-02 0.00e+00 1.00e-16 8.57e-11 2.84e-11 1.81e-11 3.01e-12
8.35e-01 7.35e-01 8.31e-03 7.30e-01 9.75e-03 7.07e-25 3.34e+00 1.35e+00 1.33e+00 3.25e-01 2.98e-01
8.48e-01 7.35e-01 7.65e-03 7.40e-01 9.21e-03 1.43e-16 2.34e-01 1.12e-01 8.63e-02 8.63e-02 1.29e-02
8.37e-01 8.21e-01 4.31e-03 8.20e-01 4.51e-03 3.60e-03 8.20e-02 6.53e-02 6.53e-02 6.53e-02 2.95e-03
8.38e-01 7.61e-01 1.27e-02 7.60e-01 1.27e-02 2.90e-06 2.30e+00 5.61e-01 4.99e-01 1.87e-01 3.30e-02
8.69e-01 7.99e-01 2.95e-03 8.00e-01 3.11e-03 3.40e-162 8.37e-02 7.56e-02 7.56e-02 7.56e-02 8.36e-03
8.45e-01 7.37e-01 5.10e-03 7.40e-01 6.05e-03 2.78e-67 5.44e-01 3.48e-01 1.87e-01 1.87e-01 1.87e-01
8.43e-01 8.00e-01 6.86e-03 8.00e-01 6.87e-03 2.54e-08 8.18e-01 4.75e-01 1.74e-01 1.55e-01 1.55e-01
8.45e-01 8.50e-01 1.26e-03 8.50e-01 1.27e-03 2.84e-02 2.89e-02 6.03e-02 6.03e-02 6.03e-02 6.03e-02
8.55e-01 7.73e-01 7.46e-03 7.70e-01 8.20e-03 9.70e-28 1.48e+00 6.77e-01 5.71e-01 5.71e-01 5.78e-02
8.34e-01 4.71e-02 1.84e-02 5.00e-02 1.86e-02 3.83e-54 5.23e-05 8.14e-06 4.95e-06 4.95e-06 1.52e-06
8.24e-01 6.97e-01 1.91e-02 6.90e-01 2.04e-02 2.01e-04 3.33e+00 7.46e-01 2.69e-01 2.12e-01 2.00e-02
8.36e-01 7.18e-01 2.07e-02 7.20e-01 2.08e-02 5.79e-05 6.29e+00 1.09e+00 4.59e-01 3.52e-01 3.77e-02
8.64e-01 7.69e-01 2.58e-03 7.70e-01 2.67e-03 4.41e-28 8.67e-02 8.05e-02 8.05e-02 8.05e-02 6.07e-03
8.59e-01 5.59e-02 2.94e-02 7.00e-02 3.26e-02 7.35e-38 4.22e-05 9.28e-06 4.13e-06 3.64e-06 4.86e-07
8.57e-01 7.88e-01 1.75e-02 7.80e-01 1.93e-02 3.36e-03 2.70e+00 6.14e-01 2.34e-01 1.53e-01 2.18e-02
8.28e-01 7.73e-01 2.46e-02 7.70e-01 2.47e-02 5.72e-02 4.29e+00 6.88e-01 3.04e-01 1.77e-01 1.92e-02
8.24e-01 1.05e+00 3.74e-02 1.07e+00 4.21e-02 3.60e-07 8.13e-07 3.64e-04 1.87e-04 1.07e-04 9.75e-06
8.63e-01 7.77e-01 7.36e-03 7.80e-01 8.00e-03 7.04e-24 1.59e+00 7.60e-01 5.88e-01 5.88e-01 5.35e-02
8.35e-01 7.43e-01 1.07e-02 7.40e-01 1.11e-02 1.98e-13 3.69e+00 1.34e+00 6.48e-01 4.05e-01 6.75e-02
8.48e-01 8.64e-01 5.59e-03 8.60e-01 6.73e-03 2.33e-03 2.34e-03 6.25e-02 4.15e-02 4.15e-02 3.14e-03
8.28e-01 9.75e-01 1.46e-01 1.10e+00 1.92e-01 7.10e-05 3.87e-04 1.06e-04 4.81e-05 2.89e-05 4.44e-06
8.43e-01 7.61e-01 1.84e-02 7.60e-01 1.84e-02 1.88e-05 4.24e-01 7.59e-02 4.98e-02 2.42e-02 7.63e-03
8.32e-01 7.58e-01 1.61e-02 7.60e-01 1.62e-02 6.79e-06 2.27e-01 9.00e-02 8.59e-02 3.12e-02 1.94e-02
8.60e-01 7.62e-01 2.41e-02 7.60e-01 2.42e-02 3.59e-03 7.32e+00 1.14e+00 5.07e-01 3.17e-01 3.17e-02
8.50e-01 7.42e-01 1.18e-02 7.40e-01 1.20e-02 1.10e-06 3.03e+00 1.31e+00 6.43e-01 6.43e-01 9.18e-02
8.62e-01 8.12e-01 1.21e-02 8.10e-01 1.23e-02 2.28e-04 4.49e-01 1.50e-01 9.80e-02 4.52e-02 1.36e-02
8.58e-01 7.87e-01 7.44e-03 7.90e-01 8.10e-03 1.90e-09 1.30e-01 6.40e-02 4.57e-02 4.57e-02 5.79e-03
8.63e-01 4.64e-01 4.14e-01 8.00e-02 5.64e-01 8.88e-06 4.79e-03 9.68e-04 1.79e-04 8.95e-05 1.12e-05
8.29e-01 7.03e-01 1.33e-02 7.00e-01 1.36e-02 2.01e-09 7.54e-01 1.87e-01 1.64e-01 8.33e-02 6.94e-03
8.54e-01 7.61e-01 1.26e-02 7.60e-01 1.27e-02 1.33e-03 1.85e-01 9.00e-02 4.70e-02 4.21e-02 3.17e-03
8.28e-01 7.28e-01 9.08e-03 7.30e-01 9.26e-03 7.77e-06 3.33e+00 1.44e+00 6.09e-01 6.09e-01 8.70e-02
8.41e-01 7.65e-01 8.00e-03 7.70e-01 9.30e-03 3.55e-19 1.80e-01 8.05e-02 6.76e-02 1.58e-02 1.50e-02
8.39e-01 8.00e-01 6.86e-03 8.00e-01 6.87e-03 4.98e-06 8.85e-01 5.15e-01 1.92e-01 1.63e-01 1.63e-01
8.49e-01 8.12e-01 4.39e-03 8.10e-01 4.99e-03 1.05e-11 3.61e-01 2.71e-01 2.71e-01 8.85e-02 8.85e-02
8.35e-01 7.78e-01 9.62e-03 7.80e-01 9.91e-03 8.82e-07 2.15e+00 8.37e-01 3.87e-01 3.87e-01 6.73e-02
8.58e-01 7.45e-01 7.28e-03 7.40e-01 8.85e-03 2.13e-10 2.24e-01 1.12e-01 8.46e-02 8.46e-02 1.01e-02
8.43e-01 7.46e-01 1.15e-02 7.40e-01 1.29e-02 2.28e-07 3.30e-01 1.10e-01 5.05e-02 4.44e-02 7.21e-03
8.46e-01 8.64e-01 5.38e-03 8.60e-01 6.62e-03 1.06e-03 1.07e-03 5.92e-02 3.95e-02 3.95e-02 2.08e-03
8.20e-01 7.86e-01 4.53e-02 7.50e-01 5.80e-02 2.08e-06 6.05e-02 1.84e-02 1.41e-02 1.25e-02 8.54e-04
8.43e-01 7.74e-01 1.86e-02 7.70e-01 1.90e-02 3.88e-03 4.43e+00 8.68e-01 4.27e-01 1.79e-01 4.96e-02
8.38e-01 7.73e-01 9.43e-03 7.70e-01 9.76e-03 4.49e-09 6.50e-01 2.67e-01 1.19e-01 1.19e-01 1.47e-02
8.57e-01 7.89e-01 1.06e-02 7.90e-01 1.06e-02 1.06e-07 1.98e+00 7.45e-01 4.38e-01 1.50e-01 1.08e-01
8.30e-01 7.49e-01 3.25e-02 7.40e-01 3.37e-02 8.07e-02 1.31e+01 1.58e+00 7.88e-01 3.48e-01 4.58e-02
8.45e-01 8.06e-01 7.55e-03 8.10e-01 8.76e-03 1.66e-05 1.22e+00 5.31e-01 5.02e-01 5.02e-01 7.47e-02
8.33e-01 7.48e-01 8.15e-03 7.50e-01 8.44e-03 3.90e-20 2.55e+00 1.18e+00 8.14e-01 4.16e-01 1.13e-01
8.51e-01 8.31e-01 3.35e-02 8.50e-01 3.83e-02 1.76e-02 5.46e-02 1.83e-02 6.71e-03 6.34e-03 2.76e-04
8.45e-01 7.69e-01 3.79e-03 7.70e-01 3.96e-03 6.47e-44 2.13e-01 1.80e-01 1.80e-01 1.80e-01 2.89e-02
8.43e-01 7.47e-01 3.19e-02 7.30e-01 3.62e-02 9.68e-03 3.15e+00 3.30e-01 1.50e-01 1.00e-01 1.16e-02
8.33e-01 7.37e-01 1.80e-02 7.40e-01 1.82e-02 2.47e-05 7.68e+00 1.61e+00 7.56e-01 4.98e-01 7.11e-02
8.38e-01 8.57e-01 8.67e-03 8.60e-01 9.13e-03 9.42e-03 1.00e-02 8.56e-02 7.22e-02 3.10e-02 3.87e-03
8.73e-01 8.51e-01 3.07e-03 8.50e-01 3.20e-03 3.07e-06 3.37e-02 3.03e-02 3.03e-02 3.03e-02 3.35e-03
8.27e-01 7.06e-01 1.46e-02 7.00e-01 1.57e-02 8.36e-08 1.58e+00 4.03e-01 2.28e-01 9.41e-02 1.34e-02
8.64e-01 7.31e-01 6.45e-03 7.30e-01 6.52e-03 1.46e-18 2.19e+00 1.35e+00 5.02e-01 5.02e-01 3.19e-01
8.29e-01 8.19e-01 3.20e-03 8.20e-01 3.27e-03 2.36e-02 2.64e-01 2.36e-01 2.36e-01 2.36e-01 2.26e-02
8.44e-01 7.48e-01 1.21e-02 7.50e-01 1.23e-02 4.23e-10 3.23e-01 9.33e-02 6.15e-02 3.63e-02 4.54e-03
8.64e-01 7.34e-01 2.21e-02 7.40e-01 2.29e-02 1.91e-03 2.95e+00 4.53e-01 2.36e-01 1.51e-01 1.99e-02
8.32e-01 7.21e-01 1.29e-02 7.20e-01 1.30e-02 9.00e-11 4.92e-01 1.18e-01 6.37e-02 6.37e-02 9.62e-03
8.20e-01 7.90e-01 2.35e-03 7.90e-01 2.37e-03 7.33e-17 2.05e-01 1.94e-01 1.94e-01 1.94e-01 9.73e-03
8.36e-01 7.70e-01 5.63e-02 7.60e-01 5.72e-02 2.09e-01 5.32e+00 3.32e-01 1.49e-01 7.94e-02 1.22e-02
8.29e-01 8.20e-01 3.69e-03 8.20e-01 3.71e-03 5.19e-02 3.17e-01 2.76e-01 2.76e-01 2.76e-01 1.66e-02
8.48e-01 7.50e-01 1.23e-02 7.50e-01 1.23e-02 2.01e-05 3.16e-01 8.27e-02 6.91e-02 2.97e-02 6.55e-03
8.30e-01 7.69e-01 4.86e-03 7.70e-01 4.92e-03 1.83e-34 5.37e-01 4.07e-01 4.07e-01 8.60e-02 4.30e-02
8.57e-01 8.12e-01 7.41e-03 8.10e-01 7.64e-03 1.58e-08 2.99e-01 1.53e-01 8.98e-02 4.76e-02 8.44e-03
8.39e-01 8.22e-01 4.18e-03 8.20e-01 4.52e-03 1.81e-03 1.10e-01 8.74e-02 8.74e-02 8.74e-02 2.06e-02
8.33e-01 6.77e-01 1.51e-02 6.80e-01 1.54e-02 9.48e-12 3.33e+00 8.07e-01 4.81e-01 2.43e-01 3.53e-02
8.56e-01 7.76e-01 4.97e-03 7.80e-01 6.14e-03 1.21e-40 1.33e+00 8.63e-01 4.60e-01 4.60e-01 4.60e-01
8.54e-01 7.50e-01 1.47e-02 7.50e-01 1.47e-02 2.85e-07 5.20e+00 1.17e+00 5.82e-01 5.47e-01 4.21e-02
8.27e-01 7.42e-01 1.19e-02 7.40e-01 1.21e-02 1.88e-09 3.89e+00 1.29e+00 7.87e-01 4.29e-01 9.10e-02
8.32e-01 8.07e-01 7.07e-03 8.10e-01 7.79e-03 8.10e-04 2.46e-01 1.17e-01 9.67e-02 9.67e-02 5.90e-03
8.63e-01 7.53e-01 4.97e-03 7.50e-01 5.86e-03 2.22e-88 1.51e-01 1.00e-01 4.79e-02 4.79e-02 4.79e-02
8.51e-01 7.33e-01 1.69e-02 7.30e-01 1.71e-02 3.53e-08 7.09e+00 1.62e+00 6.14e-01 4.32e-01 9.51e-02
8.47e-01 7.64e-01 1.03e-02 7.60e-01 1.09e-02 1.34e-11 2.97e+00 1.09e+00 4.82e-01 3.23e-01 4.93e-02
8.46e-01 7.58e-01 1.73e-02 7.60e-01 1.74e-02 1.04e-07 2.92e+00 9.57e-01 5.91e-01 2.26e-01 2.40e-02
8.64e-01 8.50e-01 1.82e-03 8.50e-01 1.83e-03 1.19e-03 7.54e-02 7.29e-02 7.29e-02 7.29e-02 2.20e-03
8.59e-01 7.12e-01 4.75e-02 6.90e-01 5.23e-02 9.01e-03 1.37e+00 1.49e-01 5.63e-02 2.73e-02 3.41e-03
8.35e-01 8.19e-01 3.95e-03 8.20e-01 4.14e-03 3.62e-03 3.31e-01 2.74e-01 2.74e-01 2.74e-01 4.96e-02
8.38e-01 7.58e-01 1.05e-02 7.60e-01 1.07e-02 5.05e-08 2.20e+00 8.28e-01 4.58e-01 1.96e-01 2.50e-02
8.60e-01 7.69e-01 7.60e-03 7.70e-01 7.63e-03 8.79e-10 1.48e-01 8.05e-02 3.48e-02 2.71e-02 3.64e-03
8.57e-01 7.85e-01 2.02e-02 7.90e-01 2.08e-02 1.35e-03 3.42e+00 5.24e-01 3.15e-01 1.56e-01 1.99e-02
8.68e-01 8.40e-01 8.67e-03 8.40e-01 8.68e-03 1.35e-03 2.60e-01 1.14e-01 6.31e-02 6.31e-02 6.31e-03
8.39e-01 7.47e-01 3.57e-02 7.40e-01 3.65e-02 9.81e-02 1.62e+01 1.80e+00 7.26e-01 4.30e-01 5.12e-02
8.41e-01 6.94e-01 2.69e-02 7.00e-01 2.77e-02 4.20e-05 1.94e+01 2.35e+00 1.30e+00 6.56e-01 9.57e-02
8.26e-01 7.49e-01 2.34e-02 7.50e-01 2.35e-02 5.96e-03 8.05e+00 1.38e+00 5.14e-01 4.51e-01 3.16e-02
8.53e-01 8.00e-01 4.51e-03 8.00e-01 4.52e-03 4.29e-24 3.58e-01 2.85e-01 2.85e-01 2.85e-01 3.01e-02
8.38e-01 7.95e-01 1.25e-02 7.90e-01 1.36e-02 1.97e-03 6.11e-01 1.76e-01 9.20e-02 9.20e-02 5.69e-03
8.65e-01 8.24e-01 4.99e-03 8.20e-01 6.68e-03 3.49e-18 2.90e-01 1.61e-01 1.29e-01 1.29e-01 1.29e-01
8.69e-01 8.11e-01 7.07e-03 8.10e-01 7.16e-03 1.49e-14 2.97e-01 1.62e-01 7.82e-02 5.13e-02 5.13e-02
8.59e-01 9.05e-01 2.60e-02 9.10e-01 2.64e-02 1.59e-02 3.13e-02 6.80e-02 3.25e-02 1.55e-02 2.22e-03
8.28e-01 7.26e-02 1.89e-02 8.00e-02 2.03e-02 5.05e-10 8.37e-03 1.83e-03 7.01e-04 5.53e-04 7.90e-05
8.46e-01 9.11e-01 6.51e-01 1.40e+00 8.15e-01 8.89e-90 5.83e-08 1.90e-08 1.12e-08 5.37e-09 7.01e-10
8.31e-01 7.84e-01 8.61e-03 7.80e-01 9.66e-03 8.78e-07 1.85e+00 7.46e-01 6.98e-01 2.21e-01 1.65e-01
8.34e-01 8.88e-02 1.28e-02 9.00e-02 1.29e-02 1.93e-15 9.38e-04 3.17e-04 1.39e-04 6.21e-05 6.37e-06
8.52e-01 8.01e-01 5.04e-03 8.00e-01 5.14e-03 5.44e-21 3.58e-01 2.65e-01 2.65e-01 6.52e-02 2.93e-02
8.68e-01 8.51e-01 2.78e-03 8.50e-01 2.85e-03 3.14e-04 1.96e-02 1.83e-02 1.83e-02 1.83e-02 1.29e-03
8.29e-01 7.87e-01 2.13e-02 7.80e-01 2.25e-02 1.30e-01 4.47e+00 7.11e-01 4.07e-01 1.76e-01 2.14e-02
8.33e-01 9.89e-02 1.82e-02 9.00e-02 2.02e-02 6.45e-11 2.68e+01 5.64e+00 2.74e+00 1.30e+00 3.67e-01
8.32e-01 7.17e-01 3.28e-02 7.10e-01 3.35e-02 1.12e-02 9.68e+00 1.03e+00 4.12e-01 2.62e-01 3.92e-02
8.56e-01 7.74e-01 8.00e-03 7.70e-01 8.99e-03 1.48e-16 1.81e-01 8.05e-02 6.80e-02 1.82e-02 1.30e-02
8.31e-01 8.73e-01 5.88e-03 8.70e-01 6.48e-03 1.74e-12 1.74e-12 2.31e-02 1.37e-02 1.37e-02 2.79e-03
8.63e-01 8.35e-01 1.29e-02 8.30e-01 1.37e-02 1.48e-02 3.59e-01 1.01e-01 4.70e-02 4.70e-02 4.42e-03
8.30e-01 7.16e-01 1.54e-02 7.10e-01 1.63e-02 1.85e-09 1.67e+00 4.04e-01 2.49e-01 1.09e-01 2.62e-02
8.62e-01 8.08e-01 1.12e-02 8.10e-01 1.14e-02 3.80e-05 4.34e-01 1.51e-01 8.12e-02 4.40e-02 6.07e-03
8.43e-01 7.67e-01 6.28e-03 7.70e-01 7.17e-03 6.47e-08 1.35e-01 8.05e-02 4.33e-02 4.33e-02 4.86e-03
8.56e-01 8.45e-01 1.96e-02 8.50e-01 2.03e-02 8.56e-03 2.14e-02 1.83e-02 1.83e-02 1.83e-02 6.43e-04
8.43e-01 9.04e-01 5.77e-03 9.00e-01 7.26e-03 9.65e-29 9.65e-29 3.52e-02 2.74e-02 2.74e-02 1.42e-03
8.31e-01 7.65e-01 5.52e-03 7.70e-01 7.25e-03 4.86e-24 1.48e-01 8.05e-02 6.39e-02 6.39e-02 3.64e-03
8.65e-01 8.22e-01 6.99e-03 8.20e-01 7.18e-03 2.83e-10 2.04e-01 1.10e-01 6.14e-02 6.14e-02 2.99e-02
8.37e-01 7.60e-01 6.90e-03 7.60e-01 6.90e-03 1.36e-13 1.64e-01 9.00e-02 3.84e-02 3.44e-02 3.44e-02
8.34e-01 7.54e-01 6.82e-03 7.50e-01 7.80e-03 8.03e-35 1.93e-01 1.00e-01 7.06e-02 7.06e-02 8.57e-03
8.42e-01 8.69e-01 2.93e-03 8.70e-01 3.05e-03 3.08e-08 3.14e-08 2.31e-02 2.31e-02 2.31e-02 2.33e-03
8.60e-01 8.28e-01 6.11e-03 8.30e-01 6.36e-03 6.33e-06 1.56e-01 9.96e-02 3.85e-02 3.85e-02 1.55e-02
8.49e-01 1.19e-01 2.86e-02 1.20e-01 2.86e-02 2.68e-08 2.02e+01 2.40e+00 1.69e+00 1.69e+00 1.29e-01
8.59e-01 4.70e-02 1.85e-02 4.00e-02 1.98e-02 1.09e-51 9.87e-05 1.54e-05 9.70e-06 9.70e-06 3.09e-06
8.52e-01 6.92e-02 1.82e-02 7.00e-02 1.82e-02 5.68e-20 2.76e-01 6.21e-02 2.80e-02 1.24e-02 3.19e-03
8.55e-01 7.47e-01 2.40e-02 7.50e-01 2.41e-02 2.09e-03 9.85e+00 1.44e+00 5.83e-01 4.56e-01 4.22e-02
8.31e-01 7.34e-01 4.07e-02 7.30e-01 4.09e-02 5.47e-02 1.07e+01 1.07e+00 4.16e-01 2.41e-01 2.60e-02
8.52e-01 6.84e-01 5.48e-02 7.00e-01 5.70e-02 2.46e-02 3.95e+01 2.27e+00 1.03e+00 6.06e-01 6.59e-02
8.25e-01 5.95e-02 1.67e-02 7.00e-02 1.97e-02 4.52e-32 2.22e-03 4.85e-04 3.18e-04 1.35e-04 5.29e-05
8.55e-01 7.17e-02 1.59e-02 8.00e-02 1.79e-02 3.29e-16 1.40e-02 3.64e-03 1.87e-03 1.11e-03 1.14e-04
8.29e-01 9.41e-01 1.27e-02 9.40e-01 1.28e-02 8.93e-15 9.28e-15 2.35e-02 1.47e-02 7.45e-03 8.28e-04
8.46e-01 1.30e-01 6.79e-02 1.20e-01 6.87e-02 3.70e-05 4.87e+00 4.16e-01 3.82e-01 1.27e-01 1.58e-02
8.34e-01 7.33e-01 4.04e-02 7.20e-01 4.25e-02 7.32e-02 9.98e+00 8.99e-01 4.25e-01 2.54e-01 3.31e-02
8.59e-01 6.82e-01 2.18e-02 6.80e-01 2.19e-02 7.21e-06 6.09e+00 1.02e+00 4.45e-01 3.68e-01 4.75e-02
8.36e-01 1.39e-01 6.76e-02 9.00e-02 8.33e-02 9.66e-07 4.30e-01 2.88e-02 1.47e-02 9.15e-03 8.17e-04
8.25e-01 7.14e-01 3.54e-02 7.10e-01 3.56e-02 2.71e-02 1.11e+01 1.31e+00 5.53e-01 3.00e-01 3.84e-02
8.49e-01 8.13e-01 1.94e-02 8.10e-01 1.97e-02 8.37e-02 1.96e+00 3.39e-01 1.64e-01 9.58e-02 2.60e-02
8.62e-01 7.51e-01 1.56e-02 7.50e-01 1.56e-02 7.06e-07 5.04e+00 1.08e+00 5.38e-01 5.38e-01 3.89e-02
8.40e-01 1.87e-01 1.78e-01 9.00e-02 2.02e-01 4.49e-04 2.88e+00 2.12e-01 7.22e-02 3.55e-02 4.90e-03
8.87e-01 7.33e-01 2.88e-02 7.30e-01 2.90e-02 5.19e-04 3.49e+00 5.20e-01 2.49e-01 1.36e-01 1.13e-02
9.01e-01 7.36e-01 1.98e-02 7.40e-01 2.02e-02 3.02e-10 7.64e+00 1.20e+00 6.27e-01 3.48e-01 4.64e-02
8.83e-01 7.44e-01 2.21e-02 7.40e-01 2.25e-02 2.44e-05 8.65e+00 1.31e+00 7.63e-01 4.02e-01 7.23e-02
8.87e-01 7.74e-01 1.43e-02 7.70e-01 1.48e-02 7.72e-09 2.89e+00 6.95e-01 3.88e-01 1.88e-01 4.26e-02
9.15e-01 8.31e-01 3.43e-03 8.30e-01 3.57e-03 1.64e-50 6.00e-02 5.24e-02 5.24e-02 5.24e-02 6.84e-03
9.19e-01 7.78e-01 6.73e-02 7.40e-01 7.74e-02 7.01e-02 9.09e+00 4.21e-01 2.05e-01 1.27e-01 1.66e-02
9.17e-01 8.40e-01 8.98e-04 8.40e-01 9.01e-04 6.41e-95 7.12e-02 7.07e-02 7.07e-02 7.07e-02 7.07e-02
9.11e-01 7.29e-01 1.69e-02 7.30e-01 1.69e-02 1.56e-18 5.86e+00 1.19e+00 6.39e-01 3.02e-01 7.18e-02
8.87e-01 7.67e-01 1.76e-02 7.70e-01 1.80e-02 7.34e-07 4.83e+00 1.07e+00 4.09e-01 3.53e-01 2.80e-02
8.88e-01 7.98e-01 1.51e-02 8.00e-01 1.53e-02 6.31e-07 2.53e+00 5.82e-01 3.31e-01 2.27e-01 3.01e-02
9.10e-01 8.28e-01 4.72e-03 8.30e-01 5.13e-03 9.00e-45 5.10e-02 3.93e-02 3.93e-02 1.03e-02 1.18e-03
9.00e-01 9.04e-01 1.09e-02 9.00e-01 1.14e-02 1.05e-01 1.65e-01 1.08e-01 5.19e-02 3.73e-02 6.49e-03
9.00e-01 8.50e-01 2.16e-03 8.50e-01 2.20e-03 2.32e-25 3.18e-02 3.03e-02 3.03e-02 3.03e-02 1.52e-03
8.77e-01 7.88e-01 6.07e-02 7.30e-01 8.40e-02 1.00e-02 3.29e-01 2.40e-02 9.13e-03 7.56e-03 1.71e-03
8.81e-01 6.77e-02 2.11e-02 7.00e-02 2.12e-02 4.00e-21 1.82e-01 3.39e-02 1.41e-02 8.57e-03 1.07e-03
8.82e-01 8.81e-01 3.07e-03 8.80e-01 3.14e-03 1.82e-02 2.36e-02 2.28e-02 2.28e-02 2.28e-02 2.17e-03
8.85e-01 8.27e-01 1.93e-02 8.20e-01 2.06e-02 5.56e-03 5.27e-01 1.04e-01 3.76e-02 3.15e-02 7.52e-03
8.71e-01 7.19e-01 2.03e-02 7.10e-01 2.22e-02 1.54e-03 1.48e+00 3.13e-01 1.53e-01 9.59e-02 9.59e-03
9.02e-01 8.47e-01 7.81e-03 8.50e-01 8.33e-03 8.50e-12 1.72e-01 8.67e-02 5.40e-02 2.09e-02 9.58e-03
8.89e-01 7.69e-01 3.04e-02 7.60e-01 3.16e-02 9.86e-04 4.80e-01 7.71e-02 3.45e-02 2.42e-02 3.14e-03
9.11e-01 8.55e-01 5.17e-03 8.50e-01 7.27e-03 6.18e-29 1.12e-01 5.54e-02 5.54e-02 5.54e-02 5.54e-02
9.04e-01 8.22e-01 5.96e-03 8.20e-01 6.26e-03 1.18e-26 1.39e-01 8.91e-02 3.67e-02 3.67e-02 1.21e-02
8.96e-01 8.29e-01 1.25e-02 8.30e-01 1.26e-02 9.75e-11 5.32e-02 2.45e-02 1.53e-02 6.53e-03 1.11e-03
8.88e-01 1.64e+00 1.18e-01 1.65e+00 1.18e-01 0.00e+00 1.46e-12 2.59e-10 2.59e-10 2.59e-10 9.10e-12
9.17e-01 8.42e-01 1.33e-02 8.40e-01 1.34e-02 4.00e-06 1.29e+00 3.06e-01 1.43e-01 1.03e-01 1.94e-02
8.82e-01 7.82e-01 4.60e-02 7.60e-01 5.11e-02 1.32e-02 8.70e-01 6.86e-02 3.74e-02 1.91e-02 2.17e-03
8.76e-01 4.59e-02 1.84e-01 2.00e-02 1.86e-01 6.14e-120 5.26e-08 1.89e-08 1.05e-08 1.05e-08 2.28e-09
8.94e-01 8.47e-01 1.06e-02 8.50e-01 1.10e-02 1.82e-05 3.05e-01 1.20e-01 5.41e-02 3.07e-02 5.41e-03
8.88e-01 8.14e-01 1.72e-02 8.10e-01 1.76e-02 1.25e-05 1.53e+00 2.75e-01 1.52e-01 1.18e-01 1.17e-02
8.77e-01 8.52e-01 4.77e-03 8.50e-01 5.14e-03 1.74e-04 2.59e-01 1.93e-01 1.93e-01 5.81e-02 9.68e-03
8.91e-01 8.83e-01 7.44e-03 8.80e-01 7.94e-03 3.42e-02 1.07e-01 5.57e-02 3.78e-02 3.78e-02 3.92e-03
8.74e-01 6.88e-02 1.96e-02 7.00e-02 1.97e-02 4.20e-13 4.67e-04 9.93e-05 4.89e-05 2.26e-05 6.69e-06
8.80e-01 7.77e-01 3.26e-02 7.70e-01 3.34e-02 2.30e-04 2.91e-01 6.60e-02 3.89e-02 1.45e-02 2.96e-03
8.88e-01 9.43e-01 4.68e-03 9.40e-01 5.50e-03 1.28e-33 1.28e-33 9.64e-03 9.64e-03 4.07e-03 4.07e-03
8.93e-01 7.71e-01 1.60e-02 7.70e-01 1.60e-02 8.89e-08 3.30e+00 7.07e-01 3.56e-01 3.56e-01 2.64e-02
8.87e-01 8.38e-01 4.26e-03 8.40e-01 4.65e-03 3.86e-20 1.88e-01 1.48e-01 1.48e-01 3.85e-02 3.85e-02
9.00e-01 7.79e-01 1.80e-02 7.80e-01 1.80e-02 9.99e-08 3.27e+00 6.96e-01 3.37e-01 1.92e-01 2.18e-02
9.15e-01 8.44e-01 1.00e-02 8.40e-01 1.06e-02 1.37e-11 2.72e-01 1.04e-01 4.80e-02 2.92e-02 4.17e-03
8.83e-01 9.38e-01 4.22e-03 9.40e-01 4.54e-03 1.65e-20 1.65e-20 1.46e-02 1.46e-02 1.46e-02 3.38e-03
8.77e-01 7.14e-01 3.34e-02 7.00e-01 3.61e-02 3.77e-03 8.15e+00 1.02e+00 3.83e-01 1.85e-01 2.99e-02
8.92e-01 8.40e-01 3.03e-03 8.40e-01 3.04e-03 8.84e-24 4.23e-02 3.84e-02 3.84e-02 3.84e-02 1.74e-03
8.95e-01 3.72e-01 2.96e-01 1.10e-01 3.96e-01 6.69e-03 1.53e+00 6.10e-02 1.85e-02 9.67e-03 1.26e-03
8.98e-01 8.35e-01 1.96e-02 8.30e-01 2.04e-02 7.81e-05 1.72e-01 3.18e-02 1.52e-02 1.01e-02 2.17e-03
9.14e-01 7.56e-01 2.24e-02 7.50e-01 2.32e-02 1.24e-06 7.59e+00 1.12e+00 6.90e-01 3.38e-01 4.14e-02
8.73e-01 7.30e-01 3.96e-02 7.20e-01 4.08e-02 2.35e-02 1.04e+01 1.01e+00 4.74e-01 2.43e-01 3.04e-02
8.89e-01 7.85e-01 6.43e-03 7.90e-01 8.01e-03 5.51e-30 2.23e+00 1.09e+00 9.72e-01 9.72e-01 8.74e-02
8.76e-01 6.98e-01 4.39e-02 7.10e-01 4.56e-02 2.30e-03 3.28e+01 2.49e+00 1.13e+00 7.11e-01 1.04e-01
9.16e-01 8.16e-01 5.03e-03 8.20e-01 6.23e-03 1.01e-65 3.91e-01 2.42e-01 1.46e-01 1.46e-01 1.46e-01
8.91e-01 8.33e-01 4.51e-03 8.30e-01 5.27e-03 1.85e-31 4.57e-02 3.30e-02 3.30e-02 1.26e-02 1.26e-02
8.96e-01 7.63e-01 3.85e-02 7.50e-01 4.07e-02 9.70e-03 7.39e+00 6.74e-01 2.81e-01 1.51e-01 3.03e-02
8.88e-01 7.27e-01 4.60e-02 7.10e-01 4.89e-02 1.10e-02 1.47e+01 1.07e+00 4.45e-01 2.85e-01 3.47e-02
8.83e-01 8.30e-01 2.59e-03 8.30e-01 2.59e-03 1.70e-28 7.85e-02 7.33e-02 7.33e-02 7.33e-02 2.95e-03
8.71e-01 7.34e-01 1.58e-02 7.30e-01 1.65e-02 2.06e-10 5.83e+00 1.42e+00 9.00e-01 3.92e-01 3.63e-02
9.13e-01 7.57e-01 2.09e-02 7.60e-01 2.12e-02 4.91e-08 6.98e+00 1.07e+00 5.98e-01 3.49e-01 3.36e-02
8.69e-01 8.07e-01 4.45e-02 8.40e-01 5.55e-02 2.20e-03 1.13e-01 1.56e-02 5.85e-03 3.51e-03 8.52e-04
9.08e-01 8.16e-01 8.75e-03 8.20e-01 9.74e-03 3.14e-16 1.13e+00 4.58e-01 4.21e-01 1.33e-01 1.03e-01
8.95e-01 7.35e-01 2.35e-02 7.30e-01 2.40e-02 5.09e-04 1.48e+00 3.41e-01 1.35e-01 8.17e-02 8.88e-03
8.86e-01 8.03e-01 1.38e-02 8.00e-01 1.41e-02 4.38e-07 1.90e-01 4.74e-02 2.31e-02 1.34e-02 2.00e-03
8.99e-01 8.30e-01 2.54e-03 8.30e-01 2.57e-03 2.88e-38 1.35e-02 1.26e-02 1.26e-02 1.26e-02 7.59e-04
8.95e-01 8.18e-01 1.97e-02 8.20e-01 1.98e-02 3.15e-04 2.36e+00 4.04e-01 1.81e-01 1.24e-01 1.43e-02
8.94e-01 8.71e-01 4.29e-02 9.10e-01 5.77e-02 3.51e-02 2.82e-01 3.33e-02 2.05e-02 1.03e-02 2.70e-03
8.86e-01 7.80e-01 2.73e-02 7.80e-01 2.73e-02 1.13e-03 6.62e+00 9.30e-01 4.51e-01 2.39e-01 2.72e-02
8.97e-01 9.53e-01 4.54e-03 9.50e-01 5.37e-03 4.68e-33 4.68e-33 1.03e-02 1.03e-02 4.15e-03 4.15e-03
8.91e-01 8.07e-01 9.66e-03 8.10e-01 1.01e-02 1.50e-13 1.42e+00 5.52e-01 2.44e-01 2.44e-01 3.89e-02
8.83e-01 7.90e-01 6.87e-03 7.90e-01 6.87e-03 1.38e-34 1.08e-01 6.40e-02 2.19e-02 2.06e-02 1.61e-03
8.82e-01 8.41e-01 2.34e-02 8.50e-01 2.49e-02 6.70e-04 5.99e-02 1.83e-02 6.54e-03 2.95e-03 2.76e-04
9.08e-01 8.50e-01 8.92e-04 8.50e-01 8.92e-04 1.51e-38 3.05e-02 3.03e-02 3.03e-02 3.03e-02 3.03e-02
8.81e-01 8.55e-01 8.72e-03 8.60e-01 1.02e-02 3.77e-04 1.43e-01 6.18e-02 4.78e-02 1.99e-02 1.34e-02
9.12e-01 7.13e-01 3.40e-02 7.00e-01 3.63e-02 1.74e-03 7.46e+00 9.80e-01 3.93e-01 1.99e-01 3.32e-02
8.95e-01 7.56e-01 3.15e-02 7.50e-01 3.21e-02 1.51e-03 1.12e+01 1.24e+00 4.93e-01 3.05e-01 3.63e-02
8.83e-01 8.92e-01 4.98e-03 8.90e-01 5.51e-03 6.65e-03 6.91e-03 2.01e-02 2.01e-02 7.48e-03 9.10e-04
8.85e-01 7.47e-01 2.91e-02 7.40e-01 2.99e-02 2.98e-03 7.18e+00 9.82e-01 4.17e-01 2.12e-01 2.35e-02
9.17e-01 9.52e-01 8.65e-03 9.50e-01 8.78e-03 1.05e-04 1.10e-04 4.39e-02 2.80e-02 1.74e-02 2.21e-03
8.67e-01 7.78e-01 6.11e-03 7.80e-01 6.38e-03 7.55e-33 1.18e-01 7.19e-02 3.40e-02 3.40e-02 1.26e-02
9.10e-01 7.89e-01 3.70e-02 7.80e-01 3.81e-02 3.20e-04 1.53e+00 1.23e-01 5.63e-02 5.10e-02 6.85e-03
8.84e-01 8.38e-01 2.68e-02 8.30e-01 2.81e-02 7.18e-02 1.74e+00 2.58e-01 9.93e-02 8.60e-02 1.33e-02
8.77e-01 7.56e-01 2.01e-02 7.60e-01 2.06e-02 2.61e-05 4.56e-01 7.69e-02 4.39e-02 1.99e-02 4.52e-03
9.05e-01 7.67e-01 1.41e-02 7.70e-01 1.44e-02 3.52e-13 2.21e+00 5.75e-01 3.08e-01 1.59e-01 1.87e-02
8.70e-01 8.25e-01 5.82e-02 8.40e-01 6.01e-02 1.38e-10 2.91e-01 2.19e-01 2.19e-01 4.18e-02 1.43e-02
8.93e-01 8.30e-01 2.89e-03 8.30e-01 2.93e-03 1.35e-37 6.06e-02 5.54e-02 5.54e-02 5.54e-02 4.18e-03
8.73e-01 8.89e-01 7.44e-02 9.30e-01 8.48e-02 3.57e-02 3.25e-01 3.66e-02 1.71e-02 8.66e-03 1.24e-03
9.19e-01 7.93e-01 1.05e-02 7.90e-01 1.09e-02 7.20e-28 7.54e-01 2.86e-01 1.41e-01 7.18e-02 1.44e-02
