1.49e+00 1.49e+00 3.23e-02 1.50e+00 3.28e-02 1.56e-03 4.25e-03 1.41e-03 6.94e-04 3.24e-04 2.78e-05
1.46e+00 1.33e+00 4.23e-02 1.32e+00 4.34e-02 1.35e-03 7.14e-01 5.74e-02 2.49e-02 1.57e-02 1.43e-03
1.45e+00 1.48e+00 7.60e-03 1.48e+00 8.65e-03 1.58e-07 1.59e-07 1.70e-04 1.31e-04 3.25e-05 2.57e-05
1.44e+00 1.55e+00 2.86e-02 1.54e+00 3.13e-02 2.99e-09 3.34e-09 4.30e-04 1.87e-04 1.22e-04 2.16e-05
1.45e+00 1.74e+00 1.16e-02 1.74e+00 1.22e-02 2.73e-204 8.37e-177 2.74e-07 1.76e-07 1.76e-07 2.38e-08
1.43e+00 1.50e+00 1.52e-02 1.50e+00 1.53e-02 2.44e-07 2.91e-07 1.25e-03 4.25e-04 3.82e-04 6.26e-05
1.46e+00 1.47e+00 3.39e-02 1.48e+00 3.46e-02 1.85e-03 6.60e-03 2.01e-03 7.57e-04 4.18e-04 6.52e-05
1.47e+00 1.78e+00 7.46e-03 1.78e+00 7.46e-03 2.17e-300 1.16e-252 1.04e-07 3.07e-08 2.60e-08 2.60e-09
1.49e+00 1.77e+00 1.03e-02 1.78e+00 1.22e-02 4.05e-219 1.19e-200 1.04e-07 3.43e-08 2.03e-08 1.35e-08
1.48e+00 1.69e+00 1.00e-02 1.69e+00 1.03e-02 3.29e-101 3.29e-101 1.20e-06 6.04e-07 6.04e-07 7.85e-08
1.48e+00 1.49e+00 2.72e-02 1.49e+00 2.75e-02 1.57e-03 4.07e-03 1.60e-03 6.92e-04 3.55e-04 4.67e-05
1.43e+00 1.63e+00 1.20e-02 1.63e+00 1.20e-02 1.60e-42 2.65e-14 1.66e-05 1.45e-05 5.65e-06 8.52e-07
1.49e+00 1.48e+00 9.46e-02 1.50e+00 9.78e-02 1.22e-03 1.13e-02 1.11e-03 4.63e-04 3.22e-04 3.92e-05
1.46e+00 1.50e+00 2.99e-02 1.50e+00 3.00e-02 4.92e-04 1.16e-03 1.53e-03 6.70e-04 3.26e-04 2.87e-05
1.45e+00 1.69e+00 1.74e-02 1.69e+00 1.75e-02 5.71e-57 5.71e-57 1.10e-06 5.47e-07 3.62e-07 7.24e-08
1.47e+00 1.45e+00 6.50e-02 1.48e+00 7.12e-02 2.31e-03 1.37e-02 1.93e-03 5.89e-04 3.76e-04 6.26e-05
1.47e+00 1.51e+00 2.22e-02 1.50e+00 2.34e-02 2.76e-03 4.77e-03 1.05e-02 4.38e-03 2.27e-03 3.32e-04
1.44e+00 1.53e+00 4.54e-03 1.53e+00 4.98e-03 1.61e-86 1.61e-86 5.69e-05 5.69e-05 5.69e-05 1.43e-05
1.49e+00 1.41e+00 2.35e-02 1.40e+00 2.42e-02 2.36e-07 2.33e-02 4.73e-03 2.36e-03 1.15e-03 1.43e-04
1.48e+00 1.47e+00 3.93e-02 1.47e+00 3.95e-02 2.84e-03 1.68e-02 2.41e-03 9.97e-04 4.91e-04 5.95e-05
1.46e+00 1.47e+00 5.65e-03 1.47e+00 5.71e-03 1.80e-05 1.87e-05 2.07e-04 2.07e-04 5.53e-05 3.13e-05
1.46e+00 1.76e+00 1.55e-02 1.75e+00 1.72e-02 1.23e-94 1.27e-77 2.53e-07 1.08e-07 9.03e-08 1.27e-08
1.45e+00 1.71e+00 1.26e-02 1.71e+00 1.29e-02 2.69e-112 8.23e-104 5.45e-07 3.15e-07 2.03e-07 2.36e-08
1.43e+00 1.48e+00 5.68e-02 1.48e+00 5.68e-02 1.26e-03 4.44e-03 1.79e-03 6.58e-04 3.78e-04 5.40e-05
1.47e+00 1.71e+00 4.04e-02 1.71e+00 4.04e-02 1.03e-14 1.55e-11 6.07e-06 2.50e-06 1.71e-06 1.98e-07
1.45e+00 1.46e+00 6.24e-02 1.45e+00 6.26e-02 3.76e-03 2.09e-02 3.03e-03 1.20e-03 6.10e-04 7.63e-05
1.43e+00 1.71e+00 3.48e-02 1.71e+00 3.48e-02 7.70e-21 1.58e-15 6.70e-06 2.86e-06 1.67e-06 2.45e-07
1.45e+00 1.42e+00 6.19e-02 1.37e+00 8.16e-02 1.56e-03 2.79e-02 2.24e-03 1.07e-03 7.15e-04 1.04e-04
1.45e+00 1.41e+00 5.62e-02 1.36e+00 7.55e-02 2.83e-03 3.77e-02 2.85e-03 1.37e-03 7.65e-04 1.74e-04
1.47e+00 1.38e+00 3.19e-02 1.38e+00 3.19e-02 2.14e-03 8.58e-01 9.35e-02 4.22e-02 2.72e-02 3.74e-03
1.47e+00 1.70e+00 3.64e-02 1.71e+00 3.70e-02 4.64e-15 1.09e-14 8.17e-06 3.24e-06 1.98e-06 3.38e-07
1.47e+00 1.53e+00 3.67e-02 1.53e+00 3.67e-02 1.09e-04 2.50e-04 8.38e-04 3.84e-04 1.97e-04 2.53e-05
1.48e+00 1.79e+00 6.68e-03 1.78e+00 8.70e-03 0.00e+00 0.00e+00 9.05e-08 7.82e-08 7.82e-08 2.73e-09
1.46e+00 1.68e+00 4.92e-02 1.68e+00 4.92e-02 7.29e-12 4.69e-10 1.28e-05 5.33e-06 3.07e-06 4.84e-07
1.46e+00 1.60e+00 1.19e-02 1.60e+00 1.25e-02 1.27e-59 1.27e-59 1.01e-05 6.18e-06 4.63e-06 1.20e-06
1.46e+00 1.45e+00 4.76e-02 1.48e+00 5.46e-02 1.94e-03 9.55e-03 2.31e-03 6.78e-04 4.15e-04 8.30e-05
1.44e+00 1.65e+00 1.85e-02 1.65e+00 1.85e-02 1.34e-49 1.34e-49 3.13e-06 1.81e-06 9.22e-07 1.15e-07
1.46e+00 1.70e+00 3.21e-02 1.69e+00 3.27e-02 3.79e-19 6.29e-19 9.47e-06 3.92e-06 2.62e-06 3.14e-07
1.44e+00 1.35e+00 9.13e-02 1.36e+00 9.18e-02 7.16e-03 5.34e-01 4.08e-02 1.61e-02 8.06e-03 5.37e-04
1.44e+00 1.37e+00 6.52e-02 1.34e+00 7.22e-02 3.86e-03 1.17e-01 7.83e-03 3.19e-03 2.00e-03 2.49e-04
1.46e+00 1.51e+00 4.24e-02 1.50e+00 4.29e-02 7.35e-04 2.00e-03 1.18e-03 5.16e-04 2.83e-04 3.54e-05
1.45e+00 1.50e+00 5.67e-02 1.48e+00 6.00e-02 9.45e-04 3.22e-03 8.76e-04 4.29e-04 2.70e-04 2.35e-05
1.44e+00 1.47e+00 6.90e-02 1.50e+00 7.68e-02 7.53e-04 7.42e-03 1.32e-03 4.80e-04 3.06e-04 4.36e-05
1.49e+00 1.13e+00 4.37e-02 1.13e+00 4.37e-02 1.26e-09 3.06e+01 2.30e+00 1.01e+00 6.33e-01 7.20e-02
1.48e+00 1.51e+00 2.08e-02 1.51e+00 2.12e-02 1.50e-03 2.30e-03 7.10e-03 3.55e-03 1.92e-03 2.45e-04
1.45e+00 1.31e+00 6.51e-02 1.31e+00 6.53e-02 1.93e-03 7.36e-01 4.14e-02 1.71e-02 8.56e-03 1.10e-03
1.49e+00 1.51e+00 4.63e-02 1.50e+00 4.66e-02 1.30e-03 5.83e-03 1.04e-03 4.15e-04 2.77e-04 3.46e-05
1.47e+00 1.71e+00 4.66e-02 1.71e+00 4.66e-02 4.80e-12 9.21e-10 6.33e-06 2.99e-06 1.55e-06 1.55e-07
1.45e+00 1.38e+00 3.70e-02 1.36e+00 4.02e-02 2.95e-03 1.57e-01 1.36e-02 6.20e-03 3.52e-03 4.19e-04
1.49e+00 1.77e+00 2.20e-02 1.77e+00 2.21e-02 7.06e-46 3.64e-35 2.43e-07 1.16e-07 5.50e-08 7.50e-09
1.47e+00 1.39e+00 5.13e-02 1.39e+00 5.14e-02 1.35e-02 7.97e-01 6.81e-02 2.83e-02 1.82e-02 2.54e-03
1.45e+00 1.34e+00 4.46e-02 1.33e+00 4.52e-02 2.59e-03 7.39e-01 6.05e-02 2.72e-02 1.49e-02 1.81e-03
1.48e+00 1.57e+00 5.24e-02 1.55e+00 5.53e-02 2.49e-05 5.74e-05 2.40e-04 1.04e-04 5.35e-05 7.23e-06
1.50e+00 1.43e+00 1.05e-01 1.47e+00 1.14e-01 1.35e-02 2.07e-01 1.52e-02 7.70e-03 3.51e-03 2.92e-04
1.44e+00 1.41e+00 2.98e-02 1.40e+00 3.07e-02 4.23e-03 7.09e-02 1.04e-02 4.55e-03 2.72e-03 2.95e-04
1.46e+00 1.53e+00 2.88e-02 1.52e+00 2.93e-02 3.14e-05 4.48e-05 8.47e-04 4.11e-04 2.59e-04 3.55e-05
1.44e+00 1.28e+00 6.23e-02 1.28e+00 6.24e-02 3.61e-03 1.81e+00 9.91e-02 3.75e-02 2.35e-02 3.18e-03
1.46e+00 1.67e+00 4.63e-02 1.68e+00 4.68e-02 1.19e-12 6.70e-12 1.61e-05 6.49e-06 3.68e-06 4.85e-07
1.47e+00 1.72e+00 1.69e-02 1.72e+00 1.72e-02 1.84e-60 1.84e-60 5.99e-07 2.37e-07 1.83e-07 2.71e-08
1.45e+00 1.49e+00 2.65e-02 1.49e+00 2.65e-02 4.72e-04 9.17e-04 1.83e-03 8.57e-04 5.06e-04 6.20e-05
1.47e+00 1.49e+00 2.59e-01 1.53e+00 2.62e-01 2.68e-04 1.21e-03 6.15e-04 2.35e-04 1.37e-04 1.14e-05
1.44e+00 1.48e+00 3.69e-02 1.49e+00 3.74e-02 6.47e-04 2.04e-03 1.82e-03 7.06e-04 4.28e-04 4.28e-05
1.44e+00 1.34e+00 1.52e-01 1.50e+00 2.22e-01 2.69e-03 1.27e-01 1.07e-02 3.80e-03 2.09e-03 3.17e-04
1.47e+00 1.56e+00 1.02e-01 1.54e+00 1.03e-01 3.63e-05 9.38e-05 2.68e-04 1.05e-04 6.29e-05 6.45e-06
1.46e+00 1.75e+00 1.70e-02 1.75e+00 1.70e-02 5.81e-74 1.08e-65 1.94e-07 1.10e-07 6.04e-08 1.62e-08
1.48e+00 1.50e+00 3.66e-02 1.50e+00 3.67e-02 1.30e-03 3.93e-03 1.26e-03 5.85e-04 3.13e-04 4.12e-05
1.43e+00 1.48e+00 2.20e-02 1.48e+00 2.21e-02 1.65e-04 2.91e-04 2.02e-03 9.01e-04 6.01e-04 7.21e-05
1.46e+00 1.49e+00 1.93e-02 1.50e+00 2.01e-02 3.49e-04 5.61e-04 1.62e-03 6.90e-04 5.52e-04 3.68e-05
1.43e+00 1.64e+00 5.13e-02 1.65e+00 5.30e-02 9.92e-11 3.14e-10 2.91e-05 1.45e-05 8.21e-06 1.17e-06
1.47e+00 1.75e+00 1.11e-02 1.75e+00 1.13e-02 1.50e-157 4.05e-140 2.40e-07 8.68e-08 4.58e-08 1.57e-08
1.43e+00 1.65e+00 5.78e-02 1.65e+00 5.78e-02 6.30e-10 4.72e-08 2.02e-05 8.70e-06 5.50e-06 8.95e-07
1.43e+00 1.32e+00 6.29e-02 1.31e+00 6.42e-02 7.04e-03 6.65e-01 3.97e-02 1.57e-02 9.15e-03 1.05e-03
1.46e+00 1.23e+00 6.54e-02 1.28e+00 8.01e-02 8.25e-06 5.81e+00 2.92e-01 1.22e-01 8.12e-02 1.22e-02
1.44e+00 1.34e+00 5.03e-02 1.34e+00 5.03e-02 3.51e-03 6.96e-01 5.51e-02 2.57e-02 1.42e-02 1.32e-03
1.45e+00 1.73e+00 3.56e-02 1.72e+00 3.61e-02 3.23e-21 3.76e-16 4.06e-06 2.22e-06 9.94e-07 1.31e-07
1.45e+00 1.36e+00 2.27e-02 1.36e+00 2.29e-02 1.42e-04 3.05e-01 4.82e-02 2.55e-02 1.39e-02 2.03e-03
1.46e+00 1.50e+00 6.38e-02 1.53e+00 7.07e-02 3.70e-04 3.53e-03 9.53e-04 3.28e-04 1.70e-04 2.92e-05
1.48e+00 1.79e+00 8.64e-03 1.78e+00 1.07e-02 6.94e-269 5.25e-200 8.99e-08 7.81e-08 2.21e-08 5.42e-09
1.49e+00 1.44e+00 4.21e-02 1.45e+00 4.26e-02 1.42e-02 2.31e-01 2.12e-02 1.08e-02 6.29e-03 8.31e-04
1.46e+00 1.72e+00 1.49e-02 1.72e+00 1.50e-02 7.48e-81 7.48e-81 3.81e-07 2.21e-07 1.49e-07 2.21e-08
1.49e+00 1.56e+00 2.40e-02 1.56e+00 2.41e-02 3.18e-08 3.28e-08 1.45e-04 7.66e-05 4.84e-05 6.16e-06
1.45e+00 1.65e+00 5.06e-02 1.65e+00 5.06e-02 1.04e-08 1.71e-08 2.19e-05 9.96e-06 5.69e-06 7.11e-07
1.45e+00 1.64e+00 5.18e-02 1.65e+00 5.30e-02 3.16e-10 4.73e-10 2.86e-05 1.45e-05 7.80e-06 1.11e-06
1.44e+00 1.34e+00 1.22e-02 1.34e+00 1.25e-02 3.51e-15 2.16e-02 7.07e-03 2.73e-03 2.73e-03 3.20e-04
1.45e+00 1.52e+00 2.29e-02 1.51e+00 2.37e-02 8.97e-06 1.33e-05 1.29e-03 6.10e-04 3.25e-04 4.06e-05
1.45e+00 1.69e+00 4.45e-02 1.69e+00 4.47e-02 3.20e-13 3.17e-11 9.83e-06 3.71e-06 2.47e-06 2.35e-07
1.44e+00 1.52e+00 1.55e-02 1.52e+00 1.55e-02 1.99e-11 2.05e-11 3.39e-04 2.19e-04 1.47e-04 1.97e-05
1.45e+00 1.75e+00 3.02e-02 1.75e+00 3.04e-02 2.80e-31 1.05e-21 1.75e-06 7.58e-07 4.02e-07 1.03e-07
1.47e+00 1.52e+00 2.04e-02 1.52e+00 2.06e-02 8.67e-05 2.12e-04 5.46e-03 2.71e-03 1.62e-03 3.88e-04
1.45e+00 1.50e+00 1.10e-02 1.50e+00 1.16e-02 1.13e-07 1.15e-07 1.24e-04 5.28e-05 4.22e-05 6.21e-06
1.47e+00 1.51e+00 1.90e-02 1.50e+00 2.03e-02 1.19e-03 1.68e-03 8.81e-03 4.24e-03 1.89e-03 4.15e-04
1.45e+00 1.39e+00 7.25e-02 1.38e+00 7.39e-02 8.62e-03 2.39e-01 2.24e-02 1.04e-02 5.27e-03 5.54e-04
1.48e+00 1.68e+00 9.53e-03 1.68e+00 1.01e-02 1.30e-106 1.30e-106 1.56e-06 1.18e-06 5.24e-07 9.39e-08
1.46e+00 1.50e+00 3.05e-02 1.50e+00 3.08e-02 6.27e-03 1.57e-02 9.83e-03 5.16e-03 2.12e-03 3.11e-04
1.47e+00 1.62e+00 5.45e-02 1.62e+00 5.46e-02 2.61e-07 4.10e-07 4.27e-05 1.97e-05 1.15e-05 1.33e-06
1.45e+00 1.48e+00 3.82e-02 1.47e+00 3.87e-02 2.22e-03 6.79e-03 2.32e-03 8.45e-04 4.79e-04 7.04e-05
1.50e+00 1.18e+00 8.78e-02 1.16e+00 8.97e-02 1.80e-03 5.22e+00 2.03e-01 7.86e-02 5.09e-02 6.17e-03
1.45e+00 1.36e+00 6.08e-02 1.34e+00 6.50e-02 1.69e-03 1.44e-01 1.09e-02 5.20e-03 2.26e-03 3.77e-04
1.45e+00 1.74e+00 1.60e-02 1.75e+00 1.82e-02 1.12e-86 5.84e-83 2.38e-07 1.15e-07 1.15e-07 7.93e-09
1.48e+00 1.51e+00 3.56e-02 1.50e+00 3.65e-02 9.84e-04 2.67e-03 1.12e-03 5.57e-04 2.90e-04 4.45e-05
1.48e+00 1.55e+00 1.07e-01 1.53e+00 1.09e-01 5.94e-05 2.21e-04 3.20e-04 1.15e-04 7.19e-05 8.21e-06
1.43e+00 1.54e+00 1.28e-02 1.53e+00 1.69e-02 7.23e-30 7.24e-30 6.76e-05 4.07e-05 2.14e-05 2.04e-06
1.46e+00 1.46e+00 5.66e-02 1.48e+00 6.18e-02 2.07e-03 1.06e-02 1.95e-03 6.76e-04 3.38e-04 5.20e-05
1.48e+00 1.05e+00 9.70e-02 1.02e+00 1.01e-01 1.66e-02 8.04e+00 3.93e-01 1.63e-01 1.15e-01 1.07e-02
1.46e+00 1.74e+00 1.64e-02 1.75e+00 1.93e-02 6.01e-73 2.32e-70 2.61e-07 1.18e-07 5.47e-08 1.23e-08
1.47e+00 1.52e+00 3.79e-02 1.50e+00 4.10e-02 5.44e-04 1.35e-03 1.03e-03 4.94e-04 2.50e-04 3.13e-05
1.46e+00 1.50e+00 4.08e-02 1.50e+00 4.08e-02 5.91e-04 1.78e-03 1.29e-03 5.13e-04 2.99e-04 2.57e-05
1.48e+00 1.68e+00 8.12e-03 1.68e+00 8.33e-03 1.66e-117 1.66e-117 1.56e-06 8.84e-07 4.70e-07 5.48e-08
1.43e+00 1.60e+00 2.92e-01 1.65e+00 2.97e-01 1.60e-08 1.20e-05 1.99e-05 8.13e-06 4.63e-06 5.00e-07
1.44e+00 1.69e+00 4.16e-02 1.68e+00 4.19e-02 4.84e-15 8.61e-14 1.26e-05 5.73e-06 2.94e-06 3.98e-07
1.48e+00 1.34e+00 3.02e-02 1.34e+00 3.06e-02 6.54e-05 1.49e+00 1.61e-01 6.55e-02 3.93e-02 6.05e-03
1.49e+00 1.79e+00 7.23e-03 1.78e+00 8.95e-03 3.15e-293 4.05e-283 1.01e-07 7.80e-08 7.80e-08 6.08e-09
1.47e+00 1.70e+00 4.62e-02 1.69e+00 4.69e-02 4.05e-12 1.28e-11 7.92e-06 3.74e-06 1.92e-06 2.95e-07
1.46e+00 1.69e+00 1.16e-02 1.68e+00 1.27e-02 3.93e-100 3.93e-100 1.29e-06 5.20e-07 4.94e-07 1.30e-07
1.44e+00 1.76e+00 1.35e-02 1.75e+00 1.49e-02 3.50e-140 2.70e-101 2.42e-07 8.77e-08 5.48e-08 7.31e-09
1.46e+00 1.36e+00 5.53e-02 1.36e+00 5.54e-02 4.79e-03 2.75e-01 1.73e-02 8.09e-03 4.10e-03 7.03e-04
1.49e+00 1.51e+00 1.65e-02 1.51e+00 1.65e-02 3.09e-03 4.65e-03 8.30e-03 3.80e-03 1.64e-03 4.75e-04
1.43e+00 1.48e+00 4.15e-02 1.50e+00 4.43e-02 2.63e-04 1.59e-03 1.52e-03 7.17e-04 2.45e-04 3.93e-05
1.49e+00 1.76e+00 1.19e-02 1.76e+00 1.29e-02 4.45e-176 3.58e-170 1.37e-07 1.04e-07 1.04e-07 9.26e-09
1.44e+00 1.48e+00 6.12e-02 1.47e+00 6.14e-02 1.69e-03 7.76e-03 1.60e-03 7.03e-04 4.22e-04 4.32e-05
1.46e+00 1.49e+00 3.52e-02 1.49e+00 3.55e-02 1.14e-03 3.57e-03 1.79e-03 7.47e-04 4.59e-04 4.27e-05
1.47e+00 1.25e+00 1.35e-01 1.22e+00 1.38e-01 1.55e-02 8.90e-01 2.67e-02 1.01e-02 5.90e-03 9.52e-04
1.45e+00 1.66e+00 1.86e-02 1.66e+00 1.89e-02 5.55e-40 5.55e-40 2.37e-06 1.25e-06 1.01e-06 1.26e-07
1.47e+00 1.48e+00 6.17e-02 1.50e+00 6.45e-02 5.67e-04 5.46e-03 1.07e-03 3.70e-04 2.42e-04 3.56e-05
1.48e+00 1.55e+00 2.30e-02 1.54e+00 2.58e-02 3.45e-07 3.66e-07 2.85e-04 1.20e-04 7.76e-05 1.27e-05
1.45e+00 1.69e+00 4.86e-02 1.69e+00 4.86e-02 1.27e-12 5.18e-09 9.71e-06 3.66e-06 2.63e-06 3.05e-07
1.45e+00 1.34e+00 5.79e-02 1.33e+00 5.82e-02 5.59e-03 5.16e-01 2.88e-02 1.16e-02 7.34e-03 9.65e-04
1.43e+00 1.36e+00 1.59e-01 1.29e+00 1.73e-01 5.14e-15 2.58e-03 3.71e-04 9.13e-05 5.37e-05 8.06e-06
1.44e+00 1.30e+00 3.67e-02 1.30e+00 3.67e-02 3.40e-04 1.18e+00 1.29e-01 5.50e-02 2.75e-02 3.82e-03
1.44e+00 1.47e+00 4.13e-02 1.48e+00 4.20e-02 1.14e-03 4.86e-03 2.08e-03 7.35e-04 4.15e-04 4.74e-05
1.48e+00 1.64e+00 1.43e-02 1.64e+00 1.43e-02 2.43e-41 2.43e-41 3.36e-06 1.55e-06 1.24e-06 9.23e-08
1.48e+00 1.52e+00 3.50e-02 1.51e+00 3.58e-02 4.43e-04 1.08e-03 1.02e-03 4.29e-04 2.29e-04 2.35e-05
1.45e+00 1.70e+00 1.73e-02 1.69e+00 1.87e-02 4.92e-63 4.94e-63 1.03e-06 4.90e-07 3.07e-07 5.92e-08
1.45e+00 1.22e+00 1.07e-01 1.15e+00 1.27e-01 3.90e-03 1.61e+00 8.85e-02 3.21e-02 1.84e-02 2.62e-03
1.44e+00 1.70e+00 4.27e-02 1.69e+00 4.30e-02 2.27e-15 1.47e-11 9.57e-06 4.58e-06 2.35e-06 3.52e-07
1.45e+00 1.47e+00 5.99e-02 1.50e+00 6.65e-02 4.65e-04 6.10e-03 1.14e-03 4.47e-04 2.96e-04 3.99e-05
1.45e+00 1.49e+00 5.49e-02 1.50e+00 5.53e-02 5.29e-04 2.95e-03 1.23e-03 4.69e-04 2.15e-04 3.84e-05
1.46e+00 1.69e+00 3.48e-02 1.69e+00 3.48e-02 2.60e-17 2.68e-17 1.15e-05 4.77e-06 2.99e-06 4.99e-07
1.48e+00 1.57e+00 4.06e-02 1.56e+00 4.13e-02 1.35e-05 2.16e-05 2.74e-04 1.30e-04 8.34e-05 1.33e-05
1.45e+00 1.59e+00 1.91e-02 1.59e+00 1.91e-02 4.01e-35 4.01e-35 1.25e-05 5.68e-06 4.50e-06 5.16e-07
1.44e+00 1.48e+00 4.23e-02 1.49e+00 4.42e-02 8.00e-04 3.45e-03 1.85e-03 6.62e-04 3.84e-04 5.34e-05
1.45e+00 1.69e+00 2.83e-02 1.68e+00 2.91e-02 1.87e-24 2.88e-22 5.14e-06 2.70e-06 1.47e-06 1.57e-07
1.48e+00 1.52e+00 2.59e-02 1.53e+00 2.64e-02 1.84e-03 3.25e-03 5.81e-03 2.47e-03 1.32e-03 1.98e-04
1.44e+00 1.72e+00 3.97e-02 1.72e+00 4.00e-02 3.22e-18 1.93e-11 4.55e-06 2.04e-06 1.41e-06 1.73e-07
1.46e+00 1.41e+00 4.64e-02 1.40e+00 4.75e-02 9.00e-03 2.27e-01 2.27e-02 8.73e-03 5.60e-03 7.82e-04
1.49e+00 1.23e+00 1.21e-01 1.27e+00 1.27e-01 7.87e-03 1.48e+00 5.03e-02 1.74e-02 1.01e-02 1.45e-03
1.48e+00 1.51e+00 1.60e-02 1.50e+00 1.77e-02 1.42e-03 1.92e-03 7.83e-03 4.10e-03 1.70e-03 3.24e-04
1.48e+00 1.48e+00 2.28e-02 1.48e+00 2.32e-02 2.63e-03 8.09e-03 2.50e-03 8.65e-04 6.62e-04 9.46e-05
1.44e+00 1.52e+00 4.60e-02 1.52e+00 4.60e-02 7.21e-05 5.35e-04 9.41e-04 3.92e-04 1.46e-04 2.61e-05
1.46e+00 1.52e+00 9.87e-03 1.52e+00 1.01e-02 8.07e-15 8.07e-15 5.71e-05 3.54e-05 3.54e-05 6.38e-06
1.48e+00 1.71e+00 4.46e-02 1.71e+00 4.46e-02 7.41e-13 4.87e-11 6.07e-06 2.86e-06 1.51e-06 2.32e-07
1.44e+00 1.50e+00 3.72e-02 1.50e+00 3.75e-02 2.12e-04 6.34e-04 1.27e-03 5.40e-04 3.30e-04 4.03e-05
1.45e+00 8.68e-01 7.45e-01 7.00e-02 1.09e+00 4.75e-05 2.25e-03 2.13e-04 7.23e-05 4.41e-05 7.05e-06
1.45e+00 1.73e+00 3.58e-02 1.72e+00 3.74e-02 2.97e-21 1.03e-16 4.34e-06 1.83e-06 1.11e-06 1.49e-07
1.44e+00 1.67e+00 4.95e-02 1.67e+00 4.97e-02 1.57e-12 3.52e-11 1.65e-05 6.35e-06 4.69e-06 6.25e-07
1.54e+00 1.45e+00 2.77e-01 1.50e+00 2.82e-01 8.98e-04 1.27e-02 8.67e-04 3.29e-04 1.64e-04 2.83e-05
1.53e+00 1.59e+00 2.31e-02 1.60e+00 2.38e-02 1.55e-07 1.68e-07 1.11e-05 5.44e-06 4.47e-06 7.12e-07
1.51e+00 1.47e+00 4.21e-02 1.47e+00 4.21e-02 1.47e-03 2.16e-02 2.02e-03 9.35e-04 4.54e-04 6.87e-05
1.50e+00 1.11e+00 1.35e-01 1.09e+00 1.36e-01 1.41e-05 5.91e-02 5.06e-03 2.03e-03 1.10e-03 1.61e-04
1.50e+00 1.39e+00 5.10e-02 1.39e+00 5.12e-02 1.23e-03 1.25e-01 7.71e-03 3.50e-03 2.53e-03 2.53e-04
1.54e+00 1.56e+00 2.06e-02 1.56e+00 2.06e-02 1.63e-03 3.08e-03 1.93e-03 9.26e-04 7.74e-04 7.03e-05
1.50e+00 1.75e+00 2.08e-02 1.75e+00 2.09e-02 2.14e-36 2.14e-36 4.32e-07 2.06e-07 1.83e-07 2.32e-08
1.53e+00 1.53e+00 2.80e-02 1.53e+00 2.83e-02 8.78e-04 3.70e-03 7.96e-04 4.60e-04 2.16e-04 2.88e-05
1.52e+00 1.33e+00 3.29e-01 1.39e+00 3.35e-01 1.93e-03 1.33e-01 6.48e-03 2.35e-03 1.35e-03 1.74e-04
1.50e+00 1.76e+00 1.27e-02 1.75e+00 1.47e-02 2.37e-98 2.37e-98 2.41e-07 6.78e-08 5.69e-08 1.09e-08
1.53e+00 1.49e+00 5.67e-03 1.49e+00 7.21e-03 1.32e-13 2.56e-04 1.35e-04 1.13e-04 1.13e-04 5.42e-06
1.53e+00 1.32e+00 4.86e-02 1.32e+00 4.86e-02 2.28e-06 5.21e-01 3.69e-02 1.60e-02 8.33e-03 1.43e-03
1.53e+00 1.54e+00 4.72e-02 1.53e+00 4.84e-02 7.97e-04 3.79e-03 6.53e-04 2.83e-04 1.62e-04 1.66e-05
1.49e+00 1.22e+00 5.06e-02 1.23e+00 5.14e-02 9.14e-06 8.51e+00 5.56e-01 2.36e-01 1.35e-01 1.69e-02
1.54e+00 1.52e+00 2.63e-02 1.51e+00 2.85e-02 5.43e-04 4.18e-03 6.87e-04 3.69e-04 2.12e-04 3.14e-05
1.53e+00 1.46e+00 4.18e-02 1.47e+00 4.26e-02 3.56e-04 2.25e-02 2.35e-03 8.14e-04 4.14e-04 6.90e-05
1.50e+00 1.68e+00 2.19e-01 1.71e+00 2.21e-01 2.37e-09 1.33e-06 5.30e-06 2.16e-06 1.18e-06 1.64e-07
1.49e+00 1.75e+00 1.26e-02 1.75e+00 1.26e-02 2.28e-89 2.28e-89 2.42e-07 1.12e-07 4.62e-08 1.70e-08
1.52e+00 1.74e+00 1.33e-02 1.74e+00 1.41e-02 5.45e-62 5.45e-62 3.03e-07 2.30e-07 2.30e-07 1.11e-08
1.52e+00 1.43e+00 4.58e-02 1.43e+00 4.58e-02 4.53e-04 5.38e-02 3.76e-03 1.57e-03 9.84e-04 1.75e-04
1.51e+00 1.59e+00 2.67e-02 1.59e+00 2.71e-02 2.89e-08 3.13e-08 3.42e-05 1.82e-05 1.07e-05 1.78e-06
1.50e+00 1.46e+00 5.16e-02 1.48e+00 5.47e-02 1.74e-03 1.36e-02 1.91e-03 5.81e-04 2.85e-04 5.48e-05
1.50e+00 1.74e+00 1.54e-02 1.75e+00 1.80e-02 1.08e-60 1.08e-60 2.40e-07 1.23e-07 1.06e-07 1.32e-08
1.49e+00 1.76e+00 1.25e-02 1.76e+00 1.29e-02 3.19e-123 3.19e-123 1.58e-07 1.02e-07 1.02e-07 1.91e-08
1.50e+00 1.07e+00 4.27e-02 1.08e+00 4.34e-02 3.50e-04 4.49e+01 3.43e+00 1.53e+00 1.00e+00 1.23e-01
1.52e+00 1.52e+00 7.60e-02 1.51e+00 7.66e-02 9.92e-04 6.05e-03 8.34e-04 3.51e-04 1.93e-04 2.03e-05
1.50e+00 1.75e+00 1.41e-02 1.75e+00 1.43e-02 2.58e-66 2.58e-66 2.47e-07 8.21e-08 4.97e-08 7.46e-09
1.51e+00 1.48e+00 3.01e-02 1.48e+00 3.02e-02 4.53e-04 6.82e-03 1.41e-03 6.00e-04 2.25e-04 3.00e-05
1.50e+00 1.48e+00 1.05e-02 1.48e+00 1.14e-02 1.09e-04 5.36e-04 2.04e-04 8.82e-05 6.98e-05 1.23e-05
1.52e+00 1.34e+00 9.50e-02 1.36e+00 9.73e-02 4.07e-03 5.66e-01 5.11e-02 1.54e-02 7.21e-03 9.41e-04
1.52e+00 1.46e+00 2.54e-02 1.46e+00 2.54e-02 1.07e-03 1.48e-01 2.11e-02 1.14e-02 6.96e-03 5.80e-04
1.53e+00 1.41e+00 6.62e-02 1.37e+00 7.52e-02 6.92e-04 7.25e-02 3.39e-03 1.71e-03 1.06e-03 1.76e-04
1.53e+00 1.78e+00 1.33e-02 1.78e+00 1.33e-02 2.63e-82 2.63e-82 1.04e-07 5.61e-08 2.05e-08 6.30e-09
1.54e+00 1.45e+00 4.32e-02 1.47e+00 4.63e-02 2.07e-04 2.68e-02 2.84e-03 8.86e-04 5.18e-04 6.68e-05
1.51e+00 1.53e+00 1.52e-01 1.53e+00 1.52e-01 5.10e-04 2.07e-03 4.73e-04 1.87e-04 8.90e-05 9.53e-06
1.50e+00 1.54e+00 1.50e-02 1.54e+00 1.54e-02 2.36e-05 2.65e-05 6.57e-04 3.70e-04 1.68e-04 3.30e-05
1.53e+00 1.47e+00 6.73e-02 1.43e+00 7.83e-02 1.05e-03 2.55e-02 2.09e-03 8.70e-04 4.95e-04 8.03e-05
1.50e+00 1.37e+00 1.07e-01 1.50e+00 1.66e-01 1.10e-02 1.66e-01 9.04e-03 4.35e-03 2.54e-03 3.39e-04
1.51e+00 1.71e+00 4.23e-02 1.71e+00 4.24e-02 1.21e-10 1.72e-10 5.83e-06 2.78e-06 1.50e-06 2.26e-07
1.51e+00 1.11e+00 3.87e-02 1.11e+00 3.87e-02 3.83e-04 2.46e+01 2.20e+00 9.96e-01 4.77e-01 7.01e-02
1.53e+00 1.61e+00 1.92e-02 1.61e+00 1.93e-02 6.73e-09 7.39e-09 7.24e-06 4.47e-06 2.04e-06 5.11e-07
1.49e+00 1.37e+00 8.83e-03 1.37e+00 9.17e-03 1.94e-06 7.77e-02 3.61e-02 2.56e-02 1.03e-02 1.81e-03
1.52e+00 1.75e+00 1.56e-02 1.75e+00 1.56e-02 4.33e-53 4.33e-53 2.61e-07 8.66e-08 4.20e-08 9.18e-09
1.50e+00 1.37e+00 5.62e-02 1.36e+00 5.69e-02 1.35e-04 2.53e-01 4.69e-02 2.00e-02 1.13e-02 8.69e-04
1.51e+00 1.55e+00 5.09e-02 1.53e+00 5.36e-02 5.28e-04 1.61e-03 5.18e-04 2.28e-04 1.38e-04 1.45e-05
1.50e+00 1.52e+00 2.55e-02 1.51e+00 2.61e-02 1.23e-03 3.07e-03 1.12e-03 4.35e-04 2.46e-04 4.41e-05
1.51e+00 1.44e+00 2.99e-02 1.44e+00 2.99e-02 1.16e-04 3.60e-02 3.81e-03 2.05e-03 1.06e-03 1.76e-04
1.50e+00 1.75e+00 1.51e-02 1.75e+00 1.52e-02 1.13e-61 1.13e-61 2.64e-07 8.89e-08 4.51e-08 1.06e-08
1.53e+00 1.50e+00 5.11e-02 1.50e+00 5.12e-02 1.02e-03 1.17e-02 1.18e-03 4.01e-04 2.90e-04 2.97e-05
1.52e+00 1.49e+00 2.27e-01 1.53e+00 2.31e-01 8.31e-04 5.05e-03 7.01e-04 2.03e-04 1.18e-04 1.81e-05
1.49e+00 1.69e+00 5.10e-02 1.69e+00 5.12e-02 2.64e-09 2.33e-08 1.03e-05 4.46e-06 2.50e-06 4.05e-07
1.53e+00 1.39e+00 1.01e-01 1.37e+00 1.04e-01 9.43e-04 1.90e-01 1.34e-02 5.99e-03 3.28e-03 3.28e-04
1.51e+00 1.76e+00 1.98e-02 1.75e+00 2.06e-02 5.82e-38 5.82e-38 3.33e-07 1.49e-07 8.28e-08 1.04e-08
1.54e+00 1.48e+00 4.72e-02 1.50e+00 4.98e-02 7.18e-04 1.51e-02 1.64e-03 5.98e-04 2.59e-04 3.99e-05
1.50e+00 1.35e+00 2.03e-02 1.35e+00 2.06e-02 2.75e-11 9.25e-01 1.59e-01 7.65e-02 5.01e-02 4.40e-03
1.52e+00 1.73e+00 2.32e-02 1.72e+00 2.53e-02 9.18e-22 9.27e-22 8.96e-07 4.21e-07 2.25e-07 3.00e-08
1.50e+00 4.61e-01 6.55e-01 7.00e-02 7.63e-01 2.43e-04 1.60e-02 2.73e-03 7.50e-04 2.97e-04 4.69e-05
1.49e+00 1.34e+00 4.69e-02 1.34e+00 4.70e-02 9.64e-05 3.39e-01 2.52e-02 1.40e-02 7.44e-03 8.45e-04
1.53e+00 1.53e+00 2.68e-02 1.53e+00 2.68e-02 7.84e-04 3.58e-03 6.87e-04 2.74e-04 2.36e-04 2.11e-05
1.53e+00 9.77e-01 7.68e-01 7.00e-02 1.19e+00 2.31e-05 7.32e-04 8.03e-05 2.98e-05 1.49e-05 2.29e-06
1.51e+00 1.40e+00 1.82e-02 1.40e+00 1.82e-02 9.15e-09 3.40e-01 7.25e-02 3.64e-02 2.01e-02 2.28e-03
1.50e+00 1.38e+00 7.30e-02 1.37e+00 7.38e-02 2.45e-03 2.00e-01 1.24e-02 5.05e-03 3.02e-03 4.07e-04
1.50e+00 1.76e+00 1.88e-02 1.75e+00 2.22e-02 1.32e-48 1.32e-48 1.97e-07 1.04e-07 6.83e-08 9.46e-09
1.51e+00 1.51e+00 3.06e-02 1.50e+00 3.30e-02 1.34e-03 5.84e-03 1.06e-03 5.00e-04 2.36e-04 2.85e-05
1.49e+00 1.42e+00 6.68e-02 1.43e+00 6.73e-02 2.74e-03 6.30e-02 3.74e-03 1.96e-03 1.05e-03 1.40e-04
1.51e+00 1.72e+00 3.65e-02 1.72e+00 3.67e-02 1.09e-12 1.24e-12 5.09e-06 2.01e-06 1.36e-06 1.95e-07
1.50e+00 1.42e+00 1.67e-01 1.42e+00 1.67e-01 5.91e-03 1.57e-01 9.48e-03 3.70e-03 2.26e-03 2.51e-04
1.52e+00 1.73e+00 1.77e-02 1.74e+00 1.85e-02 9.81e-38 9.81e-38 3.33e-07 1.65e-07 1.38e-07 1.68e-08
1.52e+00 1.75e+00 1.49e-02 1.75e+00 1.54e-02 4.07e-56 4.07e-56 2.48e-07 1.06e-07 5.62e-08 1.25e-08
1.49e+00 1.52e+00 1.73e-02 1.52e+00 1.74e-02 7.27e-05 9.60e-05 1.82e-04 8.37e-05 4.19e-05 8.37e-06
1.49e+00 1.61e+00 1.42e-02 1.61e+00 1.43e-02 9.40e-20 5.22e-19 4.04e-05 2.03e-05 1.34e-05 1.20e-06
1.50e+00 1.55e+00 3.31e-02 1.54e+00 3.62e-02 1.19e-04 1.72e-04 4.66e-04 2.30e-04 1.30e-04 1.32e-05
1.50e+00 1.77e+00 1.10e-02 1.78e+00 1.27e-02 3.90e-147 3.90e-147 1.04e-07 3.64e-08 2.60e-08 1.67e-08
1.55e+00 1.53e+00 3.74e-02 1.52e+00 3.82e-02 7.28e-04 6.58e-03 8.75e-04 3.74e-04 2.07e-04 2.53e-05
1.51e+00 1.75e+00 1.66e-02 1.75e+00 1.70e-02 6.44e-50 6.44e-50 2.27e-07 8.70e-08 8.24e-08 1.07e-08
1.54e+00 1.52e+00 5.02e-02 1.52e+00 5.02e-02 8.76e-04 6.81e-03 8.34e-04 3.20e-04 1.73e-04 2.03e-05
1.53e+00 1.48e+00 9.17e-02 1.49e+00 9.28e-02 1.13e-03 1.90e-02 1.47e-03 5.65e-04 3.24e-04 4.63e-05
1.53e+00 1.33e+00 5.01e-02 1.33e+00 5.03e-02 3.50e-04 7.60e-01 5.70e-02 2.45e-02 1.17e-02 1.34e-03
1.53e+00 1.53e+00 2.41e-02 1.53e+00 2.42e-02 5.22e-04 2.30e-03 4.73e-04 2.16e-04 1.62e-04 1.68e-05
1.53e+00 1.25e+00 1.31e-01 1.31e+00 1.44e-01 5.46e-08 2.92e+00 2.56e-01 7.78e-02 3.20e-02 4.57e-03
1.48e+00 1.41e+00 9.55e-03 1.41e+00 9.88e-03 2.67e-14 1.46e-03 6.74e-04 2.81e-04 2.81e-04 1.69e-05
1.54e+00 1.73e+00 1.81e-02 1.72e+00 1.91e-02 3.01e-28 3.03e-28 4.28e-07 2.14e-07 1.53e-07 1.70e-08
1.51e+00 1.67e+00 2.51e-02 1.67e+00 2.51e-02 1.08e-14 1.11e-14 4.66e-06 2.32e-06 1.32e-06 1.25e-07
1.50e+00 1.44e+00 1.72e-01 1.48e+00 1.76e-01 1.75e-03 2.44e-02 1.61e-03 6.82e-04 3.78e-04 5.25e-05
1.50e+00 1.11e+00 6.50e-02 1.11e+00 6.51e-02 4.59e-08 4.21e+01 2.18e+00 9.25e-01 5.06e-01 7.23e-02
1.51e+00 1.59e+00 3.84e-01 1.69e+00 3.96e-01 1.08e-07 8.58e-06 7.78e-06 3.07e-06 1.64e-06 2.56e-07
1.49e+00 1.43e+00 3.99e-02 1.44e+00 4.03e-02 1.36e-03 4.87e-02 4.46e-03 1.80e-03 1.03e-03 1.39e-04
1.53e+00 1.29e+00 4.78e-01 1.42e+00 4.96e-01 1.48e-03 3.14e-02 1.44e-03 6.11e-04 3.87e-04 5.17e-05
1.51e+00 1.45e+00 2.26e-02 1.46e+00 2.36e-02 3.38e-04 1.32e-01 2.05e-02 9.00e-03 6.30e-03 5.63e-04
1.49e+00 1.47e+00 6.49e-02 1.42e+00 7.92e-02 1.32e-03 1.67e-02 1.25e-03 6.13e-04 4.01e-04 6.29e-05
1.51e+00 1.73e+00 2.07e-02 1.73e+00 2.11e-02 5.16e-29 5.17e-29 7.62e-07 3.65e-07 2.13e-07 2.81e-08
1.52e+00 1.37e+00 5.31e-02 1.35e+00 5.52e-02 5.36e-04 2.30e-01 1.50e-02 6.43e-03 3.84e-03 4.80e-04
1.51e+00 1.08e+00 1.14e-01 1.03e+00 1.25e-01 1.15e-03 1.50e+01 6.31e-01 2.32e-01 1.30e-01 2.04e-02
1.52e+00 1.55e+00 3.11e-02 1.54e+00 3.33e-02 2.93e-04 5.96e-04 4.42e-04 1.96e-04 1.24e-04 1.29e-05
1.53e+00 1.78e+00 1.29e-02 1.78e+00 1.29e-02 1.91e-87 1.91e-87 1.04e-07 5.28e-08 2.04e-08 6.27e-09
1.50e+00 1.51e+00 1.97e-02 1.51e+00 1.98e-02 1.97e-04 4.93e-04 1.65e-04 1.05e-04 5.59e-05 1.40e-05
1.49e+00 1.45e+00 3.72e-01 1.53e+00 3.81e-01 2.06e-04 1.17e-03 2.95e-04 9.57e-05 5.63e-05 7.50e-06
1.54e+00 1.80e+00 1.01e-02 1.79e+00 1.16e-02 4.78e-233 4.78e-233 7.79e-08 3.17e-08 2.43e-08 6.26e-09
1.51e+00 1.52e+00 1.59e-02 1.53e+00 1.66e-02 9.64e-05 1.51e-04 1.31e-04 4.82e-05 4.82e-05 6.98e-06
1.51e+00 1.75e+00 1.33e-02 1.75e+00 1.37e-02 7.76e-78 7.76e-78 2.42e-07 7.42e-08 3.77e-08 1.22e-08
1.50e+00 1.43e+00 1.67e-01 1.40e+00 1.71e-01 1.70e-03 3.34e-02 1.76e-03 9.78e-04 5.44e-04 6.04e-05
1.50e+00 1.70e+00 7.08e-03 1.70e+00 7.92e-03 7.08e-202 7.08e-202 9.24e-07 8.08e-07 8.08e-07 5.57e-08
1.48e+00 1.39e+00 2.77e-02 1.40e+00 2.89e-02 3.06e-06 3.98e-02 7.19e-03 2.31e-03 1.21e-03 1.51e-04
1.52e+00 1.44e+00 1.62e-02 1.44e+00 1.63e-02 4.61e-09 1.14e-01 2.57e-02 1.24e-02 5.90e-03 1.05e-03
1.50e+00 1.52e+00 1.80e-01 1.53e+00 1.80e-01 6.01e-04 2.05e-03 5.78e-04 2.43e-04 1.21e-04 1.26e-05
1.50e+00 1.43e+00 3.67e-02 1.43e+00 3.67e-02 1.14e-03 4.54e-02 4.08e-03 1.81e-03 1.17e-03 1.43e-04
1.48e+00 1.47e+00 8.20e-02 1.48e+00 8.26e-02 2.05e-03 1.60e-02 1.61e-03 6.72e-04 3.83e-04 5.17e-05
1.50e+00 1.65e+00 2.07e-02 1.65e+00 2.07e-02 3.14e-18 3.14e-18 3.16e-06 1.40e-06 1.19e-06 2.17e-07
1.50e+00 1.27e+00 4.13e-02 1.28e+00 4.19e-02 1.57e-07 4.14e+00 3.63e-01 1.45e-01 8.14e-02 1.10e-02
1.50e+00 1.43e+00 4.31e-02 1.43e+00 4.31e-02 1.20e-03 4.85e-02 3.66e-03 1.86e-03 1.13e-03 1.51e-04
1.53e+00 1.62e+00 1.51e-02 1.62e+00 1.56e-02 6.87e-13 6.99e-13 5.51e-06 3.44e-06 1.65e-06 2.80e-07
1.51e+00 1.54e+00 1.25e-01 1.53e+00 1.25e-01 3.99e-04 1.24e-03 4.81e-04 1.93e-04 1.10e-04 1.19e-05
1.50e+00 1.71e+00 1.37e-02 1.71e+00 1.40e-02 9.92e-55 9.92e-55 5.92e-07 3.53e-07 1.57e-07 3.92e-08
1.52e+00 1.56e+00 1.78e-02 1.56e+00 1.84e-02 8.93e-07 1.00e-06 2.50e-05 1.06e-05 9.74e-06 1.60e-06
1.51e+00 1.48e+00 3.92e-02 1.49e+00 4.08e-02 1.70e-03 1.34e-02 1.81e-03 5.87e-04 3.26e-04 5.43e-05
1.53e+00 1.57e+00 1.75e-02 1.56e+00 1.89e-02 1.71e-06 1.92e-06 2.39e-05 9.93e-06 7.74e-06 1.68e-06
1.50e+00 1.31e+00 4.29e-02 1.29e+00 4.65e-02 1.28e-05 7.69e-01 7.33e-02 2.66e-02 1.56e-02 2.75e-03
1.50e+00 1.49e+00 2.46e-02 1.49e+00 2.47e-02 1.81e-03 7.74e-03 1.60e-03 6.26e-04 4.86e-04 5.61e-05
1.52e+00 1.69e+00 1.76e-02 1.69e+00 1.79e-02 8.83e-24 8.83e-24 1.01e-06 4.61e-07 3.73e-07 4.14e-08
1.50e+00 1.68e+00 5.97e-02 1.68e+00 5.98e-02 4.33e-08 9.97e-08 1.13e-05 4.53e-06 2.81e-06 4.12e-07
1.52e+00 1.43e+00 6.60e-02 1.43e+00 6.61e-02 1.07e-03 6.31e-02 3.77e-03 1.48e-03 1.02e-03 1.43e-04
1.53e+00 1.77e+00 1.47e-02 1.78e+00 1.72e-02 3.29e-64 3.29e-64 9.16e-08 5.17e-08 4.64e-08 3.20e-09
1.54e+00 1.32e+00 7.42e-03 1.32e+00 8.15e-03 5.34e-12 1.53e-01 7.27e-02 5.77e-02 5.77e-02 5.84e-03
1.51e+00 1.73e+00 1.42e-02 1.73e+00 1.43e-02 9.51e-58 9.51e-58 3.39e-07 2.17e-07 1.26e-07 2.53e-08
1.51e+00 1.49e+00 1.24e-01 1.49e+00 1.24e-01 1.12e-03 1.04e-02 9.24e-04 4.56e-04 2.25e-04 2.43e-05
1.49e+00 1.78e+00 6.60e-03 1.78e+00 8.21e-03 0.00e+00 2.66e-304 1.04e-07 7.70e-08 7.70e-08 4.68e-09
1.51e+00 1.75e+00 1.71e-02 1.75e+00 1.74e-02 3.18e-49 3.18e-49 2.11e-07 8.65e-08 8.09e-08 1.26e-08
1.52e+00 1.48e+00 2.84e-02 1.48e+00 2.88e-02 6.21e-04 1.73e-02 2.25e-03 1.07e-03 6.34e-04 9.45e-05
1.56e+00 1.78e+00 9.83e-03 1.78e+00 9.90e-03 1.77e-101 1.77e-101 1.04e-07 5.31e-08 3.33e-08 2.60e-09
1.51e+00 1.71e+00 4.67e-02 1.71e+00 4.67e-02 1.94e-09 2.97e-09 6.37e-06 2.97e-06 1.58e-06 1.93e-07
1.54e+00 1.54e+00 3.01e-02 1.53e+00 3.06e-02 8.70e-04 3.95e-03 7.19e-04 3.54e-04 2.38e-04 2.43e-05
1.49e+00 1.42e+00 2.99e-02 1.41e+00 3.05e-02 2.21e-04 6.47e-02 7.49e-03 3.30e-03 1.95e-03 3.39e-04
1.49e+00 1.36e+00 1.43e-01 1.29e+00 1.62e-01 8.43e-34 1.42e-04 6.51e-05 2.32e-05 1.14e-05 1.31e-06
1.52e+00 1.75e+00 1.92e-02 1.75e+00 1.93e-02 6.33e-38 6.33e-38 2.94e-07 1.20e-07 1.12e-07 1.45e-08
1.53e+00 1.60e+00 4.70e-02 1.59e+00 4.74e-02 5.44e-05 1.21e-04 1.00e-04 4.81e-05 2.52e-05 4.01e-06
1.50e+00 1.35e+00 5.75e-02 1.36e+00 5.91e-02 2.46e-04 4.98e-01 4.33e-02 1.90e-02 9.09e-03 8.02e-04
1.51e+00 1.73e+00 1.78e-02 1.74e+00 1.86e-02 1.79e-39 1.79e-39 3.37e-07 1.69e-07 1.39e-07 1.69e-08
1.50e+00 1.19e+00 4.11e-02 1.18e+00 4.14e-02 4.97e-09 2.70e+00 2.19e-01 9.16e-02 7.02e-02 1.29e-02
1.51e+00 1.79e+00 6.20e-03 1.79e+00 7.06e-03 0.00e+00 0.00e+00 7.79e-08 3.52e-08 3.52e-08 4.70e-09
1.49e+00 1.57e+00 1.87e-02 1.57e+00 1.87e-02 1.07e-11 1.07e-11 2.36e-05 1.32e-05 6.83e-06 9.59e-07
1.51e+00 1.70e+00 4.71e-02 1.69e+00 4.78e-02 6.14e-09 8.86e-09 7.83e-06 3.77e-06 1.98e-06 2.42e-07
1.53e+00 1.77e+00 1.51e-02 1.77e+00 1.52e-02 9.10e-63 9.10e-63 1.08e-07 8.55e-08 4.27e-08 3.83e-09
1.50e+00 1.37e+00 4.27e-02 1.36e+00 4.48e-02 2.49e-04 1.12e-01 1.43e-02 4.77e-03 2.43e-03 5.40e-04
1.53e+00 1.75e+00 3.82e-02 1.75e+00 3.85e-02 8.41e-13 1.23e-12 2.57e-06 1.07e-06 6.98e-07 1.09e-07
1.51e+00 1.10e+00 9.20e-02 1.12e+00 9.41e-02 8.07e-03 8.96e+00 3.83e-01 1.70e-01 8.87e-02 7.61e-03
1.53e+00 1.84e+00 1.06e-02 1.83e+00 1.17e-02 0.00e+00 0.00e+00 1.81e-08 1.25e-08 1.25e-08 1.25e-08
1.50e+00 1.74e+00 1.82e-01 1.75e+00 1.82e-01 5.94e-12 2.50e-07 1.77e-06 7.38e-07 4.14e-07 5.59e-08
1.50e+00 1.53e+00 9.55e-02 1.53e+00 9.55e-02 3.64e-04 1.79e-03 3.91e-04 1.47e-04 6.95e-05 1.03e-05
1.50e+00 1.35e+00 9.25e-03 1.35e+00 1.01e-02 2.35e-47 2.33e-01 8.72e-02 3.68e-02 3.68e-02 2.41e-02
1.49e+00 1.52e+00 4.85e-02 1.52e+00 4.86e-02 7.56e-04 2.67e-03 9.26e-04 3.73e-04 1.44e-04 1.60e-05
1.49e+00 1.61e+00 3.51e-02 1.62e+00 3.56e-02 4.13e-09 4.30e-09 4.40e-05 2.05e-05 1.17e-05 2.67e-06
1.50e+00 1.76e+00 1.23e-02 1.76e+00 1.30e-02 1.65e-134 1.65e-134 1.33e-07 1.04e-07 1.04e-07 1.38e-08
1.53e+00 1.53e+00 2.63e-02 1.53e+00 2.63e-02 8.11e-04 3.23e-03 6.83e-04 3.62e-04 2.23e-04 2.95e-05
1.53e+00 1.70e+00 3.22e-02 1.69e+00 3.32e-02 7.44e-11 8.23e-11 9.04e-06 4.04e-06 2.73e-06 2.53e-07
1.52e+00 1.77e+00 1.63e-02 1.77e+00 1.67e-02 2.25e-54 2.25e-54 1.13e-07 1.13e-07 3.55e-08 4.28e-09
1.51e+00 1.50e+00 8.92e-03 1.50e+00 9.36e-03 4.31e-05 2.43e-04 1.11e-04 8.37e-05 3.51e-05 6.14e-06
1.53e+00 1.31e+00 6.91e-02 1.31e+00 6.91e-02 8.73e-04 1.16e+00 7.24e-02 2.56e-02 1.53e-02 1.35e-03
1.52e+00 1.09e+00 5.20e-02 1.10e+00 5.23e-02 1.95e-06 4.25e+01 2.78e+00 1.34e+00 7.13e-01 7.13e-02
1.52e+00 1.37e+00 6.52e-02 1.36e+00 6.61e-02 1.14e-03 2.49e-01 1.61e-02 5.80e-03 3.52e-03 4.14e-04
1.50e+00 1.56e+00 7.66e-02 1.55e+00 7.76e-02 1.30e-04 3.23e-04 2.26e-04 8.85e-05 5.34e-05 8.42e-06
1.52e+00 1.54e+00 3.27e-02 1.53e+00 3.31e-02 9.00e-04 3.20e-03 7.51e-04 3.09e-04 1.90e-04 2.85e-05
1.50e+00 1.43e+00 4.96e-02 1.46e+00 5.60e-02 1.86e-03 4.56e-02 2.84e-03 1.68e-03 8.23e-04 1.05e-04
1.50e+00 1.38e+00 6.41e-02 1.38e+00 6.42e-02 5.07e-04 1.56e-01 1.03e-02 5.38e-03 2.59e-03 3.80e-04
1.53e+00 1.51e+00 1.88e-02 1.50e+00 1.99e-02 3.66e-03 3.83e-02 8.50e-03 3.77e-03 1.73e-03 4.09e-04
1.49e+00 1.48e+00 3.92e-02 1.49e+00 4.01e-02 2.07e-03 1.02e-02 1.71e-03 6.54e-04 3.27e-04 5.27e-05
1.49e+00 1.30e+00 1.92e-02 1.31e+00 2.01e-02 8.31e-14 1.82e+00 3.12e-01 1.56e-01 6.59e-02 9.41e-03
1.51e+00 1.74e+00 1.80e-02 1.74e+00 1.86e-02 2.06e-40 2.06e-40 3.49e-07 1.65e-07 1.55e-07 1.74e-08
1.49e+00 1.33e+00 3.75e-02 1.33e+00 3.75e-02 4.15e-06 3.65e-01 3.49e-02 1.58e-02 1.07e-02 1.07e-03
1.49e+00 1.53e+00 4.21e-02 1.53e+00 4.23e-02 4.71e-04 1.22e-03 6.77e-04 3.24e-04 1.97e-04 2.05e-05
1.50e+00 1.76e+00 1.20e-02 1.76e+00 1.29e-02 2.26e-147 2.26e-147 1.19e-07 1.04e-07 1.04e-07 9.64e-09
1.50e+00 1.50e+00 4.52e-02 1.50e+00 4.53e-02 1.65e-03 8.81e-03 1.30e-03 5.61e-04 2.76e-04 3.35e-05
1.51e+00 1.70e+00 4.67e-02 1.69e+00 4.72e-02 2.89e-09 4.66e-09 8.13e-06 3.74e-06 1.95e-06 2.50e-07
1.54e+00 1.73e+00 2.97e-02 1.72e+00 3.17e-02 2.20e-14 2.54e-14 3.30e-06 1.53e-06 9.08e-07 1.35e-07
1.54e+00 1.55e+00 3.92e-02 1.54e+00 4.09e-02 5.20e-04 2.24e-03 4.24e-04 2.09e-04 1.15e-04 1.83e-05
1.50e+00 1.44e+00 3.84e-02 1.46e+00 4.41e-02 4.33e-04 2.90e-02 3.27e-03 1.62e-03 1.03e-03 1.17e-04
1.51e+00 1.38e+00 7.64e-03 1.38e+00 8.65e-03 1.52e-58 9.69e-02 4.23e-02 3.85e-02 1.04e-02 5.53e-03
1.51e+00 1.41e+00 4.03e-02 1.40e+00 4.17e-02 2.21e-03 2.18e-01 2.15e-02 1.12e-02 5.28e-03 6.44e-04
1.50e+00 1.72e+00 5.35e-02 1.72e+00 5.36e-02 9.68e-11 1.65e-08 4.36e-06 1.82e-06 1.16e-06 1.32e-07
1.52e+00 1.69e+00 4.73e-02 1.68e+00 4.75e-02 2.98e-08 4.34e-08 1.16e-05 4.62e-06 2.52e-06 4.20e-07
1.52e+00 1.46e+00 2.06e-02 1.46e+00 2.08e-02 2.01e-04 1.09e-01 1.82e-02 8.87e-03 5.85e-03 6.26e-04
1.50e+00 1.45e+00 1.38e-01 1.48e+00 1.41e-01 1.86e-03 2.32e-02 1.49e-03 6.26e-04 3.72e-04 3.92e-05
1.50e+00 1.42e+00 5.46e-02 1.42e+00 5.46e-02 1.78e-03 5.69e-02 3.13e-03 1.67e-03 1.03e-03 1.17e-04
1.52e+00 1.54e+00 3.85e-02 1.53e+00 4.09e-02 5.46e-04 1.78e-03 5.12e-04 2.35e-04 1.32e-04 1.61e-05
1.51e+00 1.45e+00 6.52e-02 1.50e+00 8.35e-02 1.86e-03 2.46e-02 1.36e-03 7.19e-04 4.11e-04 6.17e-05
1.51e+00 1.52e+00 1.08e-01 1.51e+00 1.08e-01 6.98e-04 4.01e-03 5.62e-04 2.31e-04 1.39e-04 1.42e-05
1.49e+00 1.47e+00 9.55e-03 1.47e+00 1.07e-02 5.87e-05 7.50e-04 2.94e-04 2.72e-04 8.28e-05 1.18e-05
1.50e+00 1.50e+00 3.44e-01 1.56e+00 3.50e-01 6.94e-05 3.46e-04 1.08e-04 4.45e-05 2.52e-05 2.97e-06
1.49e+00 1.25e+00 5.21e-01 1.50e+00 5.79e-01 9.89e-04 1.69e-02 8.48e-04 4.16e-04 2.34e-04 3.64e-05
1.51e+00 1.38e+00 3.39e-01 1.48e+00 3.53e-01 1.48e-03 2.24e-02 1.30e-03 4.96e-04 2.78e-04 4.35e-05
1.52e+00 1.69e+00 4.36e-02 1.69e+00 4.36e-02 9.00e-09 1.21e-08 1.09e-05 4.98e-06 2.49e-06 3.55e-07
1.50e+00 1.51e+00 1.81e-02 1.51e+00 1.84e-02 1.35e-03 2.41e-03 1.93e-03 8.72e-04 6.74e-04 7.26e-05
1.54e+00 1.49e+00 3.31e-02 1.49e+00 3.35e-02 5.69e-04 1.10e-02 1.51e-03 6.50e-04 3.30e-04 2.67e-05
1.49e+00 1.50e+00 1.64e-02 1.51e+00 1.73e-02 1.15e-03 2.05e-03 1.54e-03 1.09e-03 4.61e-04 5.56e-05
1.49e+00 1.69e+00 1.01e-02 1.69e+00 1.07e-02 5.52e-77 5.52e-77 1.20e-06 4.71e-07 3.08e-07 4.83e-08
1.49e+00 1.69e+00 4.79e-02 1.69e+00 4.81e-02 6.43e-10 1.11e-09 1.01e-05 4.31e-06 2.54e-06 3.91e-07
1.53e+00 1.39e+00 4.23e-02 1.39e+00 4.23e-02 4.65e-05 1.29e-01 9.86e-03 4.32e-03 2.98e-03 3.65e-04
1.49e+00 1.39e+00 5.08e-02 1.37e+00 5.33e-02 2.41e-03 1.21e-01 1.11e-02 4.09e-03 2.32e-03 4.09e-04
1.50e+00 1.41e+00 1.12e-02 1.41e+00 1.15e-02 4.51e-19 2.04e-03 6.98e-04 3.08e-04 2.10e-04 2.10e-05
1.50e+00 1.72e+00 3.96e-02 1.72e+00 3.97e-02 2.66e-12 2.99e-12 5.62e-06 2.35e-06 1.60e-06 1.78e-07
1.51e+00 1.74e+00 1.67e-02 1.75e+00 1.96e-02 5.05e-48 5.05e-48 2.78e-07 1.28e-07 6.38e-08 1.59e-08
1.50e+00 1.19e+00 6.99e-02 1.17e+00 7.19e-02 3.75e-08 1.38e+01 5.99e-01 2.94e-01 1.82e-01 2.32e-02
1.52e+00 1.77e+00 2.08e-02 1.78e+00 2.26e-02 1.55e-39 1.56e-39 2.12e-07 8.83e-08 7.94e-08 1.26e-08
1.51e+00 1.45e+00 1.79e-02 1.45e+00 1.79e-02 2.92e-05 1.05e-01 1.89e-02 1.23e-02 6.16e-03 1.79e-03
1.52e+00 1.48e+00 1.90e-01 1.50e+00 1.91e-01 7.93e-04 8.88e-03 6.72e-04 2.99e-04 1.54e-04 2.19e-05
1.49e+00 1.49e+00 7.36e-02 1.51e+00 7.55e-02 1.89e-03 1.22e-02 1.78e-03 6.56e-04 4.41e-04 5.66e-05
1.53e+00 1.52e+00 2.76e-02 1.51e+00 2.89e-02 9.95e-04 5.34e-03 1.06e-03 4.01e-04 1.95e-04 2.86e-05
1.54e+00 1.33e+00 5.93e-02 1.34e+00 5.95e-02 5.42e-05 4.05e-01 2.47e-02 1.12e-02 5.12e-03 6.21e-04
1.49e+00 1.41e+00 1.26e-02 1.40e+00 1.39e-02 1.07e-12 3.19e-03 9.10e-04 5.16e-04 4.35e-04 4.04e-05
1.49e+00 1.49e+00 1.12e-02 1.49e+00 1.12e-02 3.06e-04 7.11e-04 2.42e-04 2.33e-04 8.06e-05 9.86e-06
1.50e+00 1.43e+00 3.18e-02 1.42e+00 3.24e-02 4.93e-04 5.04e-02 4.87e-03 2.33e-03 1.78e-03 2.92e-04
1.54e+00 1.78e+00 1.10e-02 1.78e+00 1.12e-02 2.10e-96 2.10e-96 1.04e-07 3.85e-08 1.77e-08 3.64e-09
1.49e+00 1.33e+00 4.88e-01 1.52e+00 5.25e-01 1.42e-03 1.31e-02 1.13e-03 4.65e-04 3.07e-04 3.94e-05
1.51e+00 1.70e+00 1.76e-02 1.70e+00 1.76e-02 2.72e-28 2.73e-28 8.37e-07 5.11e-07 2.58e-07 2.43e-08
1.54e+00 1.11e+00 1.92e-02 1.11e+00 1.92e-02 1.30e-73 8.55e+00 1.81e+00 7.44e-01 5.10e-01 4.08e-02
1.51e+00 1.20e+00 1.74e-01 1.11e+00 1.98e-01 1.78e-03 7.32e-02 4.46e-03 1.58e-03 8.98e-04 1.24e-04
1.53e+00 1.78e+00 1.28e-02 1.78e+00 1.34e-02 2.96e-88 2.96e-88 1.04e-07 4.85e-08 1.72e-08 3.13e-09
1.53e+00 1.53e+00 1.19e-02 1.53e+00 1.19e-02 2.93e-03 7.59e-03 3.58e-03 1.85e-03 9.18e-04 1.44e-04
1.51e+00 1.76e+00 2.26e-02 1.75e+00 2.43e-02 2.44e-34 2.44e-34 4.57e-07 2.14e-07 1.36e-07 2.08e-08
1.50e+00 1.73e+00 1.79e-02 1.73e+00 1.80e-02 1.91e-45 1.91e-45 3.69e-07 2.07e-07 1.07e-07 1.32e-08
1.50e+00 1.41e+00 1.15e-02 1.41e+00 1.18e-02 3.07e-15 2.21e-03 6.92e-04 3.50e-04 2.58e-04 2.94e-05
1.54e+00 1.40e+00 5.70e-02 1.37e+00 6.34e-02 2.42e-04 1.13e-01 6.02e-03 3.31e-03 2.14e-03 2.42e-04
1.54e+00 1.53e+00 1.69e-02 1.53e+00 1.70e-02 3.78e-03 1.51e-02 3.75e-03 1.98e-03 1.03e-03 1.54e-04
1.49e+00 1.44e+00 3.27e-02 1.44e+00 3.28e-02 1.14e-02 2.41e-01 2.51e-02 1.16e-02 7.11e-03 1.16e-03
1.52e+00 1.55e+00 1.89e-02 1.55e+00 1.91e-02 1.86e-05 2.88e-05 3.71e-05 2.16e-05 1.07e-05 1.53e-06
1.49e+00 1.76e+00 1.29e-02 1.76e+00 1.35e-02 3.46e-117 3.46e-117 1.41e-07 1.04e-07 1.04e-07 2.06e-08
1.49e+00 1.57e+00 1.21e-01 1.61e+00 1.27e-01 3.07e-14 3.67e-05 7.21e-05 3.92e-05 2.00e-05 1.33e-06
1.51e+00 1.50e+00 2.68e-02 1.50e+00 2.70e-02 1.58e-03 8.20e-03 1.51e-03 7.00e-04 4.03e-04 4.80e-05
1.50e+00 1.28e+00 9.60e-03 1.28e+00 9.61e-03 5.55e-69 3.76e-01 1.54e-01 8.05e-02 8.05e-02 1.55e-02
1.50e+00 1.27e+00 6.82e-02 1.28e+00 6.88e-02 9.07e-04 1.90e+00 1.10e-01 4.01e-02 2.28e-02 2.76e-03
1.50e+00 1.78e+00 8.05e-03 1.78e+00 8.67e-03 1.21e-243 3.09e-192 1.04e-07 5.93e-08 5.93e-08 2.60e-09
1.50e+00 1.53e+00 2.51e-02 1.53e+00 2.53e-02 4.39e-04 6.95e-04 7.26e-04 3.79e-04 1.49e-04 4.06e-05
1.54e+00 1.77e+00 1.24e-02 1.78e+00 1.45e-02 1.29e-91 1.29e-91 1.04e-07 3.33e-08 2.92e-08 5.73e-09
1.52e+00 1.76e+00 1.17e-02 1.75e+00 1.66e-02 7.22e-125 7.22e-125 1.82e-07 1.38e-07 8.41e-08 1.10e-08
1.51e+00 1.71e+00 4.66e-02 1.71e+00 4.66e-02 9.18e-10 2.34e-09 6.45e-06 2.93e-06 1.56e-06 1.95e-07
1.50e+00 1.68e+00 5.83e-02 1.68e+00 5.84e-02 1.46e-08 6.62e-08 1.14e-05 4.96e-06 2.69e-06 3.54e-07
1.50e+00 1.76e+00 1.17e-02 1.76e+00 1.20e-02 9.15e-147 9.16e-147 1.50e-07 1.37e-07 8.60e-08 1.24e-08
1.50e+00 1.48e+00 7.89e-03 1.48e+00 9.08e-03 1.49e-05 3.39e-04 1.47e-04 1.35e-04 3.24e-05 2.43e-05
1.51e+00 1.75e+00 2.13e-02 1.75e+00 2.16e-02 6.95e-34 6.95e-34 5.73e-07 2.99e-07 1.49e-07 1.70e-08
1.50e+00 1.72e+00 4.87e-02 1.72e+00 4.87e-02 2.48e-10 4.55e-09 4.42e-06 1.72e-06 1.15e-06 1.41e-07
1.50e+00 1.23e+00 5.61e-02 1.28e+00 7.26e-02 8.81e-16 5.60e+00 4.76e-01 1.58e-01 1.14e-01 1.75e-02
1.49e+00 1.76e+00 1.27e-02 1.75e+00 1.72e-02 6.50e-113 6.50e-113 1.94e-07 9.26e-08 9.26e-08 1.75e-08
1.52e+00 1.67e+00 5.59e-02 1.68e+00 5.73e-02 3.33e-07 5.69e-07 1.34e-05 5.23e-06 3.07e-06 4.98e-07
1.50e+00 1.75e+00 1.51e-02 1.75e+00 1.52e-02 1.55e-64 1.55e-64 2.70e-07 8.67e-08 4.34e-08 1.08e-08
1.51e+00 1.73e+00 4.02e-02 1.72e+00 4.08e-02 5.40e-12 1.31e-11 4.63e-06 1.90e-06 1.29e-06 1.65e-07
1.51e+00 1.54e+00 1.71e-01 1.53e+00 1.71e-01 2.31e-04 7.20e-04 2.85e-04 1.21e-04 7.13e-05 7.13e-06
1.50e+00 1.74e+00 2.42e-02 1.75e+00 2.53e-02 3.80e-30 3.80e-30 9.02e-07 4.46e-07 2.12e-07 3.80e-08
1.59e+00 1.65e+00 1.59e-02 1.65e+00 1.65e-02 8.47e-09 9.97e-09 3.09e-06 1.96e-06 8.94e-07 8.44e-08
1.59e+00 1.64e+00 1.43e-02 1.64e+00 1.43e-02 4.09e-08 4.76e-08 3.36e-06 1.56e-06 1.45e-06 1.02e-07
1.58e+00 1.55e+00 6.81e-02 1.53e+00 7.22e-02 3.24e-04 3.46e-03 3.51e-04 1.49e-04 8.78e-05 1.32e-05
1.59e+00 1.39e+00 5.43e-02 1.39e+00 5.45e-02 1.67e-05 1.53e-01 9.01e-03 4.19e-03 2.47e-03 2.87e-04
1.58e+00 1.67e+00 3.72e-02 1.67e+00 3.73e-02 6.79e-07 1.43e-06 1.32e-05 5.32e-06 3.52e-06 4.70e-07
1.54e+00 1.54e+00 1.75e-01 1.54e+00 1.75e-01 3.19e-04 1.93e-03 2.44e-04 1.08e-04 6.30e-05 6.46e-06
1.59e+00 1.71e+00 2.76e-02 1.71e+00 2.78e-02 3.09e-10 4.23e-10 2.83e-06 1.31e-06 7.52e-07 1.31e-07
1.56e+00 1.67e+00 2.60e-02 1.68e+00 2.68e-02 3.04e-09 3.85e-09 6.91e-06 3.37e-06 1.90e-06 3.37e-07
1.58e+00 1.52e+00 2.95e-01 1.56e+00 2.97e-01 1.09e-04 1.09e-03 9.56e-05 3.69e-05 2.52e-05 2.35e-06
1.58e+00 1.53e+00 4.06e-02 1.52e+00 4.09e-02 2.74e-04 8.26e-03 7.64e-04 3.44e-04 2.26e-04 1.81e-05
1.56e+00 1.39e+00 4.72e-02 1.37e+00 5.12e-02 3.12e-05 1.12e-01 1.00e-02 3.54e-03 2.63e-03 3.06e-04
1.58e+00 1.47e+00 1.84e-01 1.49e+00 1.85e-01 3.30e-04 1.91e-02 1.21e-03 5.41e-04 2.55e-04 3.18e-05
1.58e+00 1.59e+00 3.43e-02 1.58e+00 3.47e-02 1.21e-04 5.43e-04 1.06e-04 4.37e-05 3.88e-05 6.07e-06
1.54e+00 1.43e+00 4.90e-02 1.44e+00 4.97e-02 3.98e-04 5.76e-02 4.43e-03 1.65e-03 1.03e-03 1.08e-04
1.57e+00 1.82e+00 3.82e-03 1.82e+00 4.07e-03 0.00e+00 0.00e+00 3.26e-08 3.26e-08 3.26e-08 4.76e-09
1.57e+00 1.72e+00 1.20e-02 1.72e+00 1.21e-02 8.19e-40 8.20e-40 5.43e-07 2.89e-07 1.25e-07 2.73e-08
1.55e+00 1.74e+00 1.15e-02 1.74e+00 1.24e-02 3.75e-72 3.75e-72 2.95e-07 1.93e-07 1.93e-07 2.38e-08
1.56e+00 1.76e+00 2.05e-02 1.75e+00 2.26e-02 1.11e-27 1.12e-27 2.97e-07 1.05e-07 1.04e-07 1.67e-08
1.58e+00 1.47e+00 3.09e-01 1.53e+00 3.15e-01 3.13e-04 6.67e-03 4.75e-04 1.85e-04 8.80e-05 1.26e-05
1.59e+00 1.28e+00 7.93e-02 1.31e+00 8.46e-02 1.06e-05 8.92e-01 3.78e-02 1.66e-02 9.59e-03 1.30e-03
1.59e+00 9.91e-01 7.32e-01 7.00e-02 1.18e+00 1.52e-04 3.94e-03 2.65e-04 9.70e-05 5.41e-05 7.46e-06
1.58e+00 1.11e+00 6.80e-01 7.00e-02 1.24e+00 1.75e-04 4.33e-03 2.03e-04 8.26e-05 5.14e-05 8.12e-06
1.57e+00 1.59e+00 2.36e-02 1.60e+00 2.47e-02 9.74e-06 2.12e-05 1.14e-05 6.48e-06 4.41e-06 7.58e-07
1.54e+00 1.67e+00 4.05e-02 1.68e+00 4.09e-02 1.71e-07 2.91e-07 1.63e-05 7.08e-06 3.49e-06 5.98e-07
1.56e+00 1.49e+00 3.80e-02 1.49e+00 3.82e-02 8.51e-04 1.05e-01 1.13e-02 5.29e-03 3.25e-03 3.39e-04
1.58e+00 1.79e+00 8.19e-03 1.79e+00 9.17e-03 1.77e-262 1.77e-262 7.79e-08 4.54e-08 1.53e-08 1.49e-08
1.55e+00 1.71e+00 1.50e-02 1.71e+00 1.56e-02 1.68e-25 1.68e-25 6.39e-07 4.57e-07 1.89e-07 3.63e-08
1.58e+00 1.41e+00 4.54e-02 1.41e+00 4.56e-02 2.73e-08 4.73e-01 5.34e-02 2.41e-02 1.48e-02 1.93e-03
1.61e+00 1.56e+00 4.31e-02 1.56e+00 4.31e-02 1.12e-04 1.85e-03 1.58e-04 6.34e-05 4.26e-05 7.93e-06
1.54e+00 1.72e+00 2.68e-02 1.72e+00 2.71e-02 5.94e-15 6.65e-15 2.52e-06 1.04e-06 7.64e-07 7.21e-08
1.54e+00 1.72e+00 1.22e-02 1.72e+00 1.22e-02 6.48e-46 6.48e-46 5.43e-07 2.95e-07 1.25e-07 2.46e-08
1.59e+00 1.72e+00 3.06e-02 1.72e+00 3.06e-02 3.10e-10 4.32e-10 2.10e-06 1.01e-06 6.30e-07 6.56e-08
1.57e+00 1.49e+00 4.66e-02 1.49e+00 4.68e-02 2.96e-04 1.52e-02 1.30e-03 4.65e-04 2.82e-04 4.98e-05
1.56e+00 1.71e+00 2.85e-02 1.71e+00 2.88e-02 1.53e-10 2.01e-10 5.69e-06 2.86e-06 1.72e-06 1.95e-07
1.56e+00 1.75e+00 1.01e-02 1.75e+00 1.02e-02 3.49e-81 3.49e-81 2.40e-07 8.67e-08 8.67e-08 9.64e-09
1.54e+00 1.39e+00 4.93e-02 1.34e+00 6.70e-02 2.58e-10 3.96e-02 3.59e-03 1.46e-03 1.43e-03 1.51e-04
1.60e+00 1.34e+00 1.01e-01 1.38e+00 1.08e-01 1.48e-09 9.35e-01 7.93e-02 3.18e-02 1.36e-02 2.02e-03
1.55e+00 1.32e+00 1.17e-01 1.27e+00 1.28e-01 4.62e-03 3.15e-01 1.99e-02 6.75e-03 3.69e-03 3.82e-04
1.55e+00 1.56e+00 1.93e-02 1.56e+00 2.00e-02 3.09e-05 8.22e-05 3.06e-05 1.34e-05 6.44e-06 2.09e-06
1.59e+00 1.71e+00 2.01e-02 1.71e+00 2.06e-02 3.22e-13 3.53e-13 6.27e-07 3.53e-07 1.75e-07 2.38e-08
1.60e+00 1.72e+00 3.17e-02 1.72e+00 3.20e-02 8.17e-10 1.18e-09 3.07e-06 1.43e-06 7.91e-07 1.32e-07
1.60e+00 1.48e+00 3.71e-02 1.48e+00 3.71e-02 3.35e-05 2.18e-02 1.95e-03 9.89e-04 5.26e-04 6.26e-05
1.59e+00 1.71e+00 2.72e-02 1.71e+00 2.72e-02 1.54e-10 2.05e-10 1.80e-06 7.91e-07 4.30e-07 6.98e-08
1.56e+00 1.32e+00 4.91e-02 1.31e+00 5.02e-02 4.09e-04 2.80e-01 4.45e-02 1.66e-02 1.44e-02 1.96e-03
1.55e+00 1.51e+00 8.20e-02 1.50e+00 8.27e-02 7.02e-04 9.62e-03 1.04e-03 4.21e-04 2.66e-04 3.10e-05
1.59e+00 1.65e+00 1.12e-02 1.65e+00 1.12e-02 3.54e-11 3.64e-11 3.35e-06 1.93e-06 6.89e-07 1.18e-07
1.54e+00 1.45e+00 2.36e-01 1.50e+00 2.41e-01 9.35e-04 1.93e-02 1.13e-03 4.37e-04 2.63e-04 3.01e-05
1.56e+00 1.72e+00 3.92e-02 1.72e+00 3.92e-02 3.26e-09 5.17e-09 4.97e-06 2.63e-06 1.37e-06 1.67e-07
1.59e+00 1.63e+00 1.01e-02 1.63e+00 1.01e-02 2.05e-09 2.11e-09 5.50e-06 3.26e-06 3.26e-06 7.74e-07
1.55e+00 1.47e+00 7.44e-02 1.50e+00 8.10e-02 5.83e-04 1.72e-02 1.12e-03 4.37e-04 3.06e-04 3.64e-05
1.60e+00 1.50e+00 4.53e-02 1.50e+00 4.54e-02 1.29e-04 1.50e-02 1.08e-03 4.65e-04 2.82e-04 3.05e-05
1.57e+00 1.06e+00 4.93e-02 1.05e+00 5.03e-02 2.25e-05 5.33e+01 3.44e+00 1.54e+00 8.22e-01 1.05e-01
1.55e+00 1.39e+00 3.44e-01 1.45e+00 3.50e-01 6.43e-04 2.59e-02 1.68e-03 5.58e-04 3.72e-04 4.65e-05
1.59e+00 1.67e+00 1.02e-02 1.67e+00 1.05e-02 1.94e-16 1.95e-16 2.01e-06 1.08e-06 5.37e-07 1.92e-07
1.60e+00 1.32e+00 3.91e-02 1.31e+00 4.02e-02 1.10e-04 2.00e-01 4.35e-02 1.73e-02 1.43e-02 1.17e-03
1.58e+00 1.68e+00 3.89e-02 1.68e+00 3.90e-02 6.10e-07 1.38e-06 1.12e-05 4.83e-06 2.90e-06 3.45e-07
1.60e+00 1.40e+00 1.59e-01 1.42e+00 1.60e-01 8.38e-05 9.60e-02 5.55e-03 2.36e-03 1.27e-03 1.37e-04
1.58e+00 1.76e+00 3.16e-02 1.75e+00 3.35e-02 1.62e-13 2.11e-13 1.79e-06 9.18e-07 5.79e-07 7.65e-08
1.55e+00 1.49e+00 1.90e-02 1.49e+00 1.91e-02 1.39e-05 1.76e-03 3.88e-04 1.72e-04 8.84e-05 1.29e-05
1.61e+00 1.01e+00 8.61e-02 1.00e+00 8.72e-02 8.32e-15 2.82e+01 2.78e+00 8.45e-01 4.30e-01 6.15e-02
1.55e+00 1.72e+00 1.44e-02 1.72e+00 1.45e-02 3.17e-36 3.17e-36 5.49e-07 2.07e-07 1.35e-07 1.65e-08
1.59e+00 1.33e+00 1.21e-02 1.33e+00 1.30e-02 1.83e-23 1.81e-02 5.48e-03 2.64e-03 2.64e-03 6.61e-04
1.55e+00 1.51e+00 4.20e-02 1.50e+00 4.40e-02 6.90e-04 9.57e-03 1.02e-03 4.89e-04 2.19e-04 2.57e-05
1.56e+00 1.41e+00 3.81e-01 1.49e+00 3.89e-01 3.54e-04 8.63e-03 4.36e-04 1.76e-04 9.79e-05 1.40e-05
1.60e+00 1.80e+00 1.10e-02 1.79e+00 1.41e-02 2.01e-129 2.01e-129 6.09e-08 4.38e-08 1.81e-08 1.38e-08
1.58e+00 1.26e+00 5.80e-01 1.53e+00 6.41e-01 9.47e-04 2.16e-02 1.15e-03 4.03e-04 2.48e-04 4.65e-05
1.54e+00 1.72e+00 1.49e-02 1.72e+00 1.50e-02 3.19e-34 3.19e-34 3.84e-07 2.24e-07 1.49e-07 2.21e-08
1.56e+00 1.44e+00 1.15e-01 1.44e+00 1.15e-01 5.49e-04 5.79e-02 3.81e-03 1.33e-03 7.87e-04 9.54e-05
1.60e+00 1.40e+00 4.26e-02 1.40e+00 4.27e-02 2.55e-06 1.11e-01 8.29e-03 3.73e-03 2.43e-03 3.11e-04
1.55e+00 1.55e+00 4.13e-02 1.53e+00 4.41e-02 6.16e-04 3.95e-03 6.24e-04 2.55e-04 1.83e-04 1.52e-05
1.56e+00 1.55e+00 1.19e-02 1.56e+00 1.34e-02 2.89e-05 6.45e-05 2.88e-05 1.56e-05 1.16e-05 2.77e-06
1.58e+00 1.55e+00 2.88e-02 1.53e+00 3.40e-02 2.67e-04 3.69e-03 5.48e-04 2.57e-04 1.42e-04 2.47e-05
1.56e+00 1.72e+00 2.68e-02 1.72e+00 2.71e-02 6.09e-13 7.47e-13 3.01e-06 1.27e-06 7.30e-07 8.69e-08
1.58e+00 1.44e+00 1.28e-01 1.44e+00 1.28e-01 2.80e-04 5.48e-02 4.46e-03 1.50e-03 7.65e-04 1.06e-04
1.57e+00 1.44e+00 4.72e-02 1.45e+00 4.77e-02 1.46e-04 4.76e-02 3.13e-03 1.36e-03 8.44e-04 1.03e-04
1.59e+00 1.60e+00 2.29e-02 1.60e+00 2.32e-02 1.04e-05 2.91e-05 1.05e-05 4.42e-06 4.07e-06 5.38e-07
1.55e+00 1.72e+00 1.37e-02 1.72e+00 1.41e-02 1.03e-35 1.03e-35 4.72e-07 2.22e-07 1.15e-07 1.65e-08
1.60e+00 1.71e+00 2.81e-02 1.71e+00 2.81e-02 3.07e-09 4.28e-09 2.95e-06 1.44e-06 7.86e-07 1.34e-07
1.57e+00 1.78e+00 1.31e-02 1.78e+00 1.32e-02 3.20e-60 3.20e-60 1.04e-07 4.77e-08 1.99e-08 7.86e-09
1.58e+00 1.63e+00 2.44e-02 1.64e+00 2.51e-02 6.39e-07 1.08e-06 6.27e-06 2.51e-06 1.40e-06 3.23e-07
1.59e+00 8.05e-01 7.80e-01 7.00e-02 1.07e+00 2.72e-05 7.97e-04 8.38e-05 2.06e-05 1.18e-05 2.06e-06
1.56e+00 1.46e+00 2.68e-01 1.49e+00 2.69e-01 4.10e-04 7.90e-03 4.55e-04 1.90e-04 1.04e-04 1.15e-05
1.56e+00 1.69e+00 1.24e-02 1.69e+00 1.25e-02 2.01e-28 2.01e-28 8.57e-07 8.45e-07 3.86e-07 4.83e-08
1.57e+00 1.07e+00 1.10e-01 1.04e+00 1.14e-01 5.19e-06 2.00e+01 9.02e-01 3.33e-01 1.73e-01 2.47e-02
1.56e+00 1.24e+00 5.40e-02 1.25e+00 5.49e-02 3.30e-06 1.85e+00 1.13e-01 5.79e-02 3.04e-02 3.53e-03
1.55e+00 1.56e+00 3.82e-02 1.54e+00 4.42e-02 4.49e-04 1.84e-03 4.32e-04 1.71e-04 1.09e-04 1.37e-05
1.60e+00 1.14e+00 7.29e-01 6.00e-02 1.30e+00 5.73e-05 7.93e-04 5.71e-05 3.24e-05 1.64e-05 2.66e-06
1.59e+00 1.39e+00 3.48e-02 1.37e+00 3.89e-02 1.93e-07 1.32e-01 1.78e-02 5.70e-03 3.73e-03 6.58e-04
1.59e+00 1.73e+00 2.27e-02 1.72e+00 2.38e-02 1.32e-15 1.44e-15 4.83e-07 2.87e-07 1.59e-07 2.14e-08
1.56e+00 1.50e+00 6.25e-02 1.53e+00 7.08e-02 5.04e-04 1.00e-02 7.37e-04 2.66e-04 2.00e-04 2.51e-05
1.57e+00 1.74e+00 3.27e-02 1.74e+00 3.29e-02 1.62e-11 2.23e-11 3.69e-06 1.48e-06 9.02e-07 1.15e-07
1.54e+00 1.32e+00 2.99e-02 1.32e+00 2.99e-02 4.84e-10 2.05e+00 2.46e-01 1.07e-01 5.58e-02 7.54e-03
1.60e+00 1.45e+00 5.60e-02 1.45e+00 5.62e-02 8.22e-05 5.15e-02 3.23e-03 1.33e-03 7.29e-04 1.04e-04
1.56e+00 1.71e+00 2.67e-02 1.71e+00 2.68e-02 2.06e-11 2.64e-11 3.71e-06 1.56e-06 1.42e-06 1.63e-07
1.57e+00 1.18e+00 9.15e-02 1.15e+00 9.58e-02 2.55e-03 8.48e-01 1.57e-01 5.51e-02 3.59e-02 1.75e-03
1.55e+00 1.53e+00 7.41e-02 1.53e+00 7.43e-02 7.14e-04 6.82e-03 8.00e-04 2.88e-04 1.60e-04 1.83e-05
1.55e+00 1.43e+00 3.87e-02 1.43e+00 3.90e-02 2.03e-05 5.44e-02 4.37e-03 2.27e-03 1.35e-03 1.96e-04
1.60e+00 1.54e+00 3.26e-02 1.53e+00 3.51e-02 1.44e-04 4.99e-03 5.68e-04 2.86e-04 1.55e-04 2.06e-05
1.58e+00 1.45e+00 4.13e-02 1.46e+00 4.36e-02 2.84e-05 4.04e-02 3.14e-03 1.56e-03 7.11e-04 1.18e-04
1.58e+00 1.54e+00 3.29e-02 1.53e+00 3.55e-02 2.60e-04 5.24e-03 6.32e-04 3.02e-04 1.55e-04 2.04e-05
1.56e+00 1.42e+00 2.95e-02 1.42e+00 2.96e-02 5.47e-07 5.96e-02 6.63e-03 3.19e-03 1.80e-03 3.19e-04
1.52e+00 1.34e+00 1.90e-01 1.46e+00 2.25e-01 4.48e-03 3.00e-01 1.59e-02 5.19e-03 3.03e-03 4.32e-04
1.59e+00 1.63e+00 1.47e-02 1.63e+00 1.52e-02 3.34e-07 4.25e-07 4.92e-06 2.90e-06 1.55e-06 3.04e-07
1.57e+00 1.64e+00 8.91e-03 1.64e+00 8.91e-03 4.73e-17 4.73e-17 4.29e-06 2.27e-06 2.27e-06 3.02e-07
1.58e+00 1.43e+00 3.03e-02 1.44e+00 3.09e-02 3.27e-06 4.29e-02 5.19e-03 2.64e-03 1.10e-03 1.74e-04
1.57e+00 1.78e+00 1.14e-02 1.78e+00 1.14e-02 9.49e-88 9.49e-88 1.04e-07 4.48e-08 1.72e-08 4.16e-09
1.58e+00 1.38e+00 2.74e-02 1.38e+00 2.75e-02 1.17e-09 1.06e-01 1.19e-02 5.81e-03 3.11e-03 4.78e-04
1.61e+00 1.07e+00 2.56e-02 1.06e+00 2.62e-02 2.67e-10 4.75e+01 6.11e+00 3.07e+00 1.73e+00 2.12e-01
1.55e+00 1.50e+00 2.00e-01 1.52e+00 2.02e-01 5.75e-04 7.46e-03 5.82e-04 2.12e-04 1.04e-04 1.44e-05
1.59e+00 1.07e+00 3.07e-02 1.08e+00 3.14e-02 2.20e-07 4.52e+01 4.46e+00 2.51e+00 1.55e+00 2.33e-01
1.54e+00 1.48e+00 2.02e-02 1.48e+00 2.06e-02 2.61e-04 6.80e-02 1.06e-02 5.85e-03 3.19e-03 4.65e-04
1.60e+00 1.74e+00 3.44e-02 1.74e+00 3.44e-02 1.24e-10 1.81e-10 1.64e-06 7.06e-07 4.58e-07 5.97e-08
1.60e+00 1.60e+00 5.94e-02 1.60e+00 5.96e-02 8.16e-05 6.02e-04 6.85e-05 3.57e-05 2.25e-05 2.46e-06
1.55e+00 1.49e+00 1.63e-01 1.49e+00 1.63e-01 6.91e-04 1.13e-02 8.10e-04 3.63e-04 1.89e-04 2.63e-05
1.58e+00 1.47e+00 1.25e-01 1.45e+00 1.26e-01 3.25e-04 1.85e-02 1.64e-03 4.10e-04 2.21e-04 3.16e-05
1.55e+00 1.50e+00 3.90e-02 1.50e+00 3.91e-02 6.62e-04 1.24e-02 1.24e-03 5.62e-04 2.89e-04 3.90e-05
1.54e+00 1.50e+00 3.67e-02 1.50e+00 3.67e-02 8.03e-04 1.23e-02 1.36e-03 5.10e-04 3.34e-04 3.52e-05
1.59e+00 1.39e+00 3.28e-02 1.38e+00 3.43e-02 4.47e-07 9.31e-02 1.46e-02 5.11e-03 2.19e-03 5.68e-04
1.59e+00 1.51e+00 2.99e-01 1.56e+00 3.03e-01 1.99e-04 2.27e-03 1.74e-04 7.78e-05 4.46e-05 5.72e-06
1.59e+00 1.72e+00 2.84e-02 1.72e+00 2.85e-02 3.87e-11 5.11e-11 1.53e-06 7.54e-07 4.54e-07 6.20e-08
1.60e+00 1.82e+00 7.11e-03 1.82e+00 7.54e-03 6.62e-198 6.62e-198 3.26e-08 1.46e-08 1.46e-08 1.97e-09
1.61e+00 1.65e+00 2.81e-02 1.65e+00 2.81e-02 2.68e-06 5.69e-06 7.69e-06 3.65e-06 2.02e-06 2.47e-07
1.57e+00 1.54e+00 3.72e-02 1.53e+00 3.78e-02 4.28e-04 5.52e-03 6.15e-04 3.07e-04 1.63e-04 1.90e-05
1.58e+00 1.05e+00 6.89e-01 7.00e-02 1.20e+00 5.28e-04 1.72e-02 9.07e-04 3.09e-04 1.64e-04 3.29e-05
1.56e+00 1.28e+00 9.82e-03 1.29e+00 1.12e-02 2.95e-71 1.04e+00 3.89e-01 1.37e-01 1.13e-01 1.56e-02
1.53e+00 1.73e+00 3.85e-02 1.73e+00 3.87e-02 2.99e-11 3.96e-11 3.81e-06 1.68e-06 9.97e-07 1.33e-07
1.59e+00 1.73e+00 2.68e-02 1.73e+00 2.71e-02 8.69e-13 1.06e-12 1.21e-06 5.32e-07 3.27e-07 3.41e-08
1.61e+00 1.36e+00 1.75e-02 1.36e+00 1.75e-02 1.78e-20 5.78e-02 1.11e-02 7.28e-03 3.36e-03 7.60e-04
1.55e+00 1.24e+00 1.88e-01 1.42e+00 2.58e-01 4.56e-04 8.58e-01 3.19e-02 1.30e-02 8.77e-03 1.50e-03
1.55e+00 1.30e+00 3.84e-02 1.30e+00 3.84e-02 1.63e-10 2.68e+00 2.94e-01 1.17e-01 7.08e-02 8.85e-03
1.56e+00 1.65e+00 5.34e-02 1.65e+00 5.34e-02 6.44e-06 1.77e-05 2.14e-05 1.00e-05 5.43e-06 1.00e-06
1.57e+00 1.34e+00 3.30e-02 1.34e+00 3.32e-02 2.34e-08 2.64e-01 2.58e-02 1.24e-02 7.45e-03 1.16e-03
1.58e+00 1.62e+00 4.03e-02 1.62e+00 4.04e-02 2.95e-05 8.71e-05 7.19e-05 3.13e-05 1.65e-05 1.69e-06
1.56e+00 1.49e+00 3.49e-02 1.48e+00 3.53e-02 2.72e-04 1.80e-02 1.92e-03 8.13e-04 5.57e-04 5.57e-05
1.58e+00 1.64e+00 2.50e-02 1.65e+00 2.57e-02 2.47e-07 4.07e-07 5.27e-06 2.24e-06 1.25e-06 1.92e-07
1.56e+00 1.52e+00 9.28e-02 1.51e+00 9.30e-02 5.01e-04 8.95e-03 6.45e-04 2.90e-04 1.62e-04 2.19e-05
1.57e+00 1.64e+00 4.14e-02 1.64e+00 4.16e-02 1.08e-05 2.73e-05 3.02e-05 1.56e-05 8.60e-06 1.60e-06
1.54e+00 7.78e-01 7.38e-01 7.00e-02 1.02e+00 3.33e-04 8.63e-03 9.32e-04 2.25e-04 1.07e-04 1.68e-05
1.60e+00 1.54e+00 3.75e-02 1.53e+00 3.93e-02 1.99e-04 5.81e-03 5.51e-04 2.57e-04 1.40e-04 1.84e-05
1.56e+00 1.42e+00 1.98e-01 1.47e+00 2.03e-01 6.10e-04 4.09e-02 2.01e-03 1.01e-03 5.39e-04 6.88e-05
1.55e+00 1.08e+00 2.11e-02 1.09e+00 2.17e-02 3.25e-18 3.15e+01 4.97e+00 2.70e+00 1.38e+00 1.89e-01
1.57e+00 1.66e+00 3.10e-02 1.66e+00 3.11e-02 3.34e-07 5.87e-07 1.41e-05 5.83e-06 3.56e-06 6.48e-07
1.56e+00 1.75e+00 8.88e-03 1.75e+00 8.92e-03 2.02e-88 2.02e-88 2.40e-07 9.88e-08 7.35e-08 1.57e-08
1.57e+00 1.22e+00 1.79e-01 1.08e+00 2.28e-01 7.87e-06 6.89e-01 3.41e-02 1.73e-02 9.97e-03 1.55e-03
1.60e+00 1.54e+00 3.29e-02 1.53e+00 3.39e-02 1.53e-04 5.67e-03 6.13e-04 2.79e-04 1.98e-04 1.94e-05
1.55e+00 1.33e+00 2.71e-02 1.33e+00 2.71e-02 8.75e-12 1.65e+00 2.33e-01 1.27e-01 7.17e-02 1.02e-02
1.60e+00 1.71e+00 2.38e-02 1.71e+00 2.41e-02 4.20e-11 5.11e-11 1.22e-06 5.01e-07 4.37e-07 5.01e-08
1.58e+00 1.48e+00 3.27e-01 1.53e+00 3.31e-01 2.63e-04 3.53e-03 2.85e-04 1.13e-04 5.54e-05 7.39e-06
1.58e+00 1.66e+00 2.72e-02 1.66e+00 2.73e-02 5.86e-08 9.28e-08 4.44e-06 2.00e-06 1.14e-06 1.89e-07
1.56e+00 1.19e+00 3.14e-02 1.18e+00 3.35e-02 1.63e-14 1.53e+01 1.71e+00 8.32e-01 4.51e-01 5.01e-02
1.60e+00 1.68e+00 1.40e-02 1.68e+00 1.45e-02 1.78e-14 1.81e-14 1.20e-06 6.38e-07 3.12e-07 5.43e-08
1.59e+00 1.73e+00 1.94e-02 1.72e+00 2.05e-02 7.36e-19 7.59e-19 3.25e-07 2.16e-07 9.79e-08 1.33e-08
1.54e+00 1.45e+00 1.09e-01 1.45e+00 1.09e-01 7.79e-04 4.33e-02 2.97e-03 1.08e-03 6.18e-04 7.98e-05
1.58e+00 1.41e+00 4.34e-02 1.38e+00 5.11e-02 7.98e-06 5.52e-02 4.36e-03 2.14e-03 1.72e-03 1.57e-04
1.59e+00 1.68e+00 3.53e-02 1.68e+00 3.56e-02 6.97e-07 1.49e-06 1.12e-05 5.74e-06 2.53e-06 4.47e-07
1.56e+00 1.52e+00 2.15e-02 1.52e+00 2.15e-02 2.77e-04 1.85e-02 3.80e-03 2.07e-03 9.55e-04 2.66e-04
1.61e+00 1.35e+00 1.51e-02 1.34e+00 1.65e-02 1.37e-43 6.50e-01 1.62e-01 9.57e-02 5.28e-02 8.25e-03
1.55e+00 1.36e+00 4.99e-01 1.54e+00 5.31e-01 4.83e-04 4.87e-03 3.76e-04 1.38e-04 8.61e-05 1.48e-05
1.55e+00 1.36e+00 3.81e-02 1.36e+00 3.84e-02 8.37e-05 1.35e-01 1.66e-02 7.59e-03 5.49e-03 5.99e-04
1.61e+00 9.99e-01 6.22e-02 9.70e-01 6.85e-02 2.51e-05 4.78e+01 2.70e+00 1.12e+00 6.93e-01 8.25e-02
1.57e+00 1.52e+00 2.73e-01 1.55e+00 2.74e-01 1.86e-04 1.69e-03 1.64e-04 6.97e-05 3.53e-05 5.05e-06
1.54e+00 1.49e+00 3.16e-02 1.49e+00 3.16e-02 4.85e-04 1.43e-02 1.62e-03 7.36e-04 4.70e-04 5.11e-05
1.60e+00 1.57e+00 2.31e-01 1.59e+00 2.32e-01 6.00e-05 5.66e-04 4.91e-05 2.50e-05 1.33e-05 1.81e-06
1.57e+00 1.77e+00 3.71e-02 1.76e+00 3.77e-02 1.52e-12 3.97e-12 1.49e-06 6.40e-07 4.17e-07 4.64e-08
1.55e+00 1.71e+00 1.35e-02 1.71e+00 1.37e-02 3.56e-33 3.56e-33 5.44e-07 2.19e-07 1.57e-07 3.85e-08
1.55e+00 1.32e+00 3.76e-02 1.31e+00 3.84e-02 2.27e-04 9.81e-01 9.90e-02 4.34e-02 2.49e-02 3.19e-03
1.59e+00 1.17e+00 6.38e-02 1.15e+00 6.81e-02 2.14e-08 1.97e+01 1.05e+00 4.11e-01 2.69e-01 4.04e-02
1.61e+00 1.61e+00 7.05e-02 1.62e+00 7.09e-02 6.86e-05 5.80e-04 5.71e-05 2.43e-05 1.46e-05 1.78e-06
1.59e+00 1.64e+00 3.00e-02 1.64e+00 3.00e-02 3.96e-06 8.59e-06 1.47e-05 7.12e-06 4.02e-06 8.21e-07
1.57e+00 1.56e+00 1.67e-01 1.56e+00 1.67e-01 2.55e-04 1.90e-03 2.43e-04 1.14e-04 6.83e-05 7.11e-06
1.57e+00 1.43e+00 2.98e-01 1.50e+00 3.05e-01 4.62e-04 1.65e-02 9.75e-04 3.71e-04 1.82e-04 3.14e-05
1.58e+00 1.50e+00 9.49e-02 1.46e+00 1.01e-01 3.24e-04 1.05e-02 5.96e-04 2.98e-04 1.49e-04 2.01e-05
1.54e+00 1.50e+00 1.03e-02 1.49e+00 1.15e-02 5.63e-07 3.50e-04 1.36e-04 4.38e-05 4.31e-05 4.79e-06
1.56e+00 1.61e+00 4.21e-02 1.61e+00 4.21e-02 6.21e-05 1.96e-04 7.00e-05 3.30e-05 2.01e-05 3.12e-06
1.60e+00 1.56e+00 4.17e-01 1.68e+00 4.33e-01 4.20e-06 3.14e-05 8.43e-06 3.02e-06 1.70e-06 2.65e-07
1.55e+00 1.76e+00 3.64e-02 1.75e+00 3.88e-02 1.99e-13 2.56e-13 1.66e-06 6.89e-07 4.16e-07 6.08e-08
1.56e+00 1.54e+00 3.88e-02 1.54e+00 3.91e-02 3.19e-03 2.18e-02 3.40e-03 1.78e-03 1.07e-03 1.17e-04
1.57e+00 1.36e+00 4.57e-02 1.36e+00 4.57e-02 5.96e-07 1.26e+00 1.13e-01 5.47e-02 3.50e-02 3.30e-03
1.58e+00 1.57e+00 5.17e-02 1.56e+00 5.23e-02 2.07e-04 1.95e-03 1.92e-04 8.51e-05 4.91e-05 7.19e-06
1.54e+00 1.52e+00 4.60e-02 1.51e+00 4.65e-02 7.76e-04 8.27e-03 7.89e-04 3.26e-04 2.14e-04 2.54e-05
1.58e+00 1.13e+00 6.41e-01 7.00e-02 1.24e+00 3.99e-05 2.08e-03 9.16e-05 3.12e-05 2.10e-05 2.54e-06
1.59e+00 1.53e+00 3.25e-02 1.53e+00 3.27e-02 1.20e-04 3.51e-03 3.72e-04 1.60e-04 1.04e-04 1.95e-05
1.58e+00 1.70e+00 2.91e-02 1.71e+00 2.98e-02 1.28e-09 1.87e-09 5.04e-06 2.53e-06 1.67e-06 2.30e-07
1.56e+00 1.52e+00 1.67e-01 1.53e+00 1.67e-01 5.30e-04 5.44e-03 5.09e-04 2.21e-04 9.97e-05 1.07e-05
1.57e+00 1.14e+00 3.47e-02 1.15e+00 3.53e-02 6.79e-05 3.39e+00 4.92e-01 2.95e-01 1.23e-01 1.30e-02
1.56e+00 1.71e+00 8.31e-03 1.71e+00 8.49e-03 2.26e-74 2.26e-74 7.09e-07 4.53e-07 2.49e-07 3.56e-08
1.60e+00 1.32e-01 3.26e-01 7.00e-02 3.32e-01 2.80e-05 1.35e-02 2.20e-03 1.11e-03 4.54e-04 1.34e-04
1.59e+00 1.62e+00 5.02e-02 1.62e+00 5.03e-02 5.66e-05 3.12e-04 5.08e-05 2.38e-05 1.66e-05 2.82e-06
1.57e+00 1.48e+00 3.13e-02 1.46e+00 3.67e-02 5.19e-05 8.06e-03 1.24e-03 4.60e-04 3.45e-04 2.87e-05
1.60e+00 1.73e+00 2.92e-02 1.72e+00 3.10e-02 3.05e-11 3.90e-11 1.35e-06 6.50e-07 3.73e-07 5.68e-08
1.59e+00 1.50e+00 4.24e-02 1.50e+00 4.25e-02 1.73e-04 1.41e-02 1.10e-03 4.59e-04 2.85e-04 4.17e-05
1.61e+00 5.34e-01 6.94e-01 7.00e-02 8.34e-01 1.38e-04 1.02e-02 1.28e-03 2.36e-04 1.41e-04 2.36e-05
1.59e+00 1.64e+00 1.63e-02 1.64e+00 1.66e-02 3.61e-08 4.45e-08 3.36e-06 1.20e-06 8.76e-07 1.20e-07
1.57e+00 1.68e+00 2.50e-02 1.68e+00 2.51e-02 2.46e-09 3.35e-09 6.22e-06 3.00e-06 1.72e-06 2.15e-07
1.57e+00 1.08e+00 6.88e-01 7.00e-02 1.22e+00 3.67e-04 8.05e-03 4.32e-04 1.63e-04 1.02e-04 1.60e-05
1.57e+00 5.58e-01 7.14e-01 7.00e-02 8.65e-01 9.14e-05 4.07e-03 5.38e-04 1.17e-04 5.87e-05 9.78e-06
1.55e+00 1.05e+00 6.58e-01 7.00e-02 1.18e+00 7.46e-04 2.81e-02 1.20e-03 5.25e-04 3.11e-04 5.36e-05
1.59e+00 1.57e+00 3.29e-01 1.65e+00 3.39e-01 1.79e-05 1.11e-04 2.11e-05 9.16e-06 5.07e-06 8.45e-07
1.57e+00 1.66e+00 2.80e-02 1.66e+00 2.82e-02 1.68e-07 2.80e-07 1.15e-05 5.24e-06 3.05e-06 3.32e-07
1.58e+00 1.64e+00 3.46e-02 1.65e+00 3.53e-02 5.25e-06 1.21e-05 2.12e-05 1.08e-05 6.60e-06 1.00e-06
1.57e+00 1.48e+00 1.62e-02 1.48e+00 1.67e-02 1.45e-07 1.54e-03 3.71e-04 1.83e-04 1.29e-04 1.41e-05
1.57e+00 1.80e+00 7.32e-03 1.81e+00 9.08e-03 6.64e-265 6.64e-265 4.37e-08 3.36e-08 3.36e-08 3.74e-09
1.59e+00 1.80e+00 1.06e-02 1.79e+00 1.26e-02 8.26e-147 8.26e-147 7.33e-08 3.72e-08 2.43e-08 9.58e-09
1.56e+00 1.53e+00 1.09e-02 1.53e+00 1.09e-02 5.70e-06 1.56e-04 5.69e-05 3.51e-05 1.09e-05 1.71e-06
1.54e+00 1.51e+00 2.87e-02 1.51e+00 2.91e-02 6.30e-04 7.72e-03 1.18e-03 4.76e-04 3.06e-04 3.26e-05
1.59e+00 1.21e+00 1.37e-01 1.14e+00 1.52e-01 2.82e-07 6.18e-01 8.67e-02 3.81e-02 1.78e-02 2.09e-03
1.58e+00 1.63e+00 3.57e-02 1.63e+00 3.58e-02 2.26e-05 6.47e-05 4.02e-05 1.70e-05 1.03e-05 1.44e-06
1.57e+00 1.78e+00 1.17e-02 1.78e+00 1.17e-02 4.60e-71 4.60e-71 1.04e-07 4.48e-08 1.72e-08 4.69e-09
1.60e+00 1.40e+00 2.60e-01 1.44e+00 2.64e-01 1.46e-04 3.19e-02 2.11e-03 6.99e-04 3.84e-04 4.11e-05
1.55e+00 1.52e+00 3.01e-02 1.51e+00 3.17e-02 5.24e-04 7.33e-03 1.02e-03 4.35e-04 2.35e-04 3.53e-05
1.55e+00 1.70e+00 3.98e-02 1.70e+00 3.98e-02 2.86e-08 4.77e-08 9.68e-06 4.87e-06 2.19e-06 2.74e-07
1.62e+00 1.51e+00 2.39e-01 1.53e+00 2.40e-01 1.57e-04 5.61e-03 3.75e-04 1.48e-04 9.06e-05 1.26e-05
1.59e+00 1.07e+00 1.22e-01 1.03e+00 1.29e-01 2.61e-04 7.34e+00 3.04e-01 1.18e-01 5.99e-02 5.99e-03
1.54e+00 1.50e+00 9.74e-03 1.50e+00 1.06e-02 3.92e-07 2.71e-04 1.09e-04 4.22e-05 4.22e-05 4.94e-06
1.60e+00 1.39e+00 1.18e-02 1.39e+00 1.23e-02 1.41e-36 4.04e-03 1.35e-03 7.20e-04 4.82e-04 1.22e-04
1.56e+00 1.52e+00 4.39e-02 1.51e+00 4.46e-02 5.69e-04 9.37e-03 9.02e-04 4.22e-04 1.90e-04 2.64e-05
1.60e+00 1.61e+00 3.32e-02 1.61e+00 3.34e-02 2.73e-04 7.79e-04 2.94e-04 1.33e-04 7.63e-05 4.87e-06
1.58e+00 1.78e+00 9.63e-03 1.78e+00 9.72e-03 9.80e-93 9.80e-93 1.04e-07 5.36e-08 3.33e-08 2.08e-09
1.54e+00 1.12e+00 5.67e-02 1.13e+00 5.81e-02 2.64e-04 7.08e+00 6.16e-01 2.87e-01 1.59e-01 1.04e-02
1.58e+00 1.64e+00 3.12e-02 1.65e+00 3.22e-02 2.58e-06 5.70e-06 1.23e-05 5.20e-06 3.28e-06 5.70e-07
1.61e+00 1.37e+00 5.74e-01 1.62e+00 6.26e-01 6.36e-05 7.26e-04 4.85e-05 2.18e-05 1.42e-05 2.31e-06
1.55e+00 1.68e+00 4.18e-02 1.68e+00 4.18e-02 3.32e-07 6.26e-07 1.37e-05 5.86e-06 4.03e-06 5.50e-07
1.54e+00 1.31e+00 4.38e-01 1.44e+00 4.58e-01 9.49e-04 3.48e-02 1.42e-03 6.12e-04 3.52e-04 6.49e-05
1.58e+00 1.06e+00 9.03e-02 1.03e+00 9.42e-02 7.92e-09 2.22e+00 3.01e-01 1.14e-01 9.65e-02 5.68e-03
1.57e+00 5.44e-01 6.82e-01 7.00e-02 8.31e-01 1.13e-03 7.73e-02 1.07e-02 2.69e-03 1.09e-03 1.28e-04
1.57e+00 1.72e+00 1.32e-02 1.72e+00 1.34e-02 1.24e-30 1.25e-30 5.44e-07 1.86e-07 1.15e-07 3.55e-08
1.54e+00 1.64e+00 3.85e-02 1.65e+00 3.91e-02 1.60e-06 2.79e-06 3.00e-05 1.30e-05 7.74e-06 1.32e-06
1.57e+00 1.58e+00 6.45e-02 1.57e+00 6.60e-02 1.39e-04 8.72e-04 1.11e-04 5.12e-05 2.87e-05 4.91e-06
1.60e+00 1.06e+00 3.21e-02 1.04e+00 3.55e-02 3.18e-10 6.43e+01 6.47e+00 3.33e+00 1.83e+00 2.56e-01
1.60e+00 1.55e+00 1.04e-01 1.55e+00 1.04e-01 1.60e-04 2.50e-03 1.71e-04 7.38e-05 4.41e-05 6.61e-06
1.55e+00 1.19e+00 6.46e-02 1.17e+00 6.75e-02 1.21e-08 1.44e+01 6.31e-01 3.51e-01 1.93e-01 2.63e-02
1.55e+00 1.73e+00 3.59e-02 1.72e+00 3.76e-02 7.28e-11 1.04e-10 4.41e-06 1.87e-06 1.14e-06 1.52e-07
1.58e+00 1.69e+00 3.17e-02 1.69e+00 3.18e-02 2.80e-08 4.64e-08 7.44e-06 3.56e-06 2.30e-06 2.25e-07
1.56e+00 1.21e+00 3.13e-02 1.21e+00 3.13e-02 1.04e-11 1.06e+01 1.14e+00 5.83e-01 3.82e-01 3.35e-02
1.58e+00 1.06e+00 1.53e-02 1.06e+00 1.57e-02 4.10e-12 3.34e+01 7.53e+00 4.85e+00 2.97e+00 5.44e-01
1.55e+00 1.71e+00 4.23e-02 1.71e+00 4.23e-02 1.74e-08 3.14e-08 6.28e-06 2.82e-06 1.88e-06 2.04e-07
1.59e+00 1.74e+00 3.28e-02 1.74e+00 3.28e-02 9.89e-11 1.39e-10 2.34e-06 8.49e-07 5.01e-07 7.71e-08
1.58e+00 1.82e+00 4.70e-03 1.82e+00 4.94e-03 0.00e+00 0.00e+00 3.26e-08 3.26e-08 3.26e-08 1.15e-09
1.58e+00 1.55e+00 2.78e-02 1.55e+00 2.78e-02 3.66e-05 4.23e-04 5.30e-05 2.53e-05 1.47e-05 3.08e-06
1.59e+00 1.59e+00 4.05e-02 1.59e+00 4.05e-02 1.35e-04 8.62e-04 1.21e-04 5.52e-05 3.10e-05 4.14e-06
1.58e+00 1.63e+00 2.74e-02 1.63e+00 2.74e-02 2.06e-06 3.92e-06 1.01e-05 4.16e-06 2.48e-06 3.73e-07
1.59e+00 1.40e+00 2.10e-02 1.40e+00 2.14e-02 2.80e-16 4.18e-02 6.67e-03 3.64e-03 1.86e-03 2.83e-04
1.59e+00 1.52e+00 3.18e-02 1.52e+00 3.20e-02 7.32e-05 4.83e-03 4.73e-04 2.79e-04 1.43e-04 2.12e-05
1.58e+00 1.67e+00 3.79e-02 1.67e+00 3.79e-02 1.37e-06 3.19e-06 1.57e-05 6.74e-06 4.65e-06 4.56e-07
1.55e+00 1.33e+00 3.13e-02 1.32e+00 3.17e-02 4.49e-09 2.02e+00 2.21e-01 8.85e-02 5.63e-02 9.39e-03
1.56e+00 1.69e+00 2.17e-02 1.69e+00 2.17e-02 3.91e-13 4.22e-13 2.43e-06 1.15e-06 5.33e-07 8.64e-08
1.57e+00 1.50e+00 2.02e-02 1.50e+00 2.04e-02 9.60e-06 3.71e-03 7.11e-04 4.29e-04 1.83e-04 3.18e-05
1.59e+00 1.68e+00 2.73e-02 1.68e+00 2.77e-02 3.59e-08 5.60e-08 4.98e-06 2.55e-06 1.43e-06 1.55e-07
1.57e+00 1.21e+00 1.22e-01 1.29e+00 1.43e-01 3.27e-06 5.13e+00 2.13e-01 6.56e-02 3.93e-02 5.83e-03
1.56e+00 1.44e+00 2.74e-01 1.45e+00 2.74e-01 5.34e-04 1.72e-02 9.38e-04 3.71e-04 2.14e-04 3.15e-05
1.56e+00 1.42e+00 3.52e-02 1.42e+00 3.54e-02 1.50e-05 7.00e-02 6.69e-03 3.20e-03 1.44e-03 2.46e-04
1.57e+00 1.52e+00 3.68e-02 1.51e+00 3.82e-02 3.38e-04 8.75e-03 8.14e-04 3.88e-04 2.50e-04 2.66e-05
1.57e+00 1.48e+00 2.49e-01 1.52e+00 2.52e-01 4.20e-04 8.28e-03 6.17e-04 2.40e-04 1.18e-04 1.57e-05
1.58e+00 1.50e+00 3.05e-02 1.50e+00 3.07e-02 8.40e-05 1.18e-02 1.25e-03 5.42e-04 3.01e-04 5.16e-05
1.56e+00 1.77e+00 2.88e-02 1.78e+00 2.97e-02 2.23e-18 2.51e-18 9.46e-07 4.67e-07 3.00e-07 4.04e-08
1.55e+00 1.51e+00 3.52e-02 1.50e+00 3.57e-02 4.77e-04 1.12e-02 1.29e-03 5.19e-04 2.80e-04 3.30e-05
1.54e+00 1.51e+00 3.33e-02 1.50e+00 3.57e-02 7.36e-04 8.61e-03 1.05e-03 4.63e-04 2.69e-04 2.76e-05
1.56e+00 1.55e+00 4.16e-02 1.53e+00 4.50e-02 4.84e-04 3.86e-03 4.85e-04 2.09e-04 1.16e-04 1.45e-05
1.55e+00 1.28e+00 1.29e-02 1.28e+00 1.30e-02 1.10e-58 6.25e-01 1.46e-01 1.44e-01 4.59e-02 7.98e-03
1.60e+00 1.84e+00 9.55e-03 1.84e+00 9.56e-03 0.00e+00 0.00e+00 1.34e-08 9.30e-09 9.30e-09 3.47e-09
1.59e+00 1.62e+00 6.71e-02 1.65e+00 7.30e-02 4.89e-06 1.18e-04 1.06e-04 5.76e-05 2.44e-05 2.03e-06
1.56e+00 1.49e+00 2.20e-02 1.49e+00 2.22e-02 2.88e-05 1.01e-02 1.61e-03 7.95e-04 3.69e-04 5.82e-05
1.56e+00 1.70e+00 1.76e-02 1.70e+00 1.76e-02 1.06e-18 1.07e-18 8.18e-07 5.14e-07 2.20e-07 2.30e-08
1.61e+00 1.28e+00 1.37e-01 1.35e+00 1.55e-01 2.82e-13 1.63e+00 1.25e-01 5.08e-02 2.54e-02 3.39e-03
1.55e+00 1.33e+00 1.04e-01 1.36e+00 1.08e-01 6.47e-07 1.35e+00 1.17e-01 5.20e-02 2.78e-02 2.85e-03
1.59e+00 1.53e+00 2.99e-01 1.57e+00 3.02e-01 1.07e-04 1.04e-03 8.59e-05 4.02e-05 2.31e-05 3.31e-06
1.58e+00 1.64e+00 2.97e-02 1.65e+00 3.08e-02 2.25e-06 4.38e-06 1.89e-05 7.46e-06 4.75e-06 9.04e-07
1.55e+00 1.54e+00 1.08e-01 1.53e+00 1.09e-01 5.43e-04 4.09e-03 4.28e-04 2.12e-04 1.02e-04 1.20e-05
1.59e+00 2.01e-01 4.46e-01 7.00e-02 4.65e-01 4.35e-05 8.76e-03 1.46e-03 7.54e-04 2.77e-04 2.60e-05
1.60e+00 1.45e+00 3.50e-01 1.53e+00 3.60e-01 2.99e-04 9.09e-03 5.73e-04 2.34e-04 1.09e-04 1.95e-05
1.59e+00 1.15e+00 1.99e-02 1.15e+00 2.03e-02 3.71e-07 2.87e+00 5.10e-01 3.07e-01 1.20e-01 2.26e-02
1.61e+00 1.76e+00 2.29e-02 1.75e+00 2.67e-02 2.91e-18 3.02e-18 1.56e-07 8.66e-08 4.67e-08 1.00e-08
1.58e+00 1.05e+00 7.82e-01 5.00e-02 1.27e+00 8.31e-06 2.18e-04 2.51e-05 1.05e-05 5.39e-06 9.23e-07
1.58e+00 1.52e+00 5.31e-02 1.51e+00 5.36e-02 2.96e-04 1.02e-02 8.84e-04 3.99e-04 1.83e-04 2.85e-05
1.58e+00 1.60e+00 2.71e-02 1.60e+00 2.73e-02 1.39e-05 4.04e-05 1.39e-05 7.80e-06 4.15e-06 8.30e-07
1.55e+00 1.49e+00 1.13e-01 1.50e+00 1.14e-01 7.75e-04 1.70e-02 1.08e-03 4.43e-04 2.63e-04 3.00e-05
1.59e+00 1.50e+00 9.57e-02 1.49e+00 9.63e-02 2.68e-04 1.36e-02 9.22e-04 4.28e-04 2.41e-04 3.01e-05
1.59e+00 1.49e+00 3.23e-02 1.49e+00 3.24e-02 4.02e-05 1.47e-02 1.57e-03 7.79e-04 4.30e-04 5.00e-05
1.55e+00 1.51e+00 1.03e-01 1.50e+00 1.04e-01 5.37e-04 8.50e-03 6.01e-04 2.67e-04 1.50e-04 1.88e-05
1.57e+00 1.79e+00 7.01e-03 1.78e+00 9.31e-03 6.78e-206 6.78e-206 8.09e-08 7.80e-08 7.80e-08 2.85e-09
1.55e+00 1.72e+00 1.47e-02 1.72e+00 1.49e-02 3.60e-30 3.60e-30 4.59e-07 2.24e-07 1.52e-07 2.21e-08
1.58e+00 1.09e+00 6.91e-01 7.00e-02 1.23e+00 1.45e-04 3.79e-03 1.82e-04 6.90e-05 4.95e-05 7.50e-06
1.61e+00 1.70e+00 2.31e-02 1.69e+00 2.41e-02 7.71e-10 9.63e-10 1.40e-06 5.65e-07 4.50e-07 4.91e-08
1.54e+00 1.71e+00 1.47e-02 1.71e+00 1.51e-02 1.77e-29 1.77e-29 6.12e-07 4.18e-07 1.76e-07 2.88e-08
1.59e+00 1.71e+00 2.90e-02 1.71e+00 2.94e-02 2.83e-10 3.90e-10 2.89e-06 1.67e-06 9.92e-07 1.06e-07
1.57e+00 1.80e+00 1.06e-02 1.79e+00 1.24e-02 1.24e-152 1.24e-152 7.67e-08 3.66e-08 2.66e-08 9.24e-09
1.55e+00 1.73e+00 2.76e-02 1.72e+00 2.87e-02 1.58e-14 1.79e-14 2.41e-06 1.13e-06 6.38e-07 1.16e-07
1.59e+00 1.66e+00 1.78e-01 1.68e+00 1.79e-01 1.86e-06 7.01e-06 1.18e-05 5.32e-06 2.70e-06 3.08e-07
1.55e+00 2.68e-01 5.09e-01 7.00e-02 5.46e-01 8.42e-04 8.13e-02 1.21e-02 4.02e-03 3.20e-03 2.23e-04
1.54e+00 1.46e+00 1.28e-02 1.47e+00 1.43e-02 7.44e-11 1.41e-03 4.26e-04 1.96e-04 1.96e-04 2.62e-05
1.54e+00 1.46e+00 3.93e-02 1.47e+00 4.20e-02 2.39e-04 2.99e-02 2.48e-03 1.15e-03 6.65e-04 8.31e-05
1.55e+00 1.48e+00 3.68e-02 1.48e+00 3.70e-02 4.44e-04 2.10e-02 1.93e-03 9.01e-04 5.06e-04 7.41e-05
1.55e+00 1.71e+00 1.57e-02 1.71e+00 1.58e-02 4.06e-26 4.07e-26 5.61e-07 2.79e-07 2.22e-07 4.20e-08
1.55e+00 1.54e+00 3.71e-02 1.53e+00 3.96e-02 6.64e-04 4.07e-03 6.45e-04 2.57e-04 1.92e-04 1.63e-05
1.59e+00 1.66e+00 1.39e-01 1.68e+00 1.40e-01 3.20e-06 1.14e-05 1.55e-05 6.20e-06 3.61e-06 3.70e-07
1.59e+00 1.63e+00 5.11e-02 1.64e+00 5.24e-02 3.48e-05 1.65e-04 3.80e-05 1.74e-05 1.11e-05 1.69e-06
1.55e+00 1.43e+00 3.47e-02 1.43e+00 3.49e-02 5.61e-05 3.18e-01 3.05e-02 1.53e-02 9.39e-03 1.15e-03
1.60e+00 1.54e+00 3.57e-02 1.53e+00 3.77e-02 1.75e-04 5.16e-03 5.01e-04 2.18e-04 1.17e-04 1.63e-05
1.55e+00 1.66e+00 4.21e-02 1.67e+00 4.25e-02 9.51e-07 1.81e-06 2.11e-05 9.74e-06 5.12e-06 6.24e-07
1.61e+00 1.54e+00 3.61e-02 1.53e+00 3.78e-02 1.02e-04 6.17e-03 5.82e-04 2.49e-04 1.31e-04 2.38e-05
1.55e+00 1.50e+00 3.70e-02 1.50e+00 3.72e-02 5.58e-04 1.23e-02 1.22e-03 5.19e-04 2.97e-04 3.81e-05
1.58e+00 1.81e+00 8.65e-03 1.81e+00 8.66e-03 1.09e-232 1.09e-232 4.37e-08 2.97e-08 1.76e-08 4.84e-09
1.55e+00 1.52e+00 3.79e-02 1.51e+00 3.84e-02 5.81e-04 8.22e-03 8.80e-04 3.71e-04 2.32e-04 3.96e-05
1.55e+00 1.52e+00 1.31e-01 1.53e+00 1.31e-01 5.66e-04 5.91e-03 5.14e-04 2.27e-04 1.40e-04 1.40e-05
1.58e+00 1.35e+00 6.94e-02 1.35e+00 6.95e-02 1.53e-05 3.03e-01 1.88e-02 7.03e-03 4.42e-03 4.54e-04
1.55e+00 1.67e+00 4.11e-02 1.68e+00 4.17e-02 4.07e-07 7.38e-07 1.77e-05 7.52e-06 4.08e-06 7.52e-07
1.58e+00 1.74e+00 4.18e-02 1.74e+00 4.19e-02 3.74e-09 8.73e-09 3.29e-06 1.48e-06 9.45e-07 1.18e-07
1.56e+00 1.65e+00 4.71e-02 1.65e+00 4.72e-02 8.23e-06 2.22e-05 2.70e-05 1.20e-05 7.30e-06 1.02e-06
1.57e+00 1.50e+00 3.72e-02 1.50e+00 3.72e-02 2.51e-04 1.36e-02 1.36e-03 5.51e-04 3.47e-04 4.24e-05
1.59e+00 1.54e+00 1.86e-01 1.45e+00 2.06e-01 3.36e-06 7.87e-05 4.70e-06 1.86e-06 9.48e-07 1.52e-07
1.60e+00 1.55e+00 6.47e-02 1.53e+00 6.71e-02 1.99e-04 4.71e-03 3.79e-04 1.54e-04 1.02e-04 1.42e-05
1.56e+00 1.74e+00 3.38e-02 1.74e+00 3.41e-02 3.69e-11 5.18e-11 3.46e-06 1.81e-06 1.15e-06 1.30e-07
1.66e+00 1.35e+00 2.18e-02 1.35e+00 2.18e-02 1.22e-06 2.75e-02 6.40e-03 2.96e-03 2.85e-03 2.59e-04
1.67e+00 1.83e+00 8.43e-03 1.82e+00 9.84e-03 9.32e-108 9.32e-108 3.26e-08 1.59e-08 1.59e-08 1.64e-09
1.67e+00 1.65e+00 5.19e-02 1.65e+00 5.20e-02 3.01e-05 2.71e-04 2.49e-05 1.07e-05 7.49e-06 1.14e-06
1.66e+00 1.75e+00 1.97e-02 1.75e+00 2.01e-02 1.64e-11 1.80e-11 5.20e-07 2.47e-07 1.41e-07 1.61e-08
1.64e+00 1.44e+00 2.36e-02 1.44e+00 2.41e-02 2.93e-09 3.22e-02 4.83e-03 2.92e-03 1.63e-03 1.69e-04
1.63e+00 1.34e+00 1.98e-02 1.34e+00 1.98e-02 6.50e-10 1.55e-01 2.57e-02 1.10e-02 9.44e-03 1.10e-03
1.65e+00 1.48e+00 4.49e-02 1.45e+00 5.50e-02 1.19e-05 2.11e-02 1.97e-03 6.38e-04 5.02e-04 8.14e-05
1.62e+00 1.44e+00 2.00e-01 1.45e+00 2.00e-01 1.56e-04 3.75e-02 2.10e-03 9.22e-04 4.61e-04 5.43e-05
1.67e+00 1.36e+00 3.87e-02 1.36e+00 3.88e-02 6.60e-10 2.18e-01 1.73e-02 8.22e-03 5.48e-03 8.77e-04
1.67e+00 1.62e+00 4.35e-02 1.62e+00 4.36e-02 3.37e-05 6.78e-04 5.53e-05 2.54e-05 1.59e-05 1.95e-06
1.64e+00 1.75e+00 3.45e-02 1.75e+00 3.45e-02 1.50e-08 2.36e-08 2.15e-06 9.68e-07 6.21e-07 8.67e-08
1.68e+00 1.52e+00 1.66e-01 1.53e+00 1.66e-01 2.65e-05 8.11e-03 5.74e-04 2.32e-04 1.28e-04 1.43e-05
1.64e+00 1.73e+00 4.83e-02 1.72e+00 4.86e-02 5.73e-07 1.38e-06 4.31e-06 2.13e-06 1.06e-06 1.33e-07
1.65e+00 1.36e+00 8.02e-02 1.36e+00 8.04e-02 2.80e-05 2.58e-01 2.22e-02 9.04e-03 5.90e-03 6.55e-04
1.67e+00 1.25e+00 5.52e-02 1.29e+00 6.77e-02 4.12e-08 1.13e+00 6.65e-02 3.44e-02 2.20e-02 3.96e-03
1.66e+00 1.73e+00 3.17e-02 1.73e+00 3.21e-02 8.22e-08 1.34e-07 1.56e-06 6.65e-07 3.97e-07 4.32e-08
1.63e+00 1.38e+00 5.40e-02 1.38e+00 5.40e-02 8.82e-14 6.72e-01 8.29e-02 4.12e-02 2.45e-02 1.96e-03
1.64e+00 1.45e+00 8.90e-03 1.45e+00 9.31e-03 1.87e-34 7.21e-04 3.26e-04 2.16e-04 1.15e-04 1.15e-05
1.64e+00 1.73e+00 8.30e-02 1.73e+00 8.30e-02 5.77e-08 1.39e-07 2.02e-06 9.56e-07 6.21e-07 6.21e-08
1.65e+00 1.47e+00 2.84e-02 1.47e+00 2.85e-02 2.16e-08 1.96e-02 2.73e-03 9.36e-04 5.79e-04 8.91e-05
1.63e+00 1.35e+00 2.00e-01 1.37e+00 2.02e-01 3.04e-04 3.17e-01 2.70e-02 1.04e-02 5.19e-03 5.37e-04
1.61e+00 1.45e+00 9.20e-02 1.48e+00 9.56e-02 7.28e-05 3.30e-02 1.71e-03 7.01e-04 4.41e-04 5.65e-05
1.66e+00 1.52e+00 1.25e-01 1.53e+00 1.25e-01 5.52e-05 6.65e-03 3.40e-04 1.72e-04 8.39e-05 1.10e-05
1.66e+00 1.41e+00 1.21e-01 1.39e+00 1.23e-01 1.26e-04 4.85e-02 3.68e-03 2.08e-03 1.08e-03 1.03e-04
1.64e+00 1.74e+00 1.84e-02 1.75e+00 1.92e-02 1.24e-13 1.29e-13 3.55e-07 1.80e-07 6.84e-08 1.92e-08
1.62e+00 1.69e+00 1.72e-02 1.69e+00 1.74e-02 1.52e-09 1.71e-09 1.18e-06 5.08e-07 3.49e-07 6.12e-08
1.66e+00 1.34e+00 1.92e-02 1.34e+00 1.93e-02 1.47e-08 9.14e-02 1.83e-02 9.50e-03 6.01e-03 6.33e-04
1.66e+00 1.46e+00 2.68e-02 1.46e+00 2.70e-02 1.20e-08 2.24e-02 3.20e-03 1.58e-03 8.39e-04 9.54e-05
1.65e+00 9.55e-01 7.63e-01 7.00e-02 1.17e+00 4.18e-05 1.38e-03 9.18e-05 2.96e-05 1.63e-05 2.41e-06
1.64e+00 1.77e+00 1.91e-02 1.77e+00 1.91e-02 1.18e-19 1.19e-19 1.03e-07 6.39e-08 2.94e-08 4.44e-09
1.67e+00 1.42e+00 7.51e-02 1.43e+00 7.61e-02 8.22e-06 5.70e-02 5.51e-03 2.16e-03 1.28e-03 1.69e-04
1.62e+00 1.67e+00 2.40e-02 1.67e+00 2.40e-02 5.39e-07 9.17e-07 3.84e-06 1.68e-06 9.12e-07 1.66e-07
1.63e+00 1.77e+00 3.01e-02 1.76e+00 3.07e-02 1.48e-11 1.85e-11 1.40e-06 5.04e-07 3.11e-07 4.44e-08
1.64e+00 1.61e+00 3.40e-02 1.61e+00 3.41e-02 4.19e-05 4.07e-04 4.73e-05 2.50e-05 1.50e-05 1.95e-06
1.63e+00 1.62e+00 2.71e-02 1.63e+00 2.80e-02 1.37e-05 5.83e-05 1.17e-05 5.65e-06 2.96e-06 4.82e-07
1.67e+00 1.80e+00 1.25e-02 1.80e+00 1.25e-02 2.81e-39 2.81e-39 5.18e-08 2.14e-08 2.03e-08 2.60e-09
1.68e+00 1.17e+00 8.41e-02 1.17e+00 8.41e-02 1.44e-04 6.34e+00 2.58e-01 1.19e-01 6.86e-02 9.28e-03
1.68e+00 1.48e+00 7.24e-02 1.46e+00 7.51e-02 1.23e-05 2.51e-02 1.59e-03 7.17e-04 4.47e-04 5.20e-05
1.66e+00 1.03e+00 7.32e-02 1.00e+00 7.98e-02 7.37e-05 4.18e+01 2.14e+00 9.83e-01 5.70e-01 5.70e-02
1.68e+00 1.63e+00 4.56e-02 1.63e+00 4.57e-02 1.24e-05 2.24e-04 1.90e-05 8.45e-06 5.67e-06 5.04e-07
1.66e+00 1.71e+00 4.25e-02 1.71e+00 4.25e-02 4.28e-06 1.34e-05 6.70e-06 3.06e-06 1.97e-06 2.09e-07
1.65e+00 5.41e-01 7.28e-01 7.00e-02 8.67e-01 9.09e-06 5.28e-04 5.39e-05 1.94e-05 6.24e-06 9.85e-07
1.63e+00 1.64e+00 2.45e-02 1.65e+00 2.60e-02 5.86e-06 1.55e-05 6.36e-06 3.01e-06 1.71e-06 1.90e-07
1.62e+00 1.76e+00 3.01e-02 1.75e+00 3.06e-02 6.29e-11 8.10e-11 1.53e-06 5.98e-07 3.53e-07 6.86e-08
1.66e+00 1.41e+00 4.46e-02 1.42e+00 4.51e-02 5.73e-07 8.63e-02 6.66e-03 2.86e-03 1.49e-03 2.02e-04
1.66e+00 1.62e+00 1.94e-02 1.63e+00 2.02e-02 8.32e-07 2.74e-05 4.37e-06 2.41e-06 1.14e-06 1.70e-07
1.65e+00 1.73e+00 2.78e-02 1.72e+00 2.84e-02 3.91e-08 5.55e-08 1.80e-06 9.36e-07 5.62e-07 7.71e-08
1.63e+00 1.64e+00 2.55e-02 1.64e+00 2.56e-02 8.12e-06 2.47e-05 8.14e-06 4.00e-06 2.20e-06 3.60e-07
1.65e+00 1.56e+00 4.61e-02 1.54e+00 4.91e-02 5.35e-05 4.37e-03 3.29e-04 1.38e-04 7.93e-05 1.22e-05
1.65e+00 2.44e-01 5.23e-01 6.00e-02 5.55e-01 2.63e-05 3.10e-03 4.79e-04 1.96e-04 1.16e-04 1.03e-05
1.65e+00 1.23e+00 5.16e-02 1.20e+00 6.01e-02 1.87e-07 2.17e+00 1.27e-01 6.21e-02 4.03e-02 4.20e-03
1.64e+00 1.34e+00 5.19e-01 1.53e+00 5.54e-01 9.41e-05 5.72e-03 3.05e-04 1.16e-04 6.31e-05 8.42e-06
1.65e+00 1.78e+00 1.23e-02 1.78e+00 1.29e-02 3.54e-32 3.54e-32 1.04e-07 4.53e-08 3.49e-08 1.09e-08
1.66e+00 1.43e+00 7.43e-03 1.43e+00 7.51e-03 5.13e-77 9.26e-04 4.58e-04 2.69e-04 1.84e-04 1.84e-04
1.68e+00 1.80e+00 1.10e-02 1.80e+00 1.10e-02 6.91e-54 6.91e-54 4.74e-08 4.38e-08 1.52e-08 1.21e-08
1.63e+00 1.20e+00 1.91e-01 9.90e-01 2.83e-01 1.98e-07 1.95e+00 8.18e-02 3.90e-02 2.11e-02 3.25e-03
1.67e+00 1.42e+00 3.54e-02 1.42e+00 3.57e-02 6.36e-09 5.99e-02 5.49e-03 2.88e-03 1.27e-03 2.06e-04
1.67e+00 1.24e+00 8.72e-02 1.27e+00 9.33e-02 8.20e-07 5.48e+00 2.81e-01 1.13e-01 5.66e-02 7.55e-03
1.64e+00 1.60e+00 5.73e-02 1.60e+00 5.73e-02 7.09e-05 9.36e-04 7.56e-05 3.58e-05 2.13e-05 4.08e-06
1.67e+00 1.25e+00 6.94e-02 1.26e+00 7.10e-02 2.13e-04 2.98e+00 1.83e-01 6.55e-02 3.45e-02 4.77e-03
1.65e+00 1.47e+00 3.83e-02 1.46e+00 4.09e-02 4.47e-06 2.88e-02 2.81e-03 1.03e-03 7.83e-04 9.55e-05
1.67e+00 1.79e+00 1.69e-02 1.78e+00 1.76e-02 2.91e-18 2.92e-18 7.88e-08 2.66e-08 2.52e-08 3.21e-09
1.64e+00 1.76e+00 3.02e-02 1.75e+00 3.36e-02 1.77e-10 2.22e-10 1.24e-06 4.90e-07 2.69e-07 4.14e-08
1.67e+00 1.47e+00 3.49e-02 1.46e+00 3.67e-02 3.79e-07 2.56e-02 3.27e-03 1.30e-03 7.52e-04 9.40e-05
1.62e+00 1.06e+00 5.56e-02 1.05e+00 5.61e-02 9.67e-10 1.85e+01 1.60e+00 6.83e-01 3.21e-01 3.01e-02
1.67e+00 1.53e+00 6.03e-02 1.56e+00 6.62e-02 1.44e-05 3.81e-03 2.00e-04 1.11e-04 5.89e-05 8.09e-06
1.64e+00 6.04e-01 7.15e-01 7.00e-02 8.93e-01 1.50e-04 1.30e-02 1.50e-03 2.60e-04 1.30e-04 1.86e-05
1.63e+00 1.74e+00 1.74e-02 1.74e+00 1.75e-02 3.92e-15 4.04e-15 3.30e-07 1.49e-07 1.01e-07 2.35e-08
1.63e+00 1.40e+00 6.53e-02 1.41e+00 6.67e-02 1.10e-06 1.02e-01 8.27e-03 4.59e-03 2.32e-03 4.22e-04
1.66e+00 1.65e+00 3.85e-02 1.65e+00 3.86e-02 2.55e-05 1.85e-04 2.32e-05 1.07e-05 5.69e-06 7.11e-07
1.61e+00 1.66e+00 1.84e-02 1.66e+00 1.84e-02 1.02e-07 1.38e-07 2.37e-06 1.33e-06 7.64e-07 8.04e-08
1.69e+00 1.53e+00 1.72e-01 1.53e+00 1.72e-01 2.71e-05 7.14e-03 4.42e-04 1.76e-04 1.09e-04 1.21e-05
1.61e+00 1.41e+00 4.47e-02 1.41e+00 4.49e-02 1.83e-06 9.73e-02 7.11e-03 3.27e-03 2.14e-03 3.05e-04
1.69e+00 1.24e+00 1.42e-01 1.27e+00 1.44e-01 2.06e-04 7.61e-01 4.07e-02 1.49e-02 8.58e-03 8.30e-04
1.67e+00 1.15e+00 5.85e-01 1.44e+00 6.51e-01 4.41e-05 5.83e-03 3.41e-04 1.30e-04 6.04e-05 7.25e-06
1.63e+00 1.34e+00 3.99e-02 1.35e+00 4.12e-02 1.53e-06 2.27e-01 2.21e-02 7.15e-03 5.67e-03 9.44e-04
1.66e+00 1.61e+00 3.76e-02 1.61e+00 3.77e-02 3.13e-05 5.18e-04 4.69e-05 2.70e-05 1.09e-05 1.76e-06
1.65e+00 1.11e+00 6.44e-02 1.12e+00 6.48e-02 7.70e-06 3.71e+00 4.19e-01 2.17e-01 8.42e-02 7.22e-03
1.63e+00 1.45e+00 2.13e-01 1.49e+00 2.16e-01 1.56e-04 5.61e-02 2.88e-03 1.29e-03 6.87e-04 9.59e-05
1.67e+00 1.16e+00 6.71e-01 7.00e-02 1.28e+00 4.76e-05 3.73e-03 1.56e-04 7.23e-05 4.55e-05 6.20e-06
1.62e+00 1.64e+00 3.19e-02 1.65e+00 3.32e-02 1.78e-05 5.61e-05 2.16e-05 9.67e-06 6.41e-06 6.28e-07
1.66e+00 1.78e+00 2.16e-02 1.78e+00 2.22e-02 1.14e-13 1.22e-13 1.39e-07 8.28e-08 4.67e-08 6.66e-09
1.66e+00 1.74e+00 2.20e-02 1.75e+00 2.26e-02 4.73e-10 5.60e-10 3.99e-07 2.44e-07 1.50e-07 2.22e-08
1.64e+00 1.54e+00 2.88e-02 1.54e+00 2.89e-02 1.45e-06 2.50e-03 2.79e-04 1.36e-04 7.13e-05 1.02e-05
1.62e+00 1.67e+00 3.27e-02 1.67e+00 3.29e-02 5.92e-06 1.47e-05 1.50e-05 6.55e-06 3.61e-06 5.87e-07
1.68e+00 1.45e+00 5.88e-02 1.46e+00 6.04e-02 6.61e-07 4.11e-02 2.54e-03 1.20e-03 7.61e-04 9.72e-05
1.62e+00 1.48e+00 4.08e-02 1.48e+00 4.08e-02 2.22e-05 2.23e-02 1.95e-03 9.11e-04 4.50e-04 5.76e-05
1.67e+00 1.27e+00 5.31e-02 1.25e+00 5.76e-02 1.80e-04 9.56e-01 6.49e-02 3.54e-02 1.59e-02 2.27e-03
1.65e+00 1.53e+00 1.07e-01 1.53e+00 1.07e-01 6.28e-05 5.32e-03 2.97e-04 1.23e-04 7.13e-05 1.16e-05
1.64e+00 1.74e+00 2.86e-02 1.74e+00 2.89e-02 3.81e-09 5.08e-09 1.62e-06 8.00e-07 4.91e-07 4.30e-08
1.64e+00 1.58e+00 2.97e-02 1.57e+00 3.09e-02 2.41e-05 1.04e-03 1.20e-04 5.45e-05 3.49e-05 4.89e-06
1.63e+00 2.20e-01 4.37e-01 8.00e-02 4.59e-01 3.30e-04 2.15e-01 3.83e-02 1.43e-02 6.31e-03 4.07e-04
1.64e+00 1.11e+00 5.76e-02 1.13e+00 6.01e-02 4.17e-05 8.00e+00 5.58e-01 2.38e-01 1.34e-01 1.03e-02
1.66e+00 1.70e+00 1.12e-01 1.68e+00 1.14e-01 2.98e-06 8.58e-06 2.82e-06 8.74e-07 5.83e-07 7.29e-08
1.66e+00 1.14e+00 6.89e-01 7.00e-02 1.27e+00 4.85e-05 2.78e-03 1.23e-04 6.29e-05 3.69e-05 4.19e-06
1.65e+00 1.75e+00 3.03e-02 1.75e+00 3.04e-02 6.73e-09 9.29e-09 2.00e-06 8.74e-07 5.19e-07 7.60e-08
1.67e+00 1.34e+00 1.95e-02 1.33e+00 2.02e-02 3.59e-13 1.51e-01 2.39e-02 1.36e-02 6.49e-03 1.96e-03
1.67e+00 1.77e+00 2.22e-02 1.77e+00 2.23e-02 1.66e-11 1.83e-11 2.11e-07 1.01e-07 4.80e-08 6.55e-09
1.67e+00 1.79e+00 1.09e-02 1.78e+00 1.22e-02 1.42e-31 1.42e-31 9.59e-08 3.04e-08 2.56e-08 5.30e-09
1.62e+00 1.64e+00 2.77e-02 1.65e+00 2.91e-02 7.06e-06 1.85e-05 9.54e-06 4.27e-06 2.22e-06 3.51e-07
1.62e+00 1.73e+00 3.70e-02 1.72e+00 3.77e-02 5.60e-08 1.04e-07 4.69e-06 1.99e-06 1.31e-06 1.71e-07
1.65e+00 1.39e+00 5.23e-02 1.39e+00 5.23e-02 1.23e-06 1.52e-01 9.46e-03 4.58e-03 2.44e-03 4.17e-04
1.67e+00 1.34e+00 4.43e-02 1.35e+00 4.49e-02 9.53e-05 6.57e-01 5.90e-02 2.61e-02 1.32e-02 1.79e-03
1.62e+00 1.70e+00 9.24e-03 1.70e+00 9.61e-03 1.85e-21 1.85e-21 9.24e-07 4.27e-07 4.27e-07 5.57e-08
1.63e+00 1.42e+00 4.61e-01 1.56e+00 4.81e-01 9.30e-05 2.15e-03 1.19e-04 5.08e-05 2.94e-05 3.97e-06
1.63e+00 1.44e+00 9.79e-03 1.44e+00 9.85e-03 6.19e-31 1.05e-03 4.17e-04 2.09e-04 2.09e-04 5.02e-05
1.67e+00 1.25e+00 7.02e-02 1.30e+00 8.53e-02 4.45e-05 1.01e+00 5.41e-02 2.32e-02 1.68e-02 1.68e-03
1.61e+00 1.34e+00 1.27e-01 1.34e+00 1.27e-01 1.08e-05 3.14e-01 1.75e-02 7.86e-03 3.93e-03 4.62e-04
1.66e+00 1.67e+00 3.89e-02 1.68e+00 3.99e-02 1.92e-05 8.12e-05 1.76e-05 7.78e-06 3.94e-06 6.22e-07
1.65e+00 1.60e+00 3.18e-02 1.60e+00 3.18e-02 1.54e-05 3.69e-04 3.81e-05 1.69e-05 1.37e-05 1.60e-06
1.64e+00 1.19e+00 7.01e-02 1.18e+00 7.16e-02 2.84e-06 3.64e+00 2.04e-01 6.79e-02 4.16e-02 5.54e-03
1.65e+00 1.77e+00 1.31e-02 1.78e+00 1.53e-02 6.01e-32 6.01e-32 1.04e-07 3.95e-08 3.43e-08 3.64e-09
1.64e+00 1.39e+00 1.45e-01 1.39e+00 1.45e-01 3.64e-05 2.88e-01 2.47e-02 8.60e-03 5.30e-03 5.73e-04
1.66e+00 7.26e-01 7.52e-01 7.00e-02 9.98e-01 5.43e-05 4.17e-03 3.99e-04 8.72e-05 4.73e-05 7.48e-06
1.62e+00 1.69e+00 2.09e-02 1.69e+00 2.10e-02 2.60e-09 3.21e-09 1.37e-06 6.35e-07 4.86e-07 7.06e-08
1.63e+00 1.16e+00 6.63e-01 7.00e-02 1.28e+00 1.20e-04 5.24e-03 2.45e-04 1.21e-04 6.78e-05 9.68e-06
1.61e+00 1.36e+00 2.38e-01 1.37e+00 2.39e-01 1.12e-04 1.46e-01 7.55e-03 3.33e-03 1.62e-03 1.96e-04
1.68e+00 1.29e+00 5.22e-02 1.28e+00 5.39e-02 2.40e-04 1.39e+00 1.05e-01 4.92e-02 2.66e-02 2.73e-03
1.68e+00 9.93e-01 5.45e-02 9.60e-01 6.37e-02 3.10e-23 2.42e+01 2.30e+00 1.08e+00 7.97e-01 1.62e-01
1.64e+00 1.35e+00 3.62e-02 1.34e+00 3.72e-02 1.22e-08 2.61e-01 2.42e-02 1.04e-02 6.56e-03 7.46e-04
1.61e+00 1.41e+00 4.92e-02 1.41e+00 4.94e-02 8.46e-06 1.06e-01 6.65e-03 2.81e-03 1.88e-03 2.56e-04
1.63e+00 1.64e+00 4.86e-02 1.65e+00 4.99e-02 3.69e-05 2.14e-04 3.03e-05 1.26e-05 8.26e-06 1.57e-06
1.64e+00 1.52e+00 1.58e-01 1.53e+00 1.58e-01 8.46e-05 6.56e-03 4.37e-04 1.79e-04 1.09e-04 8.41e-06
1.64e+00 1.54e+00 3.43e-02 1.54e+00 3.44e-02 1.45e-05 3.77e-03 3.68e-04 1.62e-04 1.08e-04 1.95e-05
1.63e+00 2.18e-01 4.51e-01 7.00e-02 4.75e-01 1.61e-04 4.46e-02 7.56e-03 3.42e-03 1.75e-03 8.35e-05
1.67e+00 1.11e+00 7.04e-01 7.00e-02 1.26e+00 7.16e-05 4.40e-03 1.81e-04 7.89e-05 4.84e-05 7.64e-06
1.63e+00 1.16e+00 6.47e-01 1.53e+00 7.44e-01 1.23e-04 7.64e-03 3.58e-04 1.48e-04 7.85e-05 1.39e-05
1.67e+00 1.37e+00 3.58e-02 1.37e+00 3.60e-02 7.32e-11 1.72e-01 1.53e-02 6.64e-03 4.25e-03 6.46e-04
1.63e+00 1.33e+00 1.84e-01 1.52e+00 2.62e-01 3.56e-04 1.52e-01 4.09e-03 1.57e-03 1.05e-03 1.54e-04
1.61e+00 1.38e+00 2.08e-02 1.38e+00 2.08e-02 6.42e-13 5.74e-02 9.07e-03 4.43e-03 3.71e-03 5.53e-04
1.66e+00 1.01e+00 8.56e-02 9.80e-01 9.21e-02 2.93e-16 3.32e+01 4.20e+00 1.48e+00 5.78e-01 7.54e-02
1.64e+00 1.46e+00 4.11e-01 1.58e+00 4.29e-01 8.15e-05 2.33e-03 1.21e-04 5.05e-05 2.44e-05 4.89e-06
1.67e+00 1.78e+00 1.06e-02 1.78e+00 1.07e-02 1.90e-33 1.90e-33 1.04e-07 3.95e-08 3.95e-08 3.12e-09
1.64e+00 1.75e+00 1.69e-02 1.75e+00 1.71e-02 2.70e-16 2.74e-16 3.15e-07 9.82e-08 8.07e-08 1.11e-08
1.61e+00 1.67e+00 2.16e-02 1.67e+00 2.19e-02 1.46e-07 2.19e-07 2.55e-06 1.34e-06 6.71e-07 1.17e-07
1.63e+00 1.54e+00 1.27e-01 1.53e+00 1.28e-01 1.08e-04 4.95e-03 3.64e-04 1.45e-04 8.98e-05 9.21e-06
1.66e+00 1.48e+00 1.88e-02 1.48e+00 1.90e-02 5.58e-12 3.55e-03 7.80e-04 2.61e-04 2.42e-04 1.58e-05
1.62e+00 1.57e+00 1.59e-02 1.57e+00 1.59e-02 2.02e-07 9.07e-05 2.01e-05 9.54e-06 9.54e-06 7.95e-07
1.63e+00 1.59e+00 7.99e-02 1.57e+00 8.19e-02 9.33e-05 1.40e-03 1.07e-04 5.24e-05 3.29e-05 4.03e-06
1.67e+00 1.61e+00 4.61e-02 1.62e+00 4.65e-02 3.48e-05 8.09e-04 5.93e-05 2.95e-05 1.74e-05 2.13e-06
1.62e+00 1.31e+00 5.13e-01 1.51e+00 5.50e-01 1.90e-04 1.35e-02 6.53e-04 2.74e-04 1.48e-04 2.18e-05
