6.80e-01 5.17e-01 4.56e-03 5.20e-01 5.44e-03 6.55e-54 1.62e-04 1.14e-04 1.14e-04 4.81e-05 4.81e-05
6.61e-01 5.91e-01 1.14e-02 5.90e-01 1.14e-02 1.27e-13 2.67e-03 7.06e-04 5.83e-04 2.37e-04 3.19e-05
6.56e-01 5.99e-01 2.07e-02 6.00e-01 2.07e-02 3.00e-05 4.99e-03 8.11e-04 3.87e-04 3.32e-04 4.15e-05
6.81e-01 6.30e-01 3.08e-02 6.40e-01 3.23e-02 1.19e-04 4.77e-03 6.22e-04 2.14e-04 1.27e-04 1.59e-05
6.67e-01 6.37e-01 2.35e-02 6.40e-01 2.37e-02 2.54e-04 3.40e-03 6.02e-04 2.17e-04 1.91e-04 1.84e-05
6.74e-01 6.47e-01 5.08e-03 6.50e-01 6.07e-03 1.45e-08 1.50e-03 9.60e-04 5.16e-04 5.16e-04 5.16e-04
6.86e-01 5.89e-01 2.35e-02 5.90e-01 2.36e-02 7.62e-07 5.38e-03 8.16e-04 3.92e-04 2.51e-04 2.28e-05
6.70e-01 5.30e-01 3.92e-04 5.30e-01 3.92e-04 5.95e-152 1.18e-04 1.18e-04 1.18e-04 1.18e-04 1.18e-04
6.81e-01 6.48e-01 6.91e-03 6.50e-01 7.22e-03 7.27e-09 1.72e-03 9.60e-04 5.02e-04 5.02e-04 4.34e-05
6.86e-01 6.52e-01 4.56e-03 6.50e-01 4.96e-03 5.21e-10 1.26e-03 9.60e-04 9.60e-04 2.75e-04 3.38e-05
6.68e-01 7.36e-01 4.95e-03 7.40e-01 6.52e-03 2.17e-78 2.17e-78 1.00e-03 7.44e-04 7.44e-04 7.44e-04
6.88e-01 1.08e+00 1.87e-05 1.08e+00 1.87e-05 0.00e+00 0.00e+00 7.11e-04 7.11e-04 7.11e-04 7.11e-04
6.66e-01 7.30e-01 2.32e-03 7.30e-01 2.33e-03 4.58e-60 3.30e-38 9.98e-04 9.98e-04 9.98e-04 3.51e-05
6.72e-01 6.41e-01 7.12e-03 6.40e-01 7.14e-03 4.05e-07 1.70e-03 9.53e-04 3.88e-04 3.21e-04 2.87e-05
6.64e-01 7.20e-01 1.48e-03 7.20e-01 1.50e-03 9.80e-68 9.80e-68 9.95e-04 9.95e-04 9.95e-04 9.95e-04
6.73e-01 6.21e-01 2.43e-03 6.20e-01 2.50e-03 6.87e-55 1.67e-04 1.57e-04 1.57e-04 1.57e-04 1.02e-05
6.74e-01 6.00e-01 6.23e-03 6.00e-01 6.23e-03 1.13e-32 1.46e-03 9.17e-04 2.72e-04 2.67e-04 2.67e-04
6.68e-01 7.32e-01 4.27e-03 7.30e-01 4.71e-03 1.15e-55 1.15e-55 9.98e-04 9.98e-04 2.71e-04 2.71e-04
6.93e-01 6.46e-01 2.27e-02 6.40e-01 2.36e-02 1.42e-04 5.09e-03 8.24e-04 4.45e-04 2.49e-04 3.83e-05
6.74e-01 6.31e-01 2.47e-03 6.30e-01 2.55e-03 5.59e-39 1.72e-04 1.61e-04 1.61e-04 1.61e-04 1.13e-05
6.67e-01 6.71e-01 1.51e-02 6.70e-01 1.51e-02 9.03e-04 1.92e-03 8.22e-04 4.55e-04 3.81e-04 4.40e-05
6.73e-01 6.18e-01 6.95e-03 6.20e-01 7.34e-03 3.40e-17 1.70e-03 9.36e-04 5.17e-04 5.17e-04 4.70e-05
6.92e-01 6.66e-01 4.79e-03 6.70e-01 5.96e-03 4.84e-15 1.13e-03 7.31e-04 4.04e-04 4.04e-04 4.04e-04
6.61e-01 6.49e-01 4.91e-03 6.50e-01 5.03e-03 8.18e-05 1.28e-03 9.60e-04 9.60e-04 2.27e-04 9.17e-05
6.91e-01 6.63e-01 8.42e-03 6.60e-01 9.05e-03 5.03e-06 1.64e-03 7.30e-04 5.94e-04 1.91e-04 3.30e-05
6.74e-01 5.79e-01 1.17e-02 5.80e-01 1.18e-02 4.60e-24 2.66e-03 8.96e-04 6.21e-04 2.84e-04 5.40e-05
6.86e-01 6.47e-01 2.88e-02 6.40e-01 2.96e-02 2.23e-05 2.47e-03 6.20e-04 3.10e-04 2.04e-04 1.82e-05
6.68e-01 6.42e-01 1.32e-02 6.40e-01 1.33e-02 1.41e-04 3.08e-03 7.52e-04 3.35e-04 2.49e-04 4.79e-05
6.76e-01 6.43e-01 5.60e-03 6.40e-01 6.37e-03 9.43e-10 9.73e-04 7.26e-04 7.26e-04 2.01e-04 5.11e-05
6.63e-01 6.08e-01 1.24e-02 6.10e-01 1.26e-02 9.29e-06 1.91e-03 7.20e-04 3.26e-04 1.88e-04 2.17e-05
6.92e-01 6.23e-01 5.06e-03 6.20e-01 6.01e-03 1.83e-41 1.12e-03 7.22e-04 3.81e-04 3.81e-04 3.81e-04
6.72e-01 8.50e-01 4.17e-06 8.50e-01 4.17e-06 1.28e-14 3.57e-13 7.39e-04 7.39e-04 7.39e-04 7.39e-04
6.91e-01 6.37e-01 1.11e-02 6.40e-01 1.15e-02 1.10e-08 2.24e-03 6.93e-04 4.56e-04 2.26e-04 4.38e-05
6.94e-01 7.32e-01 4.68e-03 7.30e-01 5.14e-03 3.46e-14 3.48e-14 9.98e-04 9.98e-04 3.21e-04 3.51e-05
6.71e-01 6.46e-01 3.09e-02 6.40e-01 3.14e-02 8.47e-10 7.95e-04 7.26e-04 7.26e-04 7.26e-04 1.82e-05
6.62e-01 6.07e-01 8.17e-03 6.10e-01 8.75e-03 4.46e-06 1.45e-03 7.20e-04 5.46e-04 5.46e-04 4.34e-05
6.73e-01 6.18e-01 4.02e-03 6.20e-01 4.50e-03 1.73e-54 9.05e-04 7.22e-04 7.22e-04 7.22e-04 1.85e-04
6.70e-01 6.09e-01 9.54e-03 6.10e-01 9.56e-03 1.37e-11 2.17e-03 9.27e-04 4.98e-04 4.98e-04 8.85e-05
6.72e-01 6.26e-01 1.29e-02 6.30e-01 1.34e-02 1.75e-06 3.07e-03 8.12e-04 3.99e-04 3.99e-04 2.85e-05
6.91e-01 6.44e-01 4.88e-03 6.40e-01 6.23e-03 3.16e-29 1.56e-03 9.53e-04 6.08e-04 6.08e-04 6.08e-04
6.76e-01 6.90e-01 2.76e-01 6.40e-01 2.80e-01 7.06e-09 1.02e-03 7.26e-04 7.26e-04 1.97e-04 7.30e-06
6.61e-01 5.73e-01 9.53e-03 5.70e-01 1.00e-02 2.54e-11 2.17e-03 8.84e-04 3.73e-04 3.73e-04 4.00e-05
6.96e-01 5.82e-01 4.35e-03 5.80e-01 4.74e-03 4.79e-99 1.79e-04 1.40e-04 1.40e-04 3.65e-05 3.65e-05
6.61e-01 6.40e-01 5.29e-03 6.40e-01 5.29e-03 6.37e-07 1.31e-03 9.53e-04 9.53e-04 1.87e-04 1.77e-04
6.78e-01 7.74e-01 8.51e-03 7.70e-01 9.25e-03 1.98e-11 1.99e-11 1.00e-03 7.56e-04 2.87e-04 1.66e-04
6.94e-01 7.02e-01 6.43e-03 7.00e-01 6.71e-03 5.34e-04 6.20e-04 9.88e-04 4.87e-04 4.87e-04 1.89e-04
6.81e-01 8.60e-01 8.20e-09 8.60e-01 8.20e-09 7.51e-192 3.70e-183 7.39e-04 7.39e-04 7.39e-04 7.39e-04
6.83e-01 6.40e-01 2.16e-03 6.40e-01 2.18e-03 3.00e-27 1.00e-03 9.53e-04 9.53e-04 9.53e-04 3.83e-05
6.88e-01 5.74e-01 4.94e-03 5.70e-01 6.50e-03 7.43e-252 2.34e-04 1.35e-04 9.93e-05 9.93e-05 9.93e-05
6.76e-01 6.95e-01 5.01e-03 7.00e-01 6.91e-03 2.98e-07 2.98e-07 9.88e-04 8.99e-04 8.99e-04 8.99e-04
6.64e-01 7.28e-01 3.76e-03 7.30e-01 4.09e-03 1.84e-60 1.84e-60 9.98e-04 9.98e-04 9.98e-04 1.96e-04
6.93e-01 6.33e-01 1.02e-02 6.30e-01 1.07e-02 6.18e-09 1.92e-03 7.24e-04 3.35e-04 1.82e-04 2.91e-05
6.86e-01 7.00e-01 1.50e-03 7.00e-01 1.51e-03 1.37e-05 1.37e-05 9.88e-04 9.88e-04 9.88e-04 9.88e-04
6.87e-01 6.69e-01 3.91e-02 6.60e-01 4.01e-02 4.08e-04 4.24e-03 5.60e-04 2.34e-04 1.22e-04 1.85e-05
6.75e-01 6.38e-01 1.36e-02 6.40e-01 1.38e-02 2.61e-05 2.46e-03 5.99e-04 3.07e-04 2.04e-04 4.74e-05
6.82e-01 6.97e-01 4.56e-03 7.00e-01 5.42e-03 7.00e-05 7.00e-05 9.88e-04 9.88e-04 4.12e-04 4.12e-04
6.84e-01 6.32e-01 4.25e-03 6.30e-01 4.56e-03 1.08e-26 1.19e-03 9.45e-04 9.45e-04 9.45e-04 2.23e-04
6.73e-01 6.19e-01 1.18e-02 6.20e-01 1.18e-02 1.28e-07 2.01e-03 7.24e-04 4.58e-04 1.53e-04 1.82e-05
6.67e-01 5.77e-01 1.80e-02 5.80e-01 1.82e-02 1.78e-08 4.15e-03 8.85e-04 3.96e-04 3.07e-04 6.67e-05
6.75e-01 5.96e-01 1.57e-02 5.90e-01 1.69e-02 3.12e-08 3.83e-03 8.89e-04 3.24e-04 2.60e-04 5.92e-05
6.55e-01 6.20e-01 3.57e-03 6.20e-01 3.57e-03 2.72e-15 1.07e-03 9.36e-04 9.36e-04 9.36e-04 6.12e-05
6.64e-01 7.32e-01 4.54e-03 7.30e-01 5.14e-03 2.52e-55 2.52e-55 9.98e-04 9.98e-04 3.41e-04 3.41e-04
6.86e-01 6.80e-01 1.45e-02 6.80e-01 1.45e-02 8.90e-04 2.72e-03 8.21e-04 4.03e-04 3.89e-04 1.13e-04
6.84e-01 6.28e-01 6.61e-03 6.30e-01 6.99e-03 9.16e-18 1.31e-03 7.24e-04 4.19e-04 4.19e-04 1.49e-04
6.76e-01 6.27e-01 3.15e-02 6.20e-01 3.24e-02 1.26e-04 4.65e-03 5.63e-04 2.67e-04 1.61e-04 1.46e-05
6.84e-01 6.15e-01 5.06e-03 6.20e-01 6.79e-03 4.85e-64 2.90e-04 1.57e-04 1.32e-04 1.32e-04 1.32e-04
6.87e-01 6.76e-01 1.24e-02 6.70e-01 1.37e-02 4.12e-04 1.95e-03 7.31e-04 3.27e-04 3.05e-04 2.94e-05
6.68e-01 5.84e-01 5.69e-03 5.80e-01 7.25e-03 1.25e-58 1.73e-03 8.96e-04 7.74e-04 7.74e-04 4.50e-05
6.62e-01 6.65e-01 6.78e-03 6.60e-01 8.30e-03 9.60e-04 1.29e-03 9.67e-04 9.38e-04 9.38e-04 1.02e-04
6.76e-01 6.17e-01 4.63e-03 6.20e-01 5.34e-03 2.54e-34 1.31e-03 9.36e-04 9.36e-04 3.62e-04 3.62e-04
6.72e-01 5.87e-01 4.48e-03 5.90e-01 5.27e-03 1.28e-216 1.99e-04 1.44e-04 1.44e-04 5.57e-05 5.57e-05
6.71e-01 5.89e-01 2.87e-03 5.90e-01 3.01e-03 4.97e-206 1.58e-04 1.44e-04 1.44e-04 1.44e-04 1.45e-05
6.76e-01 6.03e-01 1.03e-02 6.00e-01 1.08e-02 2.07e-12 2.51e-03 9.17e-04 4.19e-04 2.44e-04 2.77e-05
6.79e-01 5.80e-01 9.12e-04 5.80e-01 9.16e-04 5.40e-242 1.41e-04 1.40e-04 1.40e-04 1.40e-04 1.40e-04
6.58e-01 5.66e-01 5.08e-03 5.70e-01 6.44e-03 8.97e-21 1.51e-03 8.84e-04 6.09e-04 6.09e-04 6.09e-04
6.60e-01 6.79e-01 4.66e-03 6.80e-01 4.70e-03 4.99e-06 5.01e-06 9.79e-04 9.79e-04 1.77e-04 1.03e-04
6.84e-01 6.27e-01 7.41e-03 6.30e-01 7.84e-03 1.91e-12 1.91e-03 9.45e-04 6.60e-04 6.60e-04 5.70e-05
6.90e-01 6.49e-01 1.77e-02 6.50e-01 1.78e-02 2.52e-05 3.13e-03 7.13e-04 3.15e-04 1.72e-04 2.93e-05
6.87e-01 6.19e-01 1.52e-02 6.30e-01 1.90e-02 1.02e-18 1.57e-03 7.24e-04 3.64e-04 1.24e-04 7.28e-05
6.80e-01 6.34e-01 1.86e-02 6.40e-01 1.94e-02 1.92e-05 3.20e-03 7.26e-04 2.74e-04 2.30e-04 2.19e-05
6.85e-01 5.68e-01 1.45e-02 5.70e-01 1.46e-02 3.14e-21 1.88e-03 4.64e-04 2.75e-04 1.77e-04 5.18e-05
6.82e-01 7.14e-01 4.85e-03 7.10e-01 6.17e-03 1.59e-18 1.59e-18 9.92e-04 6.13e-04 6.13e-04 6.13e-04
6.76e-01 6.08e-01 8.32e-03 6.10e-01 8.69e-03 5.88e-14 1.96e-03 9.27e-04 6.06e-04 2.98e-04 1.07e-04
6.87e-01 7.00e-01 5.44e-03 7.00e-01 5.45e-03 1.39e-04 1.41e-04 9.88e-04 9.88e-04 2.19e-04 1.89e-04
6.79e-01 6.20e-01 5.52e-03 6.20e-01 5.52e-03 2.82e-22 1.03e-03 7.22e-04 7.22e-04 1.56e-04 1.45e-04
6.63e-01 5.98e-01 4.35e-03 6.00e-01 4.88e-03 3.23e-26 9.42e-04 7.18e-04 7.18e-04 2.20e-04 2.20e-04
6.94e-01 6.14e-01 2.80e-02 6.20e-01 2.87e-02 9.69e-06 6.87e-03 7.86e-04 4.66e-04 2.45e-04 3.29e-05
6.83e-01 8.51e-01 2.60e-03 8.50e-01 2.70e-03 7.75e-36 1.24e-35 7.39e-04 7.39e-04 7.39e-04 5.94e-05
6.79e-01 6.26e-01 1.11e-02 6.30e-01 1.16e-02 1.20e-07 2.75e-03 9.45e-04 4.70e-04 3.28e-04 5.70e-05
6.79e-01 6.11e-01 1.08e-02 6.10e-01 1.08e-02 4.05e-13 1.93e-03 7.20e-04 3.73e-04 1.27e-04 2.89e-05
6.67e-01 6.08e-01 4.92e-03 6.10e-01 5.17e-03 1.11e-30 1.25e-03 9.27e-04 9.27e-04 2.61e-04 6.52e-05
6.80e-01 6.14e-01 2.10e-02 6.20e-01 2.17e-02 6.36e-07 3.59e-03 8.47e-04 4.42e-04 2.78e-04 2.35e-05
6.64e-01 6.13e-01 5.05e-03 6.10e-01 5.70e-03 2.45e-31 1.37e-03 9.27e-04 9.27e-04 4.01e-04 4.19e-05
6.75e-01 6.32e-01 4.69e-03 6.30e-01 5.04e-03 1.52e-16 1.26e-03 9.45e-04 9.45e-04 2.80e-04 4.27e-05
6.91e-01 6.22e-01 4.28e-03 6.20e-01 4.58e-03 8.32e-49 1.18e-03 9.36e-04 9.36e-04 9.36e-04 2.21e-04
6.76e-01 6.69e-01 3.94e-03 6.70e-01 4.04e-03 4.26e-04 1.14e-03 9.73e-04 9.73e-04 9.73e-04 4.40e-05
6.74e-01 5.97e-01 9.85e-03 6.00e-01 1.03e-02 2.05e-17 2.31e-03 9.17e-04 4.19e-04 4.19e-04 5.53e-05
6.94e-01 6.16e-01 5.41e-03 6.20e-01 6.70e-03 1.74e-30 1.65e-03 9.36e-04 6.73e-04 6.73e-04 3.76e-05
6.56e-01 6.08e-01 7.15e-02 5.60e-01 8.60e-02 2.55e-06 3.21e-03 8.46e-04 3.11e-04 2.28e-04 3.07e-05
6.93e-01 6.81e-01 3.66e-03 6.80e-01 3.93e-03 1.21e-04 1.16e-03 9.79e-04 9.79e-04 9.79e-04 1.72e-04
6.77e-01 6.58e-01 1.85e-02 6.60e-01 1.86e-02 3.72e-04 2.87e-03 6.23e-04 2.97e-04 2.13e-04 2.20e-05
6.85e-01 6.32e-01 1.90e-02 6.30e-01 1.91e-02 3.21e-05 4.33e-03 8.55e-04 4.61e-04 2.09e-04 2.37e-05
6.74e-01 6.42e-01 5.92e-03 6.40e-01 6.27e-03 1.69e-08 1.51e-03 9.53e-04 4.21e-04 4.21e-04 1.29e-04
6.71e-01 8.08e-01 2.37e-02 7.90e-01 2.98e-02 5.67e-29 5.72e-29 8.76e-04 3.88e-04 3.32e-04 1.16e-04
6.73e-01 5.81e-01 5.22e-03 5.80e-01 5.34e-03 2.25e-54 1.23e-03 8.96e-04 8.96e-04 2.34e-04 1.04e-04
6.84e-01 6.13e-01 4.97e-03 6.10e-01 6.04e-03 1.84e-48 1.45e-03 9.27e-04 5.12e-04 5.12e-04 5.12e-04
6.91e-01 6.13e-01 5.26e-03 6.10e-01 6.07e-03 3.08e-31 1.43e-03 9.27e-04 4.61e-04 4.61e-04 4.19e-05
6.99e-01 7.18e-01 4.06e-03 7.20e-01 4.34e-03 2.58e-07 2.58e-07 9.95e-04 9.95e-04 9.95e-04 2.10e-04
6.86e-01 6.98e-01 4.62e-03 7.00e-01 4.99e-03 1.75e-04 1.76e-04 9.88e-04 9.88e-04 2.88e-04 3.97e-05
6.82e-01 6.94e-01 4.96e-03 6.90e-01 6.62e-03 1.59e-04 1.59e-04 9.84e-04 7.71e-04 7.71e-04 7.71e-04
6.82e-01 6.08e-01 6.74e-03 6.10e-01 7.05e-03 2.19e-38 1.63e-03 9.27e-04 4.70e-04 4.70e-04 3.73e-05
6.74e-01 5.82e-01 9.25e-03 5.80e-01 9.46e-03 4.83e-17 2.04e-03 8.96e-04 4.01e-04 4.01e-04 4.05e-05
6.56e-01 6.42e-01 2.72e-02 6.60e-01 3.27e-02 6.10e-04 1.23e-03 7.30e-04 4.33e-04 4.33e-04 3.30e-05
6.69e-01 6.17e-01 1.47e-02 6.20e-01 1.50e-02 1.86e-06 3.45e-03 8.23e-04 4.66e-04 2.73e-04 5.17e-05
6.90e-01 6.32e-01 1.62e-02 6.30e-01 1.63e-02 3.51e-06 3.78e-03 8.31e-04 3.66e-04 1.95e-04 3.32e-05
6.89e-01 7.63e-01 5.10e-03 7.60e-01 5.82e-03 1.07e-67 1.07e-67 1.00e-03 1.00e-03 4.33e-04 3.53e-05
6.64e-01 6.88e-01 7.20e-03 6.90e-01 7.60e-03 2.01e-05 2.04e-05 9.84e-04 6.03e-04 6.03e-04 5.44e-05
6.89e-01 8.60e-01 1.44e-05 8.60e-01 1.44e-05 0.00e+00 0.00e+00 7.39e-04 7.39e-04 7.39e-04 7.39e-04
6.65e-01 6.33e-01 1.31e-02 6.30e-01 1.35e-02 6.70e-05 3.15e-03 8.59e-04 4.18e-04 4.18e-04 4.27e-05
6.77e-01 6.36e-01 6.59e-03 6.40e-01 7.53e-03 7.60e-10 1.25e-03 7.26e-04 4.20e-04 4.20e-04 4.38e-05
6.79e-01 6.34e-01 6.33e-03 6.30e-01 7.45e-03 7.36e-12 1.44e-03 7.24e-04 6.04e-04 6.04e-04 9.10e-05
6.91e-01 6.01e-01 1.43e-02 6.00e-01 1.44e-02 1.22e-13 2.52e-03 5.73e-04 2.67e-04 2.45e-04 2.19e-05
6.91e-01 6.07e-01 1.53e-02 6.10e-01 1.56e-02 1.74e-08 3.43e-03 8.01e-04 4.47e-04 2.70e-04 5.59e-05
6.79e-01 6.18e-01 5.80e-03 6.20e-01 6.01e-03 9.47e-21 1.09e-03 7.22e-04 7.22e-04 2.58e-04 1.02e-04
6.77e-01 6.38e-01 4.07e-02 6.50e-01 4.23e-02 5.61e-04 7.79e-03 6.68e-04 4.07e-04 2.35e-04 2.66e-05
6.61e-01 6.11e-01 1.03e-02 6.10e-01 1.03e-02 2.35e-08 2.35e-03 9.27e-04 5.08e-04 5.08e-04 1.16e-04
6.71e-01 6.17e-01 1.52e-02 6.20e-01 1.55e-02 2.09e-06 3.57e-03 8.52e-04 4.94e-04 2.87e-04 5.65e-05
6.60e-01 6.34e-01 5.30e-03 6.30e-01 6.48e-03 3.01e-07 1.58e-03 9.45e-04 6.08e-04 6.08e-04 6.08e-04
6.83e-01 6.02e-01 1.22e-02 6.00e-01 1.23e-02 3.02e-11 2.95e-03 7.88e-04 6.04e-04 3.50e-04 6.91e-05
6.78e-01 6.28e-01 7.18e-03 6.30e-01 7.42e-03 3.61e-10 1.81e-03 9.45e-04 5.70e-04 2.56e-04 2.85e-05
6.92e-01 6.96e-01 5.75e-03 7.00e-01 6.75e-03 6.94e-04 8.17e-04 9.88e-04 6.41e-04 6.41e-04 6.95e-05
6.62e-01 6.13e-01 1.13e-02 6.10e-01 1.17e-02 4.05e-07 2.65e-03 9.27e-04 4.66e-04 2.93e-04 6.06e-05
6.58e-01 6.26e-01 1.17e-02 6.30e-01 1.23e-02 3.38e-05 2.88e-03 8.55e-04 4.94e-04 3.70e-04 8.07e-05
6.72e-01 6.40e-01 3.06e-05 6.40e-01 3.06e-05 7.03e-23 7.26e-04 7.26e-04 7.26e-04 7.26e-04 7.26e-04
6.80e-01 7.04e-01 4.84e-03 7.00e-01 6.04e-03 1.16e-08 1.16e-08 9.88e-04 5.66e-04 5.66e-04 5.66e-04
6.77e-01 6.32e-01 4.58e-03 6.30e-01 5.01e-03 2.14e-18 1.26e-03 9.45e-04 9.45e-04 2.85e-04 2.85e-04
6.82e-01 6.61e-01 1.07e-02 6.60e-01 1.08e-02 1.74e-04 2.58e-03 9.67e-04 5.93e-04 2.19e-04 3.40e-05
6.66e-01 6.83e-01 4.98e-03 6.80e-01 5.79e-03 1.53e-05 1.53e-05 9.79e-04 9.79e-04 4.53e-04 4.53e-04
6.70e-01 6.89e-01 4.35e-03 6.90e-01 4.53e-03 1.06e-05 1.06e-05 9.84e-04 9.84e-04 9.84e-04 4.94e-05
6.94e-01 6.36e-01 1.09e-02 6.40e-01 1.15e-02 6.35e-08 2.85e-03 9.29e-04 4.55e-04 3.59e-04 4.31e-05
6.75e-01 6.60e-01 2.09e-03 6.60e-01 2.13e-03 1.73e-05 7.64e-04 7.30e-04 7.30e-04 7.30e-04 3.30e-05
6.73e-01 6.01e-01 7.64e-03 6.00e-01 7.69e-03 7.16e-26 1.80e-03 9.17e-04 4.70e-04 3.55e-04 4.15e-05
6.58e-01 6.05e-01 6.88e-03 6.10e-01 8.33e-03 7.00e-09 1.56e-03 7.20e-04 6.77e-04 6.77e-04 7.96e-05
6.79e-01 6.94e-01 4.82e-03 6.90e-01 6.05e-03 4.54e-08 4.54e-08 9.84e-04 5.69e-04 5.69e-04 5.69e-04
6.80e-01 6.46e-01 5.04e-03 6.50e-01 6.72e-03 7.69e-12 1.74e-03 9.60e-04 7.77e-04 7.77e-04 7.77e-04
6.94e-01 6.97e-01 4.75e-03 7.00e-01 5.76e-03 6.62e-04 8.33e-04 9.88e-04 9.88e-04 4.87e-04 4.87e-04
6.69e-01 7.32e-01 4.86e-03 7.30e-01 5.39e-03 6.15e-43 6.15e-43 9.98e-04 9.98e-04 3.61e-04 4.01e-05
6.83e-01 6.35e-01 3.00e-02 6.30e-01 3.04e-02 1.13e-04 4.61e-03 6.77e-04 3.42e-04 1.92e-04 1.50e-05
6.91e-01 6.42e-01 5.97e-03 6.40e-01 6.36e-03 1.52e-20 1.55e-03 9.53e-04 4.55e-04 4.55e-04 1.29e-04
6.74e-01 6.19e-01 1.51e-02 6.20e-01 1.52e-02 3.66e-07 2.71e-03 6.90e-04 2.59e-04 2.43e-04 4.39e-05
6.70e-01 6.50e-01 1.10e-02 6.50e-01 1.10e-02 1.69e-04 2.55e-03 9.60e-04 5.55e-04 1.83e-04 3.38e-05
6.80e-01 6.65e-01 9.93e-03 6.60e-01 1.10e-02 3.59e-04 2.59e-03 9.67e-04 3.79e-04 3.40e-04 3.89e-05
6.78e-01 5.84e-01 1.44e-02 5.80e-01 1.49e-02 9.70e-10 3.17e-03 8.19e-04 4.37e-04 2.16e-04 3.15e-05
6.89e-01 6.83e-01 4.44e-03 6.80e-01 5.15e-03 3.83e-04 1.31e-03 9.79e-04 9.79e-04 3.54e-04 3.54e-04
6.77e-01 5.72e-01 5.96e-03 5.70e-01 6.34e-03 9.03e-44 1.41e-03 8.84e-04 3.96e-04 3.96e-04 1.16e-04
6.60e-01 6.52e-01 2.16e-02 6.50e-01 2.17e-02 8.70e-04 3.75e-03 8.30e-04 3.86e-04 1.93e-04 2.90e-05
6.65e-01 5.70e-01 1.03e-03 5.70e-01 1.03e-03 1.74e-133 1.37e-04 1.35e-04 1.35e-04 1.35e-04 1.35e-04
6.78e-01 6.44e-01 7.17e-03 6.40e-01 8.03e-03 1.05e-07 2.00e-03 9.53e-04 7.85e-04 7.85e-04 7.18e-05
6.64e-01 6.20e-01 3.34e-03 6.20e-01 3.34e-03 1.30e-25 1.05e-03 9.36e-04 9.36e-04 9.36e-04 5.65e-05
6.83e-01 8.50e-01 1.65e-03 8.50e-01 1.68e-03 1.93e-37 3.07e-37 7.39e-04 7.39e-04 7.39e-04 7.39e-04
6.76e-01 6.40e-01 9.87e-05 6.40e-01 9.87e-05 3.79e-37 7.26e-04 7.26e-04 7.26e-04 7.26e-04 7.26e-04
6.60e-01 6.40e-01 2.98e-05 6.40e-01 2.98e-05 1.86e-26 7.26e-04 7.26e-04 7.26e-04 7.26e-04 7.26e-04
6.63e-01 5.74e-01 4.89e-03 5.70e-01 6.22e-03 8.46e-85 2.20e-04 1.35e-04 8.50e-05 8.50e-05 8.50e-05
6.67e-01 5.95e-01 1.39e-02 6.00e-01 1.49e-02 8.39e-10 3.36e-03 8.80e-04 5.39e-04 2.07e-04 5.07e-05
6.76e-01 5.76e-01 4.29e-02 5.80e-01 4.30e-02 9.06e-07 4.55e-04 4.39e-05 2.15e-05 1.29e-05 1.40e-06
6.92e-01 6.34e-01 1.14e-02 6.30e-01 1.21e-02 3.01e-09 2.08e-03 7.24e-04 3.28e-04 2.95e-04 5.10e-05
6.84e-01 6.04e-01 1.13e-02 6.00e-01 1.19e-02 1.90e-15 2.85e-03 8.90e-04 4.75e-04 3.73e-04 6.45e-05
6.85e-01 5.91e-01 3.13e-03 5.90e-01 3.32e-03 5.59e-243 1.62e-04 1.44e-04 1.44e-04 1.44e-04 1.81e-05
6.87e-01 6.22e-01 4.49e-03 6.20e-01 5.04e-03 4.51e-44 1.25e-03 9.36e-04 9.36e-04 3.01e-04 3.01e-04
6.75e-01 5.86e-01 1.01e-02 5.90e-01 1.09e-02 6.22e-24 2.41e-03 9.07e-04 3.83e-04 2.64e-04 4.10e-05
6.60e-01 6.74e-01 1.92e-02 6.70e-01 1.96e-02 7.95e-04 1.60e-03 7.97e-04 4.25e-04 2.20e-04 6.36e-05
6.77e-01 6.10e-01 7.98e-03 6.10e-01 7.98e-03 2.98e-16 1.83e-03 9.27e-04 4.10e-04 4.10e-04 3.73e-05
6.88e-01 6.84e-01 8.37e-03 6.80e-01 9.47e-03 9.25e-04 1.99e-03 9.79e-04 9.15e-04 2.61e-04 2.02e-04
6.91e-01 6.70e-01 6.48e-03 6.70e-01 6.48e-03 7.00e-06 1.59e-03 9.73e-04 3.08e-04 2.98e-04 2.98e-04
6.90e-01 1.19e+00 2.98e-03 1.19e+00 3.00e-03 0.00e+00 0.00e+00 6.69e-04 6.69e-04 6.69e-04 2.02e-05
6.88e-01 7.01e-01 3.34e-03 7.00e-01 3.58e-03 9.70e-08 9.70e-08 9.88e-04 9.88e-04 9.88e-04 1.49e-04
6.76e-01 6.18e-01 7.17e-03 6.20e-01 7.35e-03 2.11e-12 1.29e-03 7.22e-04 3.45e-04 1.85e-04 3.63e-05
6.78e-01 6.22e-01 8.10e-03 6.20e-01 8.25e-03 1.07e-12 1.89e-03 9.36e-04 5.36e-04 3.20e-04 3.29e-05
6.77e-01 5.18e-01 3.81e-03 5.20e-01 4.20e-03 3.67e-72 1.38e-04 1.14e-04 1.14e-04 1.14e-04 2.46e-05
6.62e-01 5.49e-01 1.38e-01 5.50e-01 1.38e-01 4.76e-07 3.14e-04 2.02e-05 9.88e-06 5.85e-06 6.96e-07
6.84e-01 6.31e-01 3.41e-03 6.30e-01 3.66e-03 1.40e-58 1.86e-04 1.61e-04 1.61e-04 1.61e-04 2.51e-05
6.80e-01 6.70e-01 2.47e-03 6.70e-01 2.49e-03 4.62e-05 1.04e-03 9.73e-04 9.73e-04 9.73e-04 4.89e-05
6.63e-01 6.58e-01 6.24e-03 6.60e-01 6.71e-03 7.33e-04 1.52e-03 9.67e-04 4.96e-04 4.96e-04 1.41e-04
6.86e-01 8.59e-01 3.29e-03 8.60e-01 3.51e-03 8.21e-22 1.94e-21 7.39e-04 7.39e-04 7.39e-04 1.08e-04
6.93e-01 6.78e-01 4.13e-03 6.80e-01 4.64e-03 2.22e-06 1.25e-03 9.79e-04 9.79e-04 2.66e-04 2.66e-04
6.78e-01 5.85e-01 4.99e-03 5.90e-01 6.86e-03 4.73e-280 2.72e-04 1.44e-04 1.29e-04 1.29e-04 1.29e-04
6.81e-01 6.60e-01 5.07e-03 6.60e-01 5.09e-03 2.73e-06 1.29e-03 9.67e-04 9.67e-04 1.94e-04 1.36e-04
6.67e-01 6.20e-01 2.06e-03 6.20e-01 2.10e-03 2.37e-54 1.64e-04 1.57e-04 1.57e-04 1.57e-04 7.88e-06
6.87e-01 6.10e-01 5.46e-03 6.10e-01 5.46e-03 1.53e-38 1.31e-03 9.27e-04 9.27e-04 1.96e-04 1.82e-04
6.79e-01 7.08e-01 4.32e-03 7.10e-01 4.98e-03 1.06e-16 1.06e-16 9.92e-04 9.92e-04 3.29e-04 3.29e-04
6.75e-01 5.99e-01 1.05e-02 6.00e-01 1.05e-02 8.95e-14 2.01e-03 7.72e-04 4.81e-04 4.81e-04 2.33e-05
6.81e-01 6.05e-01 9.16e-03 6.10e-01 1.05e-02 2.01e-15 2.39e-03 9.27e-04 8.80e-04 2.75e-04 3.73e-05
6.91e-01 7.16e-01 5.36e-03 7.20e-01 6.66e-03 1.18e-06 1.18e-06 9.95e-04 6.75e-04 6.75e-04 6.75e-04
6.78e-01 5.58e-01 6.40e-03 5.60e-01 6.78e-03 3.16e-65 1.53e-03 8.72e-04 5.00e-04 5.00e-04 1.53e-04
6.77e-01 6.43e-01 6.03e-03 6.40e-01 6.64e-03 3.50e-08 1.59e-03 9.53e-04 5.12e-04 5.12e-04 1.10e-04
6.60e-01 5.98e-01 8.11e-03 6.00e-01 8.33e-03 1.83e-15 1.97e-03 9.17e-04 6.13e-04 3.41e-04 7.84e-05
6.72e-01 7.41e-01 2.55e-03 7.40e-01 2.63e-03 6.89e-69 6.89e-69 1.00e-03 1.00e-03 1.00e-03 7.54e-05
6.80e-01 6.92e-01 9.06e-03 6.90e-01 9.26e-03 4.10e-04 4.68e-04 9.84e-04 4.15e-04 4.15e-04 5.93e-05
6.79e-01 6.20e-01 3.79e-03 6.20e-01 3.82e-03 7.69e-36 1.10e-03 9.36e-04 9.36e-04 9.36e-04 5.65e-05
6.76e-01 6.36e-01 8.20e-03 6.40e-01 8.99e-03 2.28e-07 2.15e-03 9.53e-04 7.80e-04 2.59e-04 1.48e-04
6.57e-01 5.54e-01 4.97e-03 5.50e-01 6.43e-03 4.03e-72 1.46e-03 8.60e-04 5.96e-04 5.96e-04 5.96e-04
6.80e-01 6.04e-01 7.98e-03 6.00e-01 8.94e-03 5.46e-18 2.14e-03 9.17e-04 8.48e-04 2.26e-04 1.34e-04
6.92e-01 6.27e-01 6.67e-03 6.30e-01 7.19e-03 2.87e-19 1.73e-03 9.45e-04 5.79e-04 5.79e-04 3.32e-05
6.64e-01 6.31e-01 8.42e-03 6.30e-01 8.49e-03 1.62e-06 2.02e-03 9.45e-04 5.51e-04 4.08e-04 4.27e-05
6.64e-01 6.09e-01 5.77e-03 6.10e-01 5.86e-03 3.64e-18 1.37e-03 9.27e-04 9.27e-04 2.89e-04 1.54e-04
6.68e-01 6.59e-01 3.47e-03 6.60e-01 3.60e-03 1.35e-04 8.32e-04 7.30e-04 7.30e-04 7.30e-04 9.17e-05
6.81e-01 7.20e-01 1.57e-02 7.20e-01 1.57e-02 5.48e-05 6.87e-05 8.30e-04 4.40e-04 4.40e-04 3.50e-05
6.70e-01 5.80e-01 8.75e-03 5.80e-01 8.75e-03 2.29e-14 1.87e-03 8.96e-04 4.19e-04 4.19e-04 4.95e-05
6.79e-01 5.97e-01 6.12e-03 6.00e-01 6.68e-03 2.10e-48 1.54e-03 9.17e-04 4.93e-04 4.93e-04 1.15e-04
6.81e-01 6.62e-01 4.60e-03 6.60e-01 4.88e-03 1.52e-06 1.26e-03 9.67e-04 9.67e-04 2.48e-04 4.86e-05
6.85e-01 6.30e-01 5.41e-02 6.10e-01 5.77e-02 1.39e-04 8.42e-03 8.07e-04 3.29e-04 1.74e-04 2.49e-05
6.89e-01 7.32e-01 4.07e-03 7.30e-01 4.54e-03 1.41e-32 1.41e-32 9.98e-04 9.98e-04 9.98e-04 2.61e-04
6.89e-01 6.85e-01 1.50e-02 6.90e-01 1.57e-02 9.81e-04 2.74e-03 9.64e-04 6.03e-04 2.87e-04 6.92e-05
6.73e-01 5.81e-01 3.55e-03 5.80e-01 3.84e-03 5.35e-101 1.64e-04 1.40e-04 1.40e-04 1.40e-04 2.46e-05
6.75e-01 6.51e-01 3.16e-03 6.50e-01 3.35e-03 7.13e-14 1.91e-04 1.69e-04 1.69e-04 1.69e-04 2.21e-05
6.79e-01 6.60e-01 6.71e-04 6.60e-01 6.71e-04 3.16e-08 1.74e-04 1.73e-04 1.73e-04 1.73e-04 1.73e-04
6.84e-01 6.67e-01 8.94e-03 6.70e-01 9.51e-03 1.55e-04 1.70e-03 7.31e-04 5.92e-04 2.39e-04 3.31e-05
6.81e-01 6.56e-01 5.37e-02 6.50e-01 5.41e-02 5.24e-04 6.46e-03 6.25e-04 2.63e-04 1.59e-04 2.15e-05
6.81e-01 5.75e-01 1.26e-02 5.80e-01 1.36e-02 4.64e-25 3.06e-03 8.15e-04 5.22e-04 5.22e-04 1.35e-04
6.79e-01 6.31e-01 2.65e-03 6.30e-01 2.75e-03 5.26e-21 7.84e-04 7.24e-04 7.24e-04 7.24e-04 6.19e-05
6.71e-01 6.13e-01 1.83e-02 6.20e-01 1.96e-02 1.56e-06 2.87e-03 7.21e-04 4.31e-04 1.55e-04 1.84e-05
6.89e-01 6.58e-01 1.22e-02 6.60e-01 1.24e-02 3.32e-05 2.14e-03 7.30e-04 4.36e-04 2.57e-04 5.87e-05
6.62e-01 6.02e-01 2.79e-02 6.20e-01 3.33e-02 2.52e-05 5.47e-03 6.91e-04 3.72e-04 1.90e-04 3.23e-05
6.83e-01 6.80e-01 2.11e-02 6.80e-01 2.11e-02 9.75e-04 3.40e-03 8.31e-04 4.08e-04 1.97e-04 4.92e-05
6.80e-01 5.59e-01 1.19e-02 5.60e-01 1.20e-02 3.25e-30 2.93e-04 8.89e-05 5.32e-05 2.51e-05 5.32e-06
6.94e-01 6.08e-01 2.69e-02 6.10e-01 2.70e-02 1.80e-05 5.62e-03 8.06e-04 3.31e-04 3.12e-04 2.79e-05
6.88e-01 6.22e-01 2.39e-02 6.20e-01 2.40e-02 2.28e-05 4.26e-03 6.27e-04 3.07e-04 1.46e-04 1.62e-05
7.33e-01 6.11e-01 2.38e-03 6.10e-01 2.45e-03 0.00e+00 1.62e-04 1.52e-04 1.52e-04 1.52e-04 9.96e-06
7.02e-01 7.10e-01 4.50e-03 7.10e-01 4.51e-03 3.44e-04 3.77e-04 9.92e-04 9.92e-04 9.92e-04 1.15e-04
7.33e-01 7.14e-01 7.23e-03 7.10e-01 8.32e-03 6.72e-05 2.23e-03 9.92e-04 9.47e-04 9.47e-04 9.47e-05
7.23e-01 6.58e-01 3.07e-02 6.50e-01 3.17e-02 1.43e-04 7.46e-03 7.91e-04 3.96e-04 2.70e-04 3.86e-05
7.23e-01 8.50e-01 6.85e-06 8.50e-01 6.85e-06 4.03e-113 7.65e-108 7.39e-04 7.39e-04 7.39e-04 7.39e-04
7.32e-01 6.76e-01 5.34e-03 6.80e-01 6.65e-03 1.42e-18 1.31e-03 7.33e-04 5.52e-04 5.52e-04 5.52e-04
7.05e-01 7.30e-01 3.31e-03 7.30e-01 3.31e-03 4.74e-09 4.74e-09 9.98e-04 9.98e-04 9.98e-04 6.02e-05
7.38e-01 6.80e-01 1.30e-02 6.80e-01 1.30e-02 1.07e-06 2.31e-03 5.89e-04 4.71e-04 1.88e-04 3.68e-05
7.07e-01 6.60e-01 9.25e-03 6.60e-01 9.25e-03 8.37e-08 2.25e-03 9.67e-04 5.15e-04 5.15e-04 7.29e-05
7.35e-01 6.96e-01 1.14e-02 7.00e-01 1.19e-02 8.51e-06 2.10e-03 7.35e-04 3.29e-04 2.81e-04 4.43e-05
7.23e-01 7.71e-01 4.53e-03 7.70e-01 4.63e-03 4.98e-21 4.98e-21 1.00e-03 1.00e-03 1.00e-03 7.56e-05
6.97e-01 6.52e-01 5.89e-03 6.50e-01 6.30e-03 1.42e-21 1.21e-03 7.28e-04 3.77e-04 3.77e-04 1.06e-04
7.32e-01 7.60e-01 1.30e-03 7.60e-01 1.30e-03 9.64e-14 9.64e-14 1.00e-03 1.00e-03 1.00e-03 1.00e-03
7.02e-01 6.60e-01 1.58e-02 6.60e-01 1.58e-02 3.72e-05 3.85e-03 8.65e-04 4.18e-04 4.18e-04 3.40e-05
7.00e-01 7.04e-01 5.04e-03 7.00e-01 6.54e-03 9.71e-04 9.79e-04 9.88e-04 7.25e-04 7.25e-04 7.25e-04
7.12e-01 6.15e-01 2.86e-02 6.20e-01 2.90e-02 3.15e-06 3.73e-03 5.69e-04 2.16e-04 1.12e-04 1.75e-05
7.21e-01 6.90e-01 9.58e-04 6.90e-01 9.63e-04 1.35e-33 1.87e-04 1.85e-04 1.85e-04 1.85e-04 1.85e-04
7.11e-01 6.75e-01 1.03e-02 6.80e-01 1.13e-02 2.55e-06 2.77e-03 9.79e-04 3.98e-04 3.74e-04 5.41e-05
7.32e-01 7.41e-01 4.86e-02 7.70e-01 5.68e-02 3.65e-04 3.48e-03 5.77e-04 2.79e-04 1.76e-04 3.44e-05
7.14e-01 6.01e-01 2.85e-03 6.00e-01 2.99e-03 0.00e+00 1.63e-04 1.48e-04 1.48e-04 1.48e-04 1.49e-05
7.00e-01 6.55e-01 1.48e-02 6.60e-01 1.55e-02 7.43e-06 2.76e-03 6.86e-04 4.47e-04 1.76e-04 4.40e-05
7.30e-01 7.25e-01 1.27e-02 7.30e-01 1.36e-02 9.81e-04 2.66e-03 9.78e-04 4.96e-04 4.96e-04 3.01e-05
7.25e-01 1.24e+00 3.40e-01 1.10e+00 3.67e-01 1.65e-07 5.11e-05 5.58e-04 2.13e-04 7.82e-05 3.55e-06
6.93e-01 7.05e-01 5.14e-03 7.10e-01 6.89e-03 2.69e-04 2.71e-04 9.92e-04 8.57e-04 8.57e-04 8.57e-04
7.16e-01 6.62e-01 5.62e-03 6.60e-01 5.92e-03 2.17e-16 1.09e-03 7.30e-04 7.30e-04 2.79e-04 8.07e-05
7.22e-01 6.62e-01 4.54e-03 6.60e-01 5.08e-03 8.88e-41 1.30e-03 9.67e-04 9.67e-04 3.16e-04 3.16e-04
7.39e-01 1.10e+00 5.66e-02 1.08e+00 6.01e-02 2.82e-13 2.64e-08 6.90e-04 2.93e-04 1.21e-04 2.14e-05
7.29e-01 6.64e-01 6.19e-02 6.30e-01 7.09e-02 2.42e-04 9.63e-03 7.75e-04 2.58e-04 1.47e-04 3.54e-05
7.33e-01 6.80e-01 9.90e-03 6.80e-01 9.91e-03 1.19e-10 2.41e-03 9.79e-04 5.26e-04 5.26e-04 1.28e-04
7.14e-01 6.57e-01 4.85e-03 6.60e-01 5.78e-03 3.60e-28 1.08e-03 7.30e-04 7.30e-04 3.45e-04 3.45e-04
7.27e-01 6.97e-01 1.83e-02 7.00e-01 1.85e-02 3.04e-04 4.53e-03 8.89e-04 5.56e-04 3.13e-04 3.48e-05
7.17e-01 5.83e-01 1.73e-02 5.90e-01 1.87e-02 6.58e-16 3.26e-03 6.93e-04 3.19e-04 2.40e-04 3.99e-05
7.27e-01 4.23e-01 1.78e-01 4.10e-01 1.79e-01 2.52e-87 6.50e-04 6.36e-04 6.36e-04 6.36e-04 6.36e-04
7.18e-01 6.66e-01 1.21e-02 6.70e-01 1.26e-02 5.11e-07 3.21e-03 9.68e-04 4.57e-04 4.57e-04 8.76e-05
7.34e-01 6.67e-01 1.80e-02 6.60e-01 1.94e-02 6.32e-07 4.87e-03 8.26e-04 5.10e-04 3.94e-04 7.29e-05
6.98e-01 6.59e-01 8.60e-03 6.60e-01 8.70e-03 1.48e-07 1.46e-03 7.30e-04 2.82e-04 2.82e-04 2.20e-05
7.15e-01 6.98e-01 7.21e-03 7.00e-01 7.53e-03 1.32e-04 1.86e-03 9.88e-04 5.66e-04 2.53e-04 5.46e-05
7.25e-01 7.63e-01 6.34e-03 7.60e-01 7.05e-03 3.62e-10 3.62e-10 1.00e-03 6.20e-04 6.20e-04 1.31e-04
7.21e-01 6.57e-01 7.86e-03 6.60e-01 8.31e-03 2.73e-19 1.97e-03 9.67e-04 6.22e-04 2.72e-04 9.72e-05
7.24e-01 6.51e-01 2.20e-02 6.50e-01 2.20e-02 1.12e-05 5.23e-03 7.96e-04 3.76e-04 2.12e-04 3.38e-05
7.40e-01 7.53e-01 4.65e-03 7.50e-01 5.61e-03 1.03e-05 1.03e-05 1.00e-03 1.00e-03 4.63e-04 4.63e-04
7.35e-01 8.57e-01 4.75e-03 8.60e-01 5.70e-03 3.05e-60 3.05e-60 9.82e-04 9.82e-04 4.64e-04 4.64e-04
7.32e-01 6.48e-01 1.66e-02 6.50e-01 1.67e-02 4.78e-08 2.88e-03 6.29e-04 3.40e-04 2.85e-04 1.46e-05
7.01e-01 7.19e-01 7.19e-03 7.20e-01 7.24e-03 7.94e-05 8.49e-05 9.95e-04 4.10e-04 3.25e-04 4.00e-05
7.07e-01 7.08e-01 3.88e-03 7.10e-01 4.28e-03 7.24e-04 8.68e-04 9.92e-04 9.92e-04 9.92e-04 2.24e-04
6.95e-01 6.27e-01 8.15e-03 6.30e-01 8.53e-03 2.48e-19 2.02e-03 9.45e-04 6.50e-04 3.13e-04 9.97e-05
6.93e-01 7.01e-01 4.18e-03 7.00e-01 4.33e-03 3.43e-04 3.57e-04 9.88e-04 9.88e-04 9.88e-04 4.97e-05
7.06e-01 6.41e-01 2.16e-02 6.40e-01 2.17e-02 1.00e-05 3.76e-03 6.40e-04 2.63e-04 2.41e-04 1.46e-05
7.29e-01 7.31e-01 8.10e-03 7.30e-01 8.13e-03 9.36e-04 1.34e-03 9.98e-04 5.17e-04 4.11e-04 4.01e-05
7.27e-01 6.77e-01 3.36e-02 6.50e-01 4.33e-02 4.19e-04 7.19e-03 7.83e-04 4.40e-04 2.32e-04 4.83e-05
6.95e-01 5.80e-01 7.69e-04 5.80e-01 7.70e-04 2.63e-257 1.41e-04 1.40e-04 1.40e-04 1.40e-04 1.40e-04
7.04e-01 6.26e-01 4.95e-03 6.30e-01 6.49e-03 2.45e-78 1.25e-03 7.24e-04 5.28e-04 5.28e-04 5.28e-04
7.37e-01 7.25e-01 1.43e-02 7.30e-01 1.51e-02 7.34e-04 3.24e-03 9.88e-04 5.82e-04 2.31e-04 5.52e-05
7.12e-01 7.17e-01 4.77e-03 7.20e-01 5.84e-03 5.87e-04 6.70e-04 9.95e-04 5.10e-04 5.10e-04 5.10e-04
7.17e-01 6.49e-01 2.68e-02 6.50e-01 2.68e-02 8.77e-06 4.85e-03 7.67e-04 3.72e-04 1.74e-04 2.90e-05
7.02e-01 6.28e-01 2.04e-02 6.30e-01 2.05e-02 6.63e-06 4.72e-03 7.45e-04 3.51e-04 2.37e-04 4.75e-05
7.36e-01 7.23e-01 6.51e-03 7.20e-01 7.23e-03 2.78e-04 1.82e-03 9.95e-04 6.55e-04 6.55e-04 4.00e-05
7.21e-01 6.32e-01 1.51e-02 6.30e-01 1.53e-02 2.83e-08 3.48e-03 7.55e-04 4.13e-04 3.13e-04 6.17e-05
7.31e-01 6.27e-01 2.57e-02 6.30e-01 2.59e-02 7.64e-06 4.90e-03 6.92e-04 2.69e-04 2.64e-04 1.63e-05
7.27e-01 6.10e-01 9.19e-04 6.10e-01 9.19e-04 0.00e+00 1.54e-04 1.52e-04 1.52e-04 1.52e-04 1.52e-04
7.27e-01 6.78e-01 9.66e-03 6.80e-01 9.81e-03 4.89e-07 1.90e-03 7.33e-04 6.63e-04 3.17e-04 8.84e-05
7.25e-01 6.63e-01 7.44e-02 6.40e-01 7.79e-02 1.95e-04 4.70e-03 3.06e-04 1.25e-04 7.76e-05 8.17e-06
7.33e-01 7.52e-01 3.83e-03 7.50e-01 4.19e-03 1.05e-06 1.05e-06 1.00e-03 1.00e-03 1.00e-03 2.11e-04
7.16e-01 7.20e-01 3.81e-03 7.20e-01 3.81e-03 6.28e-04 6.77e-04 9.95e-04 9.95e-04 9.95e-04 8.50e-05
7.34e-01 6.60e-01 8.37e-04 6.60e-01 8.38e-04 1.63e-57 7.35e-04 7.30e-04 7.30e-04 7.30e-04 7.30e-04
6.93e-01 5.93e-01 9.72e-03 5.90e-01 1.01e-02 1.64e-29 2.36e-03 9.07e-04 4.19e-04 4.19e-04 6.84e-05
7.38e-01 8.22e-01 6.37e-02 8.70e-01 7.98e-02 4.94e-04 1.85e-03 7.22e-04 3.19e-04 1.87e-04 2.95e-05
7.09e-01 7.18e-01 3.06e-02 7.20e-01 3.06e-02 9.45e-04 3.27e-03 8.20e-04 3.55e-04 2.10e-04 3.00e-05
6.94e-01 6.97e-01 6.96e-03 7.00e-01 7.69e-03 8.19e-04 1.19e-03 9.88e-04 6.85e-04 6.85e-04 6.46e-05
6.99e-01 6.40e-01 1.18e-03 6.40e-01 1.18e-03 1.09e-40 7.37e-04 7.26e-04 7.26e-04 7.26e-04 7.26e-04
6.95e-01 7.30e-01 9.40e-04 7.30e-01 9.40e-04 5.67e-25 5.67e-25 9.98e-04 9.98e-04 9.98e-04 9.98e-04
7.32e-01 6.81e-01 1.58e-02 6.80e-01 1.58e-02 3.55e-06 4.01e-03 8.90e-04 4.33e-04 1.92e-04 4.43e-05
7.31e-01 6.06e-01 1.20e-02 6.10e-01 1.26e-02 1.36e-16 2.79e-03 9.27e-04 4.75e-04 3.49e-04 9.32e-05
7.30e-01 7.47e-01 4.73e-03 7.50e-01 5.81e-03 2.08e-05 2.08e-05 1.00e-03 5.13e-04 5.13e-04 5.13e-04
7.35e-01 6.71e-01 2.35e-03 6.70e-01 2.41e-03 1.79e-25 7.76e-04 7.31e-04 7.31e-04 7.31e-04 4.41e-05
7.04e-01 7.22e-01 5.06e-03 7.20e-01 5.32e-03 3.16e-05 3.17e-05 9.95e-04 9.95e-04 3.05e-04 8.50e-05
6.97e-01 6.33e-01 4.71e-03 6.30e-01 5.60e-03 7.66e-39 1.37e-03 9.45e-04 9.45e-04 4.23e-04 4.23e-04
7.37e-01 8.53e-01 4.47e-03 8.50e-01 5.26e-03 1.52e-105 4.92e-105 7.39e-04 7.39e-04 2.86e-04 2.86e-04
7.25e-01 7.61e-01 4.38e-03 7.60e-01 4.61e-03 8.09e-15 8.09e-15 1.00e-03 1.00e-03 1.00e-03 4.53e-05
7.07e-01 6.47e-01 5.26e-03 6.50e-01 6.17e-03 1.55e-44 1.17e-03 7.28e-04 4.13e-04 4.13e-04 3.66e-05
7.23e-01 7.22e-01 1.56e-02 7.20e-01 1.57e-02 9.74e-04 2.46e-03 9.20e-04 5.25e-04 3.45e-04 3.50e-05
7.20e-01 6.70e-01 4.32e-03 6.70e-01 4.34e-03 8.19e-14 8.96e-04 7.31e-04 7.31e-04 7.31e-04 6.61e-05
7.33e-01 6.66e-01 1.01e-02 6.70e-01 1.09e-02 1.96e-09 2.02e-03 7.31e-04 3.01e-04 2.13e-04 3.31e-05
7.40e-01 7.27e-01 4.94e-03 7.30e-01 5.92e-03 1.44e-05 1.52e-03 9.98e-04 5.01e-04 5.01e-04 5.01e-04
7.32e-01 6.80e-01 8.34e-03 6.80e-01 8.34e-03 2.73e-12 2.05e-03 9.79e-04 4.57e-04 4.57e-04 5.41e-05
7.28e-01 6.77e-01 6.11e-03 6.80e-01 6.73e-03 1.36e-12 1.23e-03 7.33e-04 3.94e-04 3.94e-04 8.47e-05
7.04e-01 7.00e-01 5.59e-03 7.00e-01 5.59e-03 6.75e-04 1.29e-03 9.88e-04 9.88e-04 2.19e-04 2.14e-04
