1.25e+00 1.27e+00 1.62e-02 1.27e+00 1.62e-02 2.73e-01 4.27e-01 4.01e-01 2.11e-01 1.71e-01 2.45e-02
1.21e+00 1.23e+00 4.69e-02 1.24e+00 4.72e-02 5.36e-02 2.32e-01 1.19e-01 4.94e-02 2.28e-02 3.04e-03
1.25e+00 1.64e+00 1.73e-02 1.65e+00 1.88e-02 2.94e-129 1.04e-71 3.46e-06 1.58e-06 9.43e-07 1.99e-07
1.23e+00 1.65e+00 1.21e-02 1.65e+00 1.21e-02 8.09e-198 5.83e-117 3.35e-06 2.07e-06 7.90e-07 1.51e-07
1.23e+00 1.05e+00 2.16e-02 1.05e+00 2.16e-02 5.32e-04 1.18e+01 2.31e+00 7.32e-01 6.82e-01 6.31e-02
1.24e+00 1.12e+00 2.30e-02 1.11e+00 2.44e-02 3.19e-06 5.47e+00 1.18e+00 3.97e-01 3.11e-01 5.78e-02
1.22e+00 1.06e+00 3.08e-02 1.05e+00 3.15e-02 4.40e-02 9.98e+00 1.87e+00 8.69e-01 3.88e-01 3.52e-02
1.21e+00 1.38e+00 3.11e-02 1.38e+00 3.12e-02 3.44e-07 8.90e-07 9.45e-03 5.08e-03 3.19e-03 5.32e-04
1.25e+00 1.31e+00 1.61e-02 1.31e+00 1.62e-02 4.04e-05 4.28e-05 7.97e-02 3.39e-02 1.84e-02 3.68e-03
1.24e+00 1.30e+00 6.87e-03 1.30e+00 7.51e-03 4.00e-22 4.01e-22 4.75e-03 3.31e-03 3.31e-03 2.38e-04
1.23e+00 1.15e+00 2.93e-02 1.14e+00 3.06e-02 1.72e-02 7.42e+00 8.83e-01 3.90e-01 2.46e-01 3.59e-02
1.23e+00 1.30e+00 1.22e-02 1.30e+00 1.26e-02 6.24e-10 6.24e-10 2.40e-01 1.27e-01 8.08e-02 2.53e-02
1.22e+00 1.15e+00 5.97e-02 1.14e+00 6.14e-02 3.61e-01 8.13e+00 4.77e-01 2.30e-01 1.56e-01 1.99e-02
1.22e+00 1.18e+00 4.48e-02 1.17e+00 4.61e-02 3.69e-01 5.67e+00 5.42e-01 2.43e-01 1.53e-01 1.95e-02
1.21e+00 1.84e+00 5.63e-02 1.89e+00 7.36e-02 5.82e-32 2.96e-24 1.52e-07 4.50e-08 2.62e-08 4.19e-09
1.23e+00 1.07e+00 2.41e-02 1.06e+00 2.57e-02 9.75e-03 1.36e+01 2.28e+00 1.24e+00 7.54e-01 8.80e-02
1.25e+00 1.07e+00 2.94e-02 1.06e+00 3.17e-02 3.62e-04 1.35e+01 1.70e+00 6.97e-01 4.24e-01 4.71e-02
1.23e+00 1.24e+00 2.85e-02 1.24e+00 2.85e-02 6.54e-01 1.87e+00 6.73e-01 3.46e-01 2.04e-01 2.31e-02
1.22e+00 1.09e+00 9.54e-02 1.05e+00 1.05e-01 1.22e-01 1.19e+01 1.16e+00 3.68e-01 1.64e-01 3.27e-02
1.25e+00 1.24e+00 6.70e-02 1.22e+00 6.99e-02 1.01e-01 1.13e+00 8.83e-02 4.01e-02 2.12e-02 2.87e-03
1.20e+00 1.80e+00 6.50e-02 1.79e+00 6.67e-02 6.73e-34 3.60e-18 1.82e-07 6.52e-08 4.46e-08 1.14e-08
1.26e+00 1.69e+00 1.59e-02 1.69e+00 1.60e-02 2.61e-155 1.29e-72 1.14e-06 5.02e-07 2.36e-07 4.34e-08
1.23e+00 1.24e+00 2.38e-02 1.24e+00 2.41e-02 5.53e-01 1.33e+00 5.89e-01 2.44e-01 2.22e-01 2.18e-02
1.24e+00 1.06e+00 2.52e-02 1.05e+00 2.64e-02 5.63e-04 1.45e+01 2.15e+00 8.83e-01 6.40e-01 6.40e-02
1.24e+00 1.08e+00 2.51e-02 1.07e+00 2.59e-02 1.09e-02 1.32e+01 2.05e+00 1.18e+00 6.61e-01 6.84e-02
1.23e+00 1.24e+00 8.41e-03 1.24e+00 9.16e-03 1.51e-01 1.71e-01 6.33e-01 4.39e-01 1.43e-01 1.91e-02
1.23e+00 1.59e+00 8.96e-02 1.62e+00 9.42e-02 3.76e-13 7.14e-07 3.01e-05 1.28e-05 6.97e-06 1.20e-06
1.23e+00 1.05e+00 9.77e-02 1.01e+00 1.07e-01 4.10e-01 2.07e+01 2.22e+00 9.13e-01 4.35e-01 4.21e-02
1.24e+00 1.47e+00 1.08e-02 1.47e+00 1.09e-02 1.30e-54 4.66e-20 9.57e-04 6.11e-04 2.40e-04 1.44e-04
1.23e+00 1.62e+00 2.22e-02 1.62e+00 2.26e-02 2.86e-82 2.51e-52 8.06e-06 4.96e-06 2.70e-06 4.01e-07
1.23e+00 1.20e+00 1.85e-02 1.20e+00 1.89e-02 1.94e-01 6.07e+00 1.22e+00 6.57e-01 4.24e-01 5.47e-02
1.24e+00 1.15e+00 1.34e-01 1.04e+00 1.74e-01 2.74e-11 1.01e+00 7.14e-01 2.44e-01 1.36e-01 3.59e-02
1.25e+00 1.20e+00 6.88e-02 1.22e+00 7.26e-02 4.12e-01 6.25e+00 5.67e-01 2.01e-01 1.02e-01 1.06e-02
1.22e+00 1.64e+00 4.96e-03 1.64e+00 6.41e-03 0.00e+00 0.00e+00 4.29e-06 3.00e-06 3.00e-06 3.00e-06
1.22e+00 1.48e+00 5.83e-02 1.45e+00 6.72e-02 0.00e+00 0.00e+00 8.01e-05 8.01e-05 8.01e-05 2.41e-06
1.24e+00 1.29e+00 1.45e-02 1.28e+00 1.67e-02 3.20e-04 3.41e-04 1.12e-01 5.83e-02 3.59e-02 3.37e-03
1.21e+00 1.20e+00 6.79e-02 1.24e+00 8.01e-02 1.24e-01 1.09e+00 1.32e-01 4.73e-02 3.09e-02 4.55e-03
1.21e+00 1.42e+00 5.01e-03 1.42e+00 6.71e-03 1.29e-263 1.29e-263 5.56e-04 4.44e-04 4.44e-04 4.44e-04
1.23e+00 1.47e+00 1.25e-02 1.47e+00 1.25e-02 1.47e-39 5.75e-09 1.22e-03 1.15e-03 4.51e-04 7.52e-05
1.22e+00 1.44e+00 1.38e-02 1.44e+00 1.38e-02 1.33e-26 1.43e-26 1.77e-03 8.19e-04 6.44e-04 1.53e-04
1.25e+00 1.32e+00 6.28e-03 1.32e+00 7.83e-03 2.52e-32 2.52e-32 3.33e-03 2.88e-03 2.88e-03 2.34e-04
1.23e+00 1.09e+00 1.22e-01 1.01e+00 1.48e-01 3.58e-01 1.17e+01 6.85e-01 2.40e-01 1.27e-01 2.45e-02
1.21e+00 1.40e+00 4.29e-02 1.42e+00 4.82e-02 1.30e-04 4.47e-04 5.63e-03 2.26e-03 2.15e-03 1.08e-04
1.24e+00 1.31e+00 9.98e-03 1.31e+00 1.07e-02 7.87e-22 1.22e-14 1.21e-01 5.94e-02 4.31e-02 4.24e-03
1.23e+00 1.23e+00 2.26e-02 1.23e+00 2.26e-02 7.77e-01 2.34e+00 7.28e-01 3.46e-01 1.75e-01 2.78e-02
1.25e+00 1.15e+00 3.92e-02 1.16e+00 3.97e-02 8.56e-02 1.71e+01 1.40e+00 6.58e-01 4.56e-01 5.91e-02
1.23e+00 1.61e+00 4.61e-02 1.61e+00 4.62e-02 2.38e-23 3.52e-13 4.69e-05 2.26e-05 1.26e-05 1.72e-06
1.24e+00 1.25e+00 2.04e-02 1.25e+00 2.05e-02 5.74e-01 1.25e+00 5.92e-01 2.59e-01 2.14e-01 3.51e-02
1.22e+00 1.35e+00 3.74e-02 1.35e+00 3.74e-02 9.11e-05 3.22e-04 1.90e-02 9.00e-03 4.39e-03 7.88e-04
1.22e+00 1.72e+00 9.29e-03 1.72e+00 1.01e-02 0.00e+00 1.97e-171 5.43e-07 4.39e-07 1.50e-07 1.64e-08
1.21e+00 1.17e+00 3.29e-02 1.17e+00 3.30e-02 7.73e-01 1.26e+01 1.28e+00 5.42e-01 3.34e-01 4.78e-02
1.26e+00 1.21e+00 9.82e-03 1.21e+00 1.01e-02 8.88e-08 2.44e+00 9.41e-01 5.11e-01 5.11e-01 5.68e-02
1.24e+00 1.05e+00 1.22e-03 1.05e+00 1.22e-03 2.96e-59 2.06e+00 2.03e+00 2.03e+00 2.03e+00 2.03e+00
1.24e+00 1.68e+00 1.35e-02 1.68e+00 1.39e-02 7.64e-213 1.09e-104 1.22e-06 6.90e-07 3.14e-07 7.84e-08
1.21e+00 1.39e+00 6.17e-03 1.39e+00 6.39e-03 1.66e-136 1.66e-136 9.83e-04 4.20e-04 4.20e-04 1.73e-04
1.24e+00 1.50e+00 1.36e-02 1.50e+00 1.37e-02 1.25e-35 1.22e-15 8.07e-04 3.56e-04 3.38e-04 7.21e-05
1.23e+00 1.36e+00 1.84e-02 1.36e+00 1.85e-02 3.61e-15 3.64e-15 3.13e-02 1.71e-02 1.05e-02 1.01e-03
1.25e+00 1.21e+00 1.51e-02 1.22e+00 1.66e-02 3.37e-02 3.84e+00 9.75e-01 5.36e-01 3.08e-01 4.55e-02
1.22e+00 1.24e+00 5.24e-02 1.26e+00 5.57e-02 7.28e-02 3.64e-01 9.51e-02 3.54e-02 1.91e-02 2.90e-03
1.24e+00 1.23e+00 6.77e-03 1.23e+00 7.10e-03 1.82e-01 7.35e-01 4.04e-01 2.54e-01 2.54e-01 9.94e-02
1.25e+00 1.34e+00 7.84e-03 1.34e+00 8.11e-03 3.20e-40 3.20e-40 2.42e-03 1.41e-03 7.41e-04 2.06e-04
1.23e+00 1.49e+00 7.00e-02 1.51e+00 7.18e-02 1.39e-26 2.81e-05 2.80e-04 1.40e-04 1.40e-04 5.64e-06
1.22e+00 1.22e+00 1.14e-02 1.22e+00 1.17e-02 7.21e-01 1.11e+00 9.57e-01 4.47e-01 3.13e-01 5.29e-02
1.24e+00 1.17e+00 6.35e-02 1.18e+00 6.48e-02 2.30e-01 7.10e+00 3.60e-01 1.93e-01 1.04e-01 1.59e-02
1.21e+00 1.13e+00 2.36e-02 1.13e+00 2.38e-02 3.99e-03 1.82e+01 2.64e+00 1.13e+00 8.52e-01 9.83e-02
1.24e+00 1.24e+00 1.56e-02 1.24e+00 1.56e-02 7.64e-01 1.91e+00 5.97e-01 3.42e-01 3.18e-01 2.39e-02
1.25e+00 1.07e+00 4.40e-02 1.05e+00 4.88e-02 1.87e-02 1.48e+01 1.56e+00 5.95e-01 3.94e-01 3.66e-02
1.24e+00 1.17e+00 7.62e-02 1.21e+00 8.43e-02 1.94e-01 3.82e+00 1.75e-01 8.24e-02 4.85e-02 8.48e-03
1.23e+00 1.64e+00 5.06e-03 1.64e+00 6.93e-03 0.00e+00 0.00e+00 4.29e-06 3.88e-06 3.88e-06 3.88e-06
1.23e+00 1.58e+00 1.88e-02 1.58e+00 1.88e-02 9.81e-94 5.75e-76 1.55e-05 9.72e-06 4.73e-06 5.16e-07
1.23e+00 1.17e+00 5.80e-02 1.18e+00 5.87e-02 1.19e-01 3.30e+00 3.13e-01 9.34e-02 4.67e-02 7.78e-03
1.21e+00 1.60e+00 1.81e-02 1.61e+00 1.90e-02 1.16e-115 3.92e-72 7.17e-06 3.79e-06 3.56e-06 3.24e-07
1.24e+00 1.21e+00 1.46e-02 1.21e+00 1.46e-02 9.67e-02 3.92e+00 9.93e-01 4.54e-01 3.65e-01 3.17e-02
1.23e+00 1.25e+00 7.01e-03 1.25e+00 7.99e-03 2.17e-02 2.23e-02 4.68e-01 4.52e-01 4.52e-01 2.59e-02
1.24e+00 1.48e+00 8.18e-03 1.48e+00 8.64e-03 2.06e-91 9.48e-47 2.21e-04 1.52e-04 7.20e-05 2.77e-05
1.23e+00 1.68e+00 1.04e-02 1.68e+00 1.04e-02 0.00e+00 1.40e-146 1.56e-06 8.37e-07 8.37e-07 3.91e-08
1.21e+00 1.41e+00 2.66e-02 1.42e+00 2.72e-02 1.20e-08 2.24e-08 5.62e-03 2.66e-03 1.56e-03 2.27e-04
1.21e+00 1.64e+00 3.56e-02 1.64e+00 3.58e-02 6.37e-27 3.10e-20 5.20e-06 2.44e-06 1.41e-06 1.61e-07
1.22e+00 1.06e+00 1.44e-02 1.06e+00 1.47e-02 3.82e-10 9.67e+00 2.34e+00 1.21e+00 8.09e-01 8.85e-02
1.24e+00 1.63e+00 1.87e-02 1.62e+00 1.95e-02 3.36e-103 5.05e-61 5.96e-06 2.79e-06 1.08e-06 3.30e-07
1.21e+00 1.20e+00 3.93e-02 1.18e+00 4.30e-02 4.38e-01 3.50e+00 3.84e-01 2.08e-01 1.34e-01 1.67e-02
1.23e+00 1.18e+00 1.83e-02 1.19e+00 1.93e-02 8.95e-02 6.63e+00 1.32e+00 5.49e-01 5.42e-01 4.64e-02
1.24e+00 1.06e+00 6.80e-02 1.04e+00 7.12e-02 2.38e-03 9.75e+00 3.18e+00 1.07e+00 6.08e-01 4.80e-02
1.23e+00 1.23e+00 7.52e-03 1.24e+00 9.13e-03 3.61e-01 4.62e-01 5.53e-01 4.00e-01 4.00e-01 5.28e-02
1.22e+00 1.20e+00 1.64e-02 1.20e+00 1.65e-02 6.98e-01 4.91e+00 1.17e+00 7.48e-01 2.60e-01 6.34e-02
1.24e+00 1.15e+00 1.83e-02 1.15e+00 1.83e-02 2.53e-07 1.19e+01 2.11e+00 1.34e+00 6.70e-01 2.36e-01
1.24e+00 1.62e+00 1.68e-02 1.62e+00 1.74e-02 1.68e-121 2.30e-74 5.62e-06 1.96e-06 1.96e-06 2.34e-07
1.23e+00 1.68e+00 4.01e-02 1.68e+00 4.02e-02 5.25e-32 1.20e-12 9.31e-06 3.97e-06 2.73e-06 2.97e-07
1.22e+00 1.11e+00 2.70e-02 1.11e+00 2.72e-02 5.60e-03 9.77e+00 1.41e+00 6.80e-01 3.44e-01 5.60e-02
1.22e+00 1.23e+00 7.98e-02 1.25e+00 8.32e-02 3.76e-01 1.65e+00 4.89e-01 1.80e-01 8.44e-02 1.16e-02
1.25e+00 1.12e+00 2.73e-02 1.11e+00 2.78e-02 1.31e-05 2.37e+01 2.92e+00 1.48e+00 9.04e-01 1.04e-01
1.23e+00 1.23e+00 2.02e-02 1.23e+00 2.03e-02 8.83e-01 3.05e+00 8.03e-01 3.41e-01 2.33e-01 2.69e-02
1.24e+00 1.06e+00 1.84e-02 1.05e+00 1.94e-02 4.09e-04 1.16e+01 2.39e+00 9.33e-01 7.44e-01 5.83e-02
1.21e+00 1.14e+00 3.31e-02 1.13e+00 3.35e-02 1.12e-01 8.55e+00 9.20e-01 4.04e-01 2.36e-01 3.37e-02
1.24e+00 1.67e+00 1.11e-02 1.67e+00 1.14e-02 4.61e-297 1.88e-156 1.56e-06 9.39e-07 4.93e-07 7.16e-08
1.25e+00 1.06e+00 3.71e-02 1.05e+00 3.78e-02 7.68e-03 1.19e+01 1.52e+00 4.88e-01 3.05e-01 3.49e-02
1.24e+00 1.22e+00 1.66e-02 1.22e+00 1.71e-02 2.74e-01 3.97e+00 8.96e-01 3.47e-01 2.80e-01 3.11e-02
1.24e+00 1.66e+00 1.63e-02 1.66e+00 1.63e-02 4.32e-138 5.02e-70 2.43e-06 1.20e-06 4.94e-07 1.34e-07
1.21e+00 1.54e+00 6.35e-02 1.56e+00 6.57e-02 2.09e-13 3.56e-07 1.42e-04 6.00e-05 3.73e-05 5.46e-06
1.24e+00 1.05e+00 7.46e-02 1.03e+00 7.63e-02 1.57e-01 1.69e+01 2.63e+00 1.29e+00 5.17e-01 4.84e-02
1.25e+00 1.67e+00 3.70e-02 1.68e+00 3.80e-02 2.07e-36 3.13e-17 1.17e-05 4.83e-06 3.17e-06 4.14e-07
1.22e+00 1.43e+00 9.18e-03 1.44e+00 1.09e-02 2.27e-50 2.28e-50 4.37e-04 1.69e-04 1.69e-04 1.76e-05
1.24e+00 1.47e+00 1.14e-02 1.46e+00 1.28e-02 1.95e-42 8.75e-14 1.26e-03 6.64e-04 5.90e-04 1.01e-04
1.21e+00 1.21e+00 1.24e-02 1.22e+00 1.43e-02 9.49e-01 2.08e+00 9.63e-01 5.61e-01 3.58e-01 3.87e-02
1.23e+00 1.18e+00 1.09e-02 1.19e+00 1.24e-02 8.45e-06 3.30e+00 1.16e+00 4.79e-01 4.09e-01 4.68e-02
1.24e+00 1.14e+00 1.22e-01 1.24e+00 1.60e-01 5.01e-01 7.15e+00 4.17e-01 1.84e-01 1.01e-01 1.55e-02
1.22e+00 1.08e+00 3.04e-02 1.08e+00 3.04e-02 4.22e-02 1.36e+01 1.89e+00 8.74e-01 6.55e-01 4.37e-02
1.24e+00 1.17e+00 1.62e-02 1.17e+00 1.65e-02 2.79e-04 7.07e+00 1.63e+00 6.42e-01 4.36e-01 7.40e-02
1.24e+00 1.19e+00 1.86e-02 1.20e+00 1.95e-02 2.07e-02 6.15e+00 1.29e+00 5.51e-01 4.97e-01 4.08e-02
1.24e+00 1.07e+00 2.53e-02 1.06e+00 2.69e-02 2.31e-03 1.23e+01 1.87e+00 8.31e-01 5.00e-01 7.01e-02
1.22e+00 1.44e+00 4.58e-03 1.44e+00 5.47e-03 0.00e+00 0.00e+00 3.76e-04 3.76e-04 1.62e-04 1.62e-04
1.25e+00 1.28e+00 9.83e-03 1.28e+00 9.88e-03 1.51e-03 1.62e-03 1.24e-01 6.17e-02 6.17e-02 1.50e-02
1.22e+00 1.25e+00 8.05e-02 1.28e+00 8.50e-02 1.40e-01 9.74e-01 2.39e-01 8.97e-02 5.04e-02 4.72e-03
1.23e+00 1.70e+00 6.27e-03 1.70e+00 6.29e-03 0.00e+00 0.00e+00 9.24e-07 3.30e-07 2.55e-07 2.55e-07
1.22e+00 1.15e+00 4.26e-02 1.14e+00 4.31e-02 2.26e-01 9.45e+00 7.10e-01 3.21e-01 2.23e-01 2.68e-02
1.25e+00 1.15e+00 1.50e-01 1.07e+00 1.71e-01 8.33e-19 1.08e-01 1.83e-02 6.85e-03 5.06e-03 7.86e-04
1.23e+00 1.25e+00 6.34e-02 1.20e+00 7.82e-02 5.73e-02 5.20e-01 5.51e-02 3.01e-02 1.59e-02 3.38e-03
1.23e+00 1.08e+00 3.87e-02 1.06e+00 4.25e-02 2.89e-02 1.33e+01 1.27e+00 6.13e-01 3.30e-01 3.93e-02
1.22e+00 1.22e+00 7.54e-03 1.22e+00 7.81e-03 7.79e-01 1.09e+00 8.51e-01 3.55e-01 1.75e-01 7.70e-02
1.23e+00 1.06e+00 4.15e-02 1.05e+00 4.23e-02 5.94e-03 1.73e+01 1.68e+00 7.69e-01 4.96e-01 5.06e-02
1.23e+00 1.45e+00 1.70e-02 1.45e+00 1.73e-02 8.11e-33 1.36e-30 1.74e-03 1.08e-03 3.58e-04 7.87e-05
1.24e+00 1.68e+00 3.96e-02 1.68e+00 3.98e-02 6.62e-32 5.26e-13 7.75e-06 3.41e-06 2.34e-06 2.92e-07
1.22e+00 1.22e+00 2.84e-02 1.22e+00 2.86e-02 8.37e-01 2.77e+00 7.66e-01 3.25e-01 1.73e-01 3.03e-02
1.23e+00 1.59e+00 4.64e-02 1.59e+00 4.66e-02 4.27e-22 2.05e-13 6.58e-05 3.09e-05 1.51e-05 1.98e-06
1.21e+00 1.06e+00 2.29e-02 1.06e+00 2.32e-02 8.04e-05 1.44e+01 2.14e+00 8.58e-01 6.99e-01 1.35e-01
1.24e+00 1.29e+00 6.31e-02 1.25e+00 7.46e-02 3.05e-02 1.11e-01 2.56e-02 1.00e-02 6.22e-03 1.04e-03
1.24e+00 1.17e+00 2.05e-02 1.18e+00 2.18e-02 2.75e-03 9.32e+00 1.47e+00 8.39e-01 5.42e-01 8.74e-02
1.24e+00 1.17e+00 7.45e-02 1.22e+00 8.84e-02 1.90e-01 2.18e+00 1.55e-01 5.84e-02 4.30e-02 7.72e-03
1.24e+00 1.20e+00 1.28e-01 1.04e+00 2.02e-01 9.89e-02 2.07e+00 2.46e-01 1.03e-01 5.95e-02 9.39e-03
1.24e+00 1.30e+00 4.62e-02 1.31e+00 4.70e-02 9.60e-03 4.94e-02 4.05e-02 1.75e-02 7.66e-03 1.20e-03
1.25e+00 1.24e+00 1.54e-02 1.24e+00 1.59e-02 6.55e-01 2.27e+00 6.80e-01 4.16e-01 2.41e-01 5.44e-02
1.23e+00 1.45e+00 1.33e-02 1.45e+00 1.36e-02 9.28e-48 1.28e-27 3.24e-03 1.54e-03 8.33e-04 1.81e-04
1.25e+00 1.12e+00 3.74e-02 1.12e+00 3.75e-02 3.18e-03 2.62e+01 2.22e+00 1.01e+00 6.44e-01 1.51e-01
1.22e+00 1.15e+00 6.17e-03 1.15e+00 6.37e-03 5.21e-15 5.07e-01 3.24e-01 1.24e-01 1.24e-01 5.38e-02
1.23e+00 1.03e+00 5.79e-02 1.03e+00 5.81e-02 1.51e-02 1.73e+01 2.15e+00 1.10e+00 6.72e-01 3.74e-02
1.22e+00 1.21e+00 1.70e-02 1.22e+00 1.81e-02 1.03e+00 3.24e+00 9.41e-01 3.46e-01 3.14e-01 5.32e-02
1.21e+00 1.18e+00 2.02e-02 1.19e+00 2.11e-02 6.60e-01 7.31e+00 1.27e+00 6.61e-01 3.70e-01 7.09e-02
1.23e+00 1.15e+00 4.90e-02 1.12e+00 5.52e-02 1.16e-01 5.93e+00 5.27e-01 2.04e-01 1.05e-01 2.11e-02
1.21e+00 9.82e-01 5.66e-03 9.80e-01 5.99e-03 8.46e-46 2.14e+00 1.38e+00 5.84e-01 5.84e-01 1.74e-01
1.23e+00 1.16e+00 4.42e-02 1.15e+00 4.59e-02 1.41e-01 8.37e+00 7.81e-01 2.93e-01 1.51e-01 2.44e-02
1.24e+00 1.70e+00 6.52e-03 1.70e+00 6.94e-03 0.00e+00 0.00e+00 9.24e-07 5.76e-07 5.76e-07 1.95e-07
1.24e+00 1.64e+00 1.19e-02 1.65e+00 1.37e-02 8.24e-210 1.26e-119 3.31e-06 1.85e-06 1.26e-06 2.52e-07
1.22e+00 1.20e+00 5.24e-02 1.19e+00 5.27e-02 3.78e-01 4.07e+00 3.68e-01 1.60e-01 7.45e-02 1.10e-02
1.22e+00 1.20e+00 3.80e-02 1.21e+00 3.94e-02 8.13e-01 6.22e+00 7.04e-01 3.23e-01 1.70e-01 2.69e-02
1.22e+00 1.52e+00 1.04e-01 1.46e+00 1.22e-01 1.49e-10 9.25e-06 1.43e-04 7.58e-05 4.67e-05 5.29e-06
1.24e+00 1.27e+00 1.73e-02 1.27e+00 1.78e-02 2.58e-01 4.08e-01 4.95e-01 1.78e-01 1.78e-01 2.54e-02
1.24e+00 1.05e+00 2.05e-02 1.05e+00 2.06e-02 2.28e-04 1.12e+01 2.70e+00 9.49e-01 6.23e-01 7.08e-02
1.22e+00 1.48e+00 1.19e-01 1.44e+00 1.24e-01 8.17e-20 9.18e-20 3.83e-06 2.25e-06 1.00e-06 3.85e-08
1.21e+00 1.12e+00 6.55e-02 1.09e+00 7.30e-02 4.62e-01 1.54e+01 7.94e-01 3.89e-01 2.44e-01 3.33e-02
1.24e+00 1.19e+00 8.51e-03 1.19e+00 8.54e-03 5.15e-07 2.09e+00 1.03e+00 4.49e-01 4.49e-01 4.12e-02
1.21e+00 1.17e+00 3.09e-02 1.17e+00 3.09e-02 8.22e-01 1.24e+01 1.50e+00 7.56e-01 4.57e-01 8.31e-02
1.22e+00 1.18e+00 3.34e-02 1.19e+00 3.55e-02 5.91e-01 1.07e+01 1.03e+00 4.77e-01 3.07e-01 4.09e-02
1.23e+00 1.19e+00 1.73e-02 1.19e+00 1.74e-02 3.84e-02 6.21e+00 1.29e+00 6.95e-01 3.67e-01 6.11e-02
1.24e+00 1.64e+00 5.05e-02 1.65e+00 5.19e-02 1.68e-21 4.94e-10 2.05e-05 8.98e-06 4.68e-06 8.85e-07
1.23e+00 1.07e+00 5.67e-02 1.05e+00 6.17e-02 8.29e-02 1.51e+01 1.38e+00 4.70e-01 2.18e-01 3.48e-02
1.25e+00 1.28e+00 6.24e-02 1.25e+00 6.89e-02 5.28e-02 2.67e-01 3.87e-02 1.55e-02 1.04e-02 1.34e-03
1.21e+00 1.46e+00 9.27e-03 1.46e+00 9.66e-03 2.84e-34 9.35e-15 9.62e-04 4.16e-04 4.16e-04 3.38e-05
1.25e+00 1.12e+00 3.17e-02 1.12e+00 3.19e-02 1.05e-04 1.26e+01 1.39e+00 5.94e-01 3.71e-01 5.78e-02
1.22e+00 1.22e+00 2.10e-02 1.22e+00 2.10e-02 1.01e+00 2.99e+00 7.87e-01 3.73e-01 2.80e-01 2.59e-02
1.25e+00 1.24e+00 5.89e-02 1.22e+00 6.20e-02 7.90e-02 1.06e+00 9.96e-02 4.24e-02 2.18e-02 3.85e-03
1.21e+00 1.22e+00 1.09e-02 1.22e+00 1.19e-02 8.32e-01 1.61e+00 9.22e-01 3.33e-01 3.20e-01 6.48e-02
1.22e+00 1.69e+00 8.52e-03 1.69e+00 9.56e-03 0.00e+00 3.61e-231 1.20e-06 9.29e-07 3.14e-07 2.71e-07
1.23e+00 1.24e+00 1.62e-02 1.24e+00 1.65e-02 1.78e-01 3.14e-01 2.40e-01 9.83e-02 6.51e-02 8.93e-03
1.24e+00 1.57e+00 4.34e-02 1.58e+00 4.51e-02 1.62e-41 6.07e-33 2.66e-05 1.01e-05 5.61e-06 9.91e-07
1.25e+00 1.20e+00 7.83e-03 1.20e+00 9.10e-03 1.71e-09 1.92e+00 8.26e-01 7.68e-01 1.74e-01 1.54e-01
1.24e+00 1.19e+00 5.66e-02 1.19e+00 5.67e-02 3.03e-01 6.26e+00 3.97e-01 1.82e-01 1.06e-01 1.77e-02
1.24e+00 1.24e+00 1.52e-02 1.24e+00 1.58e-02 6.48e-01 2.45e+00 6.91e-01 4.74e-01 2.01e-01 4.82e-02
1.25e+00 1.06e+00 5.05e-02 1.05e+00 5.11e-02 1.72e-02 1.37e+01 1.10e+00 3.86e-01 2.55e-01 2.92e-02
1.25e+00 1.06e+00 2.35e-02 1.05e+00 2.44e-02 1.43e-03 1.12e+01 2.26e+00 1.47e+00 7.59e-01 5.84e-02
1.24e+00 1.27e+00 2.43e-02 1.28e+00 2.48e-02 5.75e-02 1.24e-01 1.47e-01 5.42e-02 4.98e-02 3.50e-03
1.24e+00 1.34e+00 1.43e-02 1.34e+00 1.43e-02 6.77e-15 1.49e-04 1.05e-01 4.24e-02 3.45e-02 6.78e-03
1.26e+00 1.26e+00 7.20e-02 1.28e+00 7.42e-02 3.22e-01 1.60e+00 2.87e-01 1.05e-01 5.68e-02 7.10e-03
1.23e+00 1.14e+00 7.75e-02 1.19e+00 9.43e-02 2.02e-01 5.44e+00 2.54e-01 1.30e-01 7.27e-02 1.32e-02
1.22e+00 1.59e+00 4.13e-02 1.59e+00 4.15e-02 1.01e-27 1.42e-15 7.23e-05 3.68e-05 1.75e-05 2.14e-06
1.24e+00 1.18e+00 5.32e-02 1.17e+00 5.47e-02 6.07e-02 1.83e+00 1.54e-01 5.65e-02 4.10e-02 9.11e-03
1.23e+00 1.70e+00 1.40e-01 1.68e+00 1.42e-01 7.77e-12 4.31e-07 4.52e-06 1.78e-06 1.02e-06 1.17e-07
1.25e+00 1.46e+00 2.24e-02 1.46e+00 2.24e-02 2.82e-20 3.07e-20 1.99e-03 1.08e-03 5.22e-04 5.22e-05
1.22e+00 1.41e+00 3.18e-02 1.42e+00 3.43e-02 8.56e-06 2.19e-05 5.88e-03 2.91e-03 1.37e-03 2.10e-04
1.25e+00 1.23e+00 3.13e-02 1.24e+00 3.19e-02 6.48e-01 4.47e+00 6.24e-01 2.61e-01 1.69e-01 2.57e-02
1.23e+00 1.13e+00 6.54e-02 1.09e+00 7.87e-02 1.62e-01 2.73e+00 2.64e-01 1.02e-01 6.60e-02 1.07e-02
1.23e+00 1.58e+00 2.86e-02 1.59e+00 3.12e-02 1.79e-122 1.02e-109 1.43e-05 5.82e-06 5.82e-06 5.82e-07
1.24e+00 1.22e+00 4.88e-02 1.20e+00 5.23e-02 2.47e-02 9.14e-01 1.12e-01 5.13e-02 2.49e-02 3.89e-03
1.25e+00 1.14e+00 1.04e-01 1.04e+00 1.43e-01 5.46e-01 8.32e+00 5.22e-01 2.35e-01 1.10e-01 1.47e-02
1.26e+00 1.65e+00 4.04e-02 1.65e+00 4.06e-02 2.35e-32 1.06e-15 1.80e-05 8.69e-06 4.47e-06 8.69e-07
1.25e+00 1.27e+00 2.92e-02 1.28e+00 2.98e-02 2.89e-02 8.30e-02 5.86e-02 2.65e-02 1.32e-02 2.32e-03
1.25e+00 1.28e+00 3.31e-02 1.29e+00 3.41e-02 2.60e-03 3.36e-02 3.49e-02 1.04e-02 6.73e-03 9.09e-04
1.24e+00 1.04e+00 6.61e-02 1.01e+00 7.32e-02 2.69e-02 2.42e+01 1.87e+00 5.93e-01 3.21e-01 4.94e-02
1.22e+00 1.25e+00 3.34e-02 1.25e+00 3.36e-02 8.92e-02 2.21e-01 1.15e-01 4.42e-02 2.49e-02 2.07e-03
1.24e+00 1.37e+00 7.18e-02 1.40e+00 7.81e-02 1.96e-03 7.80e-03 5.98e-03 2.28e-03 1.42e-03 2.44e-04
1.24e+00 1.15e+00 8.83e-02 1.22e+00 1.11e-01 6.17e-01 7.27e+00 5.43e-01 2.12e-01 1.33e-01 1.71e-02
1.26e+00 1.13e+00 5.09e-02 1.10e+00 5.77e-02 5.18e-02 1.60e+01 1.06e+00 4.63e-01 2.96e-01 4.03e-02
1.21e+00 1.39e+00 4.84e-02 1.41e+00 5.09e-02 1.17e-05 3.96e-05 7.20e-03 3.29e-03 1.89e-03 2.19e-04
1.29e+00 1.25e+00 3.97e-02 1.25e+00 3.99e-02 6.40e-02 1.81e+00 2.13e-01 7.43e-02 4.13e-02 5.50e-03
1.28e+00 1.31e+00 1.24e-02 1.31e+00 1.30e-02 9.41e-04 1.04e-03 1.39e-02 6.38e-03 6.38e-03 3.94e-04
1.27e+00 1.06e+00 1.74e-02 1.05e+00 1.97e-02 4.13e-05 1.15e+01 2.50e+00 1.16e+00 5.85e-01 8.57e-02
1.28e+00 1.62e+00 5.21e-02 1.62e+00 5.23e-02 2.01e-16 2.93e-09 3.28e-05 1.60e-05 8.71e-06 1.62e-06
1.27e+00 1.38e+00 1.02e-02 1.38e+00 1.08e-02 3.62e-26 3.64e-26 1.10e-03 4.97e-04 3.13e-04 1.06e-04
1.29e+00 1.21e+00 3.49e-02 1.22e+00 3.56e-02 1.90e-02 3.34e+00 3.83e-01 1.70e-01 1.10e-01 1.08e-02
1.28e+00 1.25e+00 5.28e-02 1.24e+00 5.31e-02 1.51e-01 2.45e+00 2.08e-01 7.57e-02 4.62e-02 6.42e-03
1.30e+00 1.23e+00 3.79e-02 1.22e+00 3.89e-02 4.76e-02 1.45e+00 2.12e-01 7.41e-02 3.19e-02 6.39e-03
1.26e+00 1.56e+00 7.58e-02 1.54e+00 7.77e-02 1.12e-11 3.69e-06 1.72e-04 7.73e-05 4.09e-05 5.52e-06
1.31e+00 1.27e+00 1.64e-01 1.39e+00 2.03e-01 3.14e-03 3.19e-01 4.41e-02 2.20e-02 1.36e-02 1.81e-03
1.31e+00 1.35e+00 4.44e-02 1.36e+00 4.54e-02 7.64e-03 3.04e-02 1.56e-02 6.03e-03 3.62e-03 4.64e-04
1.30e+00 1.34e+00 5.98e-02 1.38e+00 7.07e-02 3.99e-03 4.55e-02 9.61e-03 3.52e-03 2.21e-03 3.58e-04
1.30e+00 1.06e+00 3.80e-02 1.05e+00 3.85e-02 6.51e-03 1.26e+01 2.24e+00 8.48e-01 4.79e-01 3.69e-02
1.26e+00 1.28e+00 5.57e-02 1.29e+00 5.66e-02 2.05e-01 5.07e-01 3.32e-01 1.65e-01 1.01e-01 9.37e-03
1.30e+00 1.23e+00 5.62e-02 1.20e+00 6.48e-02 7.15e-02 1.34e+00 8.27e-02 4.90e-02 2.09e-02 3.31e-03
1.27e+00 1.21e+00 2.80e-02 1.20e+00 2.95e-02 3.04e-02 1.09e+00 2.07e-01 7.05e-02 4.20e-02 1.02e-02
1.30e+00 1.14e+00 1.50e-01 1.03e+00 1.83e-01 1.05e-04 1.41e+00 1.39e-01 3.49e-02 2.07e-02 2.83e-03
1.25e+00 1.05e+00 1.53e-02 1.04e+00 1.69e-02 2.55e-07 1.13e+01 2.86e+00 1.60e+00 9.21e-01 1.23e-01
1.30e+00 1.30e+00 5.16e-02 1.27e+00 5.86e-02 1.32e-02 2.26e-01 3.07e-02 1.08e-02 7.25e-03 1.49e-03
1.30e+00 1.36e+00 1.41e-02 1.36e+00 1.47e-02 8.12e-08 8.27e-08 3.13e-03 1.89e-03 9.11e-04 1.92e-04
1.31e+00 1.34e+00 5.04e-02 1.31e+00 6.09e-02 1.04e-02 2.30e-02 9.35e-03 2.89e-03 1.79e-03 2.63e-04
1.30e+00 1.72e+00 4.15e-03 1.72e+00 4.24e-03 0.00e+00 0.00e+00 5.43e-07 5.43e-07 5.43e-07 3.00e-08
1.27e+00 1.49e+00 8.12e-03 1.49e+00 8.72e-03 4.56e-122 4.56e-122 1.35e-04 9.83e-05 9.83e-05 6.10e-06
1.29e+00 1.53e+00 3.77e-02 1.55e+00 4.20e-02 3.25e-27 3.38e-27 7.06e-05 3.62e-05 3.40e-05 5.81e-06
1.29e+00 1.45e+00 1.13e-02 1.45e+00 1.17e-02 2.75e-31 2.80e-31 3.96e-04 2.09e-04 1.27e-04 2.98e-05
1.27e+00 1.20e+00 5.16e-02 1.20e+00 5.16e-02 4.29e-02 9.95e-01 1.57e-01 4.37e-02 2.82e-02 3.89e-03
1.28e+00 1.40e+00 1.02e-02 1.40e+00 1.02e-02 1.18e-33 1.19e-33 8.80e-04 5.48e-04 5.48e-04 1.11e-04
1.29e+00 1.30e+00 1.87e-02 1.30e+00 1.87e-02 3.14e-01 7.63e-01 3.07e-01 1.66e-01 7.83e-02 9.79e-03
1.29e+00 1.21e+00 2.66e-02 1.21e+00 2.66e-02 6.44e-03 2.44e+00 3.57e-01 1.67e-01 9.09e-02 1.03e-02
1.29e+00 1.66e+00 1.23e-02 1.66e+00 1.29e-02 2.48e-209 6.56e-122 2.03e-06 1.13e-06 1.13e-06 2.68e-07
1.29e+00 1.56e+00 1.44e-02 1.56e+00 1.44e-02 3.46e-99 3.46e-99 2.90e-05 9.34e-06 9.19e-06 8.75e-07
1.27e+00 1.18e+00 7.40e-02 1.20e+00 7.81e-02 1.17e-01 3.83e+00 1.74e-01 7.86e-02 5.67e-02 9.02e-03
1.30e+00 1.27e+00 2.14e-02 1.27e+00 2.14e-02 5.40e-02 9.91e-01 1.79e-01 6.76e-02 6.35e-02 5.20e-03
1.26e+00 1.54e+00 7.07e-02 1.56e+00 7.42e-02 8.87e-10 1.20e-06 1.42e-04 7.61e-05 3.67e-05 5.37e-06
1.31e+00 1.42e+00 7.35e-02 1.45e+00 8.00e-02 1.25e-03 4.25e-03 2.52e-03 1.03e-03 6.23e-04 8.19e-05
1.30e+00 1.38e+00 3.11e-02 1.38e+00 3.13e-02 3.23e-04 1.44e-03 9.09e-03 4.78e-03 2.74e-03 2.33e-04
1.28e+00 1.15e+00 6.64e-02 1.10e+00 8.59e-02 1.15e-01 8.63e+00 4.11e-01 2.11e-01 1.32e-01 1.71e-02
1.26e+00 1.65e+00 4.80e-02 1.65e+00 4.80e-02 2.00e-12 2.51e-08 1.06e-04 4.34e-05 2.25e-05 2.33e-06
1.27e+00 1.11e+00 4.07e-02 1.10e+00 4.12e-02 9.78e-03 1.15e+01 1.04e+00 5.08e-01 2.82e-01 3.06e-02
1.30e+00 1.36e+00 5.29e-02 1.34e+00 5.74e-02 5.98e-03 1.28e-02 1.19e-02 4.29e-03 2.22e-03 3.83e-04
1.28e+00 1.77e+00 1.10e-02 1.77e+00 1.18e-02 0.00e+00 9.23e-241 1.27e-07 9.05e-08 9.05e-08 7.37e-09
1.28e+00 1.46e+00 1.40e-02 1.46e+00 1.45e-02 2.12e-32 1.06e-21 1.96e-03 1.19e-03 5.31e-04 1.39e-04
1.27e+00 1.28e+00 1.35e-02 1.29e+00 1.47e-02 1.71e-02 2.51e-02 2.99e-02 1.52e-02 6.18e-03 1.51e-03
1.27e+00 1.37e+00 1.21e-02 1.37e+00 1.22e-02 2.11e-19 2.11e-19 5.49e-02 4.49e-02 2.25e-02 2.85e-03
1.31e+00 1.40e+00 2.21e-02 1.40e+00 2.22e-02 5.46e-05 2.30e-04 4.94e-03 1.62e-03 1.57e-03 2.43e-04
1.30e+00 1.25e+00 1.81e-02 1.26e+00 1.92e-02 5.16e-03 2.32e+00 4.86e-01 1.95e-01 1.87e-01 1.65e-02
1.31e+00 1.72e+00 6.91e-03 1.72e+00 8.41e-03 0.00e+00 0.00e+00 5.43e-07 3.35e-07 3.35e-07 2.73e-08
1.26e+00 1.58e+00 3.45e-02 1.58e+00 3.47e-02 6.52e-36 4.81e-30 3.12e-05 1.58e-05 8.95e-06 7.62e-07
1.26e+00 1.06e+00 3.11e-02 1.05e+00 3.36e-02 1.54e-03 1.59e+01 2.28e+00 1.03e+00 5.67e-01 5.27e-02
1.30e+00 1.11e+00 1.09e-01 1.04e+00 1.29e-01 2.24e-01 1.37e+01 9.11e-01 2.02e-01 1.41e-01 2.44e-02
1.26e+00 1.23e+00 4.21e-02 1.24e+00 4.33e-02 2.55e-01 2.14e+00 2.32e-01 9.38e-02 5.66e-02 8.28e-03
1.30e+00 1.30e+00 5.76e-02 1.32e+00 6.10e-02 3.11e-02 2.06e-01 2.92e-02 1.19e-02 8.15e-03 1.14e-03
1.29e+00 1.42e+00 2.03e-02 1.42e+00 2.04e-02 2.11e-10 2.18e-10 9.23e-03 3.37e-03 3.28e-03 3.47e-04
1.26e+00 1.05e+00 1.61e-02 1.04e+00 1.91e-02 1.10e-11 1.22e+01 2.68e+00 1.50e+00 1.50e+00 1.70e-01
1.27e+00 1.08e+00 4.55e-02 1.06e+00 4.97e-02 5.12e-03 9.43e+00 1.64e+00 6.52e-01 3.98e-01 6.34e-02
1.30e+00 1.02e+00 7.17e-01 7.00e-02 1.19e+00 4.18e-08 1.52e-03 2.05e-04 7.75e-05 4.56e-05 6.08e-06
1.30e+00 1.31e+00 5.79e-02 1.33e+00 6.14e-02 1.93e-02 1.36e-01 2.39e-02 9.44e-03 5.63e-03 7.61e-04
1.30e+00 1.75e+00 1.12e-02 1.75e+00 1.14e-02 3.74e-314 5.02e-135 2.40e-07 8.68e-08 4.46e-08 7.23e-09
1.28e+00 1.22e+00 9.98e-02 1.26e+00 1.09e-01 2.94e-01 4.20e+00 2.65e-01 8.22e-02 4.45e-02 8.56e-03
1.28e+00 1.26e+00 6.33e-02 1.24e+00 6.57e-02 5.69e-02 9.16e-01 6.86e-02 3.14e-02 1.61e-02 2.69e-03
1.27e+00 1.33e+00 1.12e-02 1.33e+00 1.13e-02 6.18e-09 6.20e-09 4.01e-03 2.46e-03 9.87e-04 1.21e-04
1.29e+00 1.31e+00 5.35e-02 1.34e+00 5.96e-02 1.46e-02 1.20e-01 1.80e-02 9.23e-03 6.15e-03 1.14e-03
1.27e+00 1.06e+00 2.96e-02 1.05e+00 3.01e-02 2.68e-04 1.74e+01 2.62e+00 1.09e+00 7.87e-01 4.29e-02
1.29e+00 1.39e+00 7.03e-02 1.43e+00 7.96e-02 2.14e-03 7.75e-03 3.48e-03 1.32e-03 9.61e-04 9.61e-05
1.27e+00 1.56e+00 8.14e-03 1.56e+00 9.47e-03 9.19e-34 7.25e-16 3.39e-05 2.86e-05 7.16e-06 6.48e-06
1.29e+00 1.52e+00 1.23e-02 1.52e+00 1.24e-02 1.15e-132 1.15e-132 7.08e-05 4.02e-05 1.64e-05 2.14e-06
1.26e+00 1.62e+00 4.76e-02 1.62e+00 4.76e-02 1.15e-20 9.43e-13 3.51e-05 1.50e-05 8.46e-06 1.48e-06
1.26e+00 1.27e+00 1.48e-02 1.27e+00 1.51e-02 2.41e-01 3.69e-01 4.14e-01 2.25e-01 1.33e-01 2.30e-02
1.29e+00 1.26e+00 8.57e-03 1.26e+00 9.47e-03 1.61e-02 8.45e-01 3.46e-01 3.15e-01 1.04e-01 7.14e-02
1.31e+00 1.31e+00 1.35e-01 1.32e+00 1.35e-01 5.97e-02 4.04e-01 4.57e-02 1.94e-02 1.03e-02 1.21e-03
1.30e+00 1.57e+00 1.35e-02 1.57e+00 1.35e-02 8.74e-114 8.74e-114 2.11e-05 8.91e-06 7.17e-06 1.62e-06
1.30e+00 1.60e+00 1.67e-01 1.62e+00 1.68e-01 1.65e-12 4.74e-06 2.29e-05 1.18e-05 6.05e-06 7.38e-07
1.27e+00 1.67e+00 4.08e-02 1.67e+00 4.09e-02 2.37e-27 5.52e-13 1.16e-05 4.51e-06 2.56e-06 3.36e-07
1.31e+00 1.59e+00 1.37e-02 1.59e+00 1.38e-02 2.84e-140 1.19e-137 1.14e-05 5.68e-06 3.91e-06 1.21e-06
1.29e+00 1.29e+00 5.86e-02 1.33e+00 7.10e-02 1.40e-02 1.74e-01 2.49e-02 1.03e-02 8.36e-03 1.13e-03
1.30e+00 1.22e+00 3.20e-02 1.21e+00 3.25e-02 3.39e-02 2.38e+00 3.58e-01 1.66e-01 8.38e-02 1.05e-02
1.26e+00 1.06e+00 4.31e-02 1.05e+00 4.40e-02 3.33e-03 1.52e+01 2.08e+00 9.14e-01 5.03e-01 5.30e-02
1.26e+00 1.06e+00 1.47e-02 1.06e+00 1.48e-02 2.97e-06 9.16e+00 2.26e+00 1.06e+00 8.78e-01 9.75e-02
1.29e+00 1.59e+00 6.93e-03 1.59e+00 7.19e-03 0.00e+00 0.00e+00 1.44e-05 7.18e-06 7.18e-06 6.52e-07
1.29e+00 1.28e+00 4.80e-02 1.29e+00 5.00e-02 6.29e-02 3.96e-01 5.48e-02 2.04e-02 1.31e-02 1.91e-03
1.30e+00 1.46e+00 1.71e-02 1.46e+00 1.72e-02 1.59e-17 1.61e-17 3.95e-03 2.05e-03 1.16e-03 2.51e-04
1.25e+00 1.67e+00 3.20e-02 1.67e+00 3.20e-02 4.70e-47 3.38e-20 9.39e-06 4.53e-06 2.93e-06 2.76e-07
1.27e+00 1.16e+00 4.10e-02 1.18e+00 4.74e-02 9.51e-05 6.84e+00 5.24e-01 2.97e-01 2.57e-01 3.67e-02
1.26e+00 1.08e+00 2.23e-02 1.07e+00 2.30e-02 2.61e-07 1.26e+01 1.87e+00 1.20e+00 6.55e-01 6.44e-02
1.30e+00 1.28e+00 5.66e-02 1.28e+00 5.67e-02 1.15e-01 1.11e+00 9.99e-02 4.01e-02 1.97e-02 2.55e-03
1.29e+00 1.18e+00 3.29e-02 1.18e+00 3.31e-02 1.23e-03 5.70e+00 5.53e-01 2.68e-01 1.72e-01 2.32e-02
1.30e+00 1.33e+00 1.95e-02 1.33e+00 1.97e-02 3.21e-02 4.39e-02 1.57e-01 6.88e-02 4.16e-02 1.27e-02
1.29e+00 1.75e+00 8.33e-03 1.75e+00 8.35e-03 0.00e+00 7.05e-205 2.40e-07 7.59e-08 6.26e-08 1.33e-08
1.27e+00 1.53e+00 1.67e-02 1.53e+00 1.68e-02 1.27e-19 3.90e-11 9.01e-04 4.53e-04 2.39e-04 4.58e-05
1.28e+00 1.46e+00 5.81e-02 1.45e+00 5.85e-02 4.35e-05 1.30e-04 2.51e-03 9.88e-04 5.47e-04 5.29e-05
1.27e+00 1.07e+00 2.10e-02 1.07e+00 2.10e-02 8.58e-05 1.17e+01 2.03e+00 7.92e-01 6.98e-01 1.18e-01
1.30e+00 1.36e+00 5.34e-02 1.39e+00 6.06e-02 4.61e-03 2.17e-02 7.43e-03 3.00e-03 2.04e-03 4.07e-04
1.28e+00 1.44e+00 8.93e-03 1.44e+00 8.94e-03 3.93e-62 3.93e-62 3.78e-04 1.90e-04 1.90e-04 3.04e-05
1.27e+00 1.47e+00 3.82e-02 1.45e+00 4.39e-02 4.68e-21 5.20e-21 1.76e-03 7.45e-04 3.68e-04 3.87e-05
1.31e+00 1.32e+00 1.23e-02 1.32e+00 1.24e-02 1.53e-01 2.41e-01 1.45e-01 1.28e-01 6.35e-02 5.86e-03
1.29e+00 1.32e+00 6.19e-02 1.34e+00 6.37e-02 1.70e-02 1.14e-01 1.64e-02 8.02e-03 4.48e-03 8.33e-04
1.29e+00 1.07e+00 4.33e-02 1.06e+00 4.49e-02 5.47e-03 1.28e+01 1.16e+00 5.13e-01 3.35e-01 2.85e-02
1.28e+00 1.15e+00 4.42e-02 1.14e+00 4.51e-02 7.43e-03 1.04e+01 7.06e-01 3.17e-01 2.03e-01 3.38e-02
1.29e+00 1.10e+00 5.17e-02 1.07e+00 5.76e-02 1.29e-02 1.81e+01 1.51e+00 6.15e-01 3.03e-01 4.73e-02
1.27e+00 1.16e+00 5.84e-02 1.12e+00 7.32e-02 1.10e-01 5.39e+00 3.07e-01 1.34e-01 8.56e-02 1.40e-02
1.29e+00 1.31e+00 2.60e-02 1.31e+00 2.64e-02 7.86e-03 1.86e-02 2.09e-02 8.83e-03 4.29e-03 5.05e-04
1.28e+00 1.44e+00 7.01e-03 1.44e+00 7.78e-03 8.17e-114 8.17e-114 3.76e-04 2.74e-04 2.74e-04 2.64e-05
1.26e+00 1.63e+00 1.91e-02 1.64e+00 2.00e-02 1.94e-86 1.10e-56 3.63e-06 1.92e-06 9.35e-07 2.51e-07
1.30e+00 1.41e+00 7.29e-02 1.34e+00 9.90e-02 9.83e-04 2.09e-03 1.89e-03 9.47e-04 6.01e-04 6.40e-05
1.30e+00 1.48e+00 7.10e-03 1.48e+00 8.10e-03 2.26e-109 2.26e-109 1.66e-04 1.34e-04 1.34e-04 1.51e-05
1.28e+00 1.23e+00 3.23e-02 1.23e+00 3.26e-02 1.70e-01 6.65e+00 6.99e-01 3.64e-01 1.94e-01 3.72e-02
1.27e+00 1.02e+00 1.73e-02 1.02e+00 1.74e-02 5.36e-09 1.58e+01 3.50e+00 1.58e+00 7.79e-01 1.33e-01
1.29e+00 1.51e+00 1.50e-02 1.51e+00 1.50e-02 3.34e-38 1.07e-12 8.84e-04 5.06e-04 3.95e-04 4.45e-05
1.32e+00 1.33e+00 2.18e-02 1.32e+00 2.30e-02 2.74e-02 7.35e-02 2.22e-02 9.66e-03 7.73e-03 5.52e-04
1.27e+00 1.23e+00 8.15e-02 1.25e+00 8.49e-02 3.95e-01 3.96e+00 3.48e-01 1.18e-01 5.81e-02 8.93e-03
1.27e+00 1.07e+00 1.05e-01 1.02e+00 1.16e-01 3.91e-02 1.40e+01 9.41e-01 3.18e-01 1.82e-01 1.95e-02
1.30e+00 1.43e+00 5.83e-02 1.46e+00 6.41e-02 1.73e-04 3.35e-04 2.11e-03 8.67e-04 5.73e-04 6.99e-05
1.26e+00 1.38e+00 9.74e-03 1.38e+00 1.06e-02 6.37e-28 2.46e-12 4.20e-02 1.56e-02 1.22e-02 2.53e-03
1.29e+00 7.04e-01 6.80e-01 9.00e-02 9.16e-01 1.39e-04 2.12e-02 2.04e-03 5.09e-04 2.74e-04 5.23e-05
1.27e+00 1.72e+00 1.82e-02 1.72e+00 1.89e-02 1.29e-131 9.62e-57 5.88e-07 2.38e-07 1.07e-07 2.44e-08
1.31e+00 1.53e+00 1.66e-02 1.53e+00 1.66e-02 1.40e-29 9.83e-13 8.61e-04 4.43e-04 2.16e-04 4.92e-05
1.27e+00 1.06e+00 2.96e-02 1.05e+00 3.25e-02 2.85e-04 1.25e+01 2.63e+00 1.25e+00 6.04e-01 8.43e-02
1.31e+00 1.28e+00 1.10e-02 1.29e+00 1.35e-02 4.66e-03 3.16e-01 1.12e-01 5.10e-02 2.47e-02 3.92e-03
1.31e+00 1.23e+00 7.24e-02 1.18e+00 8.65e-02 6.52e-02 1.51e+00 7.00e-02 3.37e-02 2.30e-02 3.07e-03
1.27e+00 1.41e+00 1.86e-02 1.41e+00 1.92e-02 4.25e-17 3.64e-04 2.46e-02 1.09e-02 7.54e-03 9.89e-04
1.29e+00 1.35e+00 8.16e-03 1.35e+00 8.83e-03 6.37e-17 6.37e-17 2.03e-03 1.53e-03 6.12e-04 2.96e-04
1.30e+00 1.30e+00 4.38e-02 1.32e+00 4.97e-02 1.62e-02 8.47e-02 2.65e-02 9.73e-03 5.26e-03 9.57e-04
1.29e+00 1.05e+00 4.45e-02 1.04e+00 4.62e-02 1.51e-05 4.71e+01 3.51e+00 1.61e+00 9.41e-01 1.46e-01
1.26e+00 1.27e+00 5.94e-02 1.26e+00 5.98e-02 7.96e-02 4.41e-01 6.02e-02 2.06e-02 1.13e-02 2.02e-03
1.27e+00 1.42e+00 1.49e-02 1.43e+00 1.57e-02 3.93e-23 4.20e-23 8.75e-04 5.67e-04 2.45e-04 6.25e-05
1.30e+00 1.30e+00 4.18e-02 1.29e+00 4.24e-02 1.34e-01 7.28e-01 1.12e-01 4.50e-02 2.59e-02 2.73e-03
1.29e+00 1.07e+00 4.36e-02 1.05e+00 4.81e-02 1.12e-05 9.34e+00 1.52e+00 6.92e-01 6.56e-01 4.55e-02
1.31e+00 1.71e+00 7.97e-03 1.71e+00 8.47e-03 0.00e+00 3.00e-248 6.96e-07 5.45e-07 1.85e-07 2.45e-08
1.29e+00 1.13e+00 6.15e-02 1.15e+00 6.39e-02 9.13e-03 6.27e+00 5.06e-01 2.07e-01 1.23e-01 9.26e-03
1.27e+00 1.10e+00 4.58e-02 1.09e+00 4.82e-02 1.33e-02 1.59e+01 1.33e+00 5.25e-01 3.00e-01 3.33e-02
1.26e+00 1.66e+00 2.32e-02 1.66e+00 2.32e-02 3.96e-59 1.74e-29 3.01e-06 1.42e-06 7.70e-07 1.20e-07
1.27e+00 1.04e+00 2.21e-02 1.04e+00 2.21e-02 8.49e-07 1.55e+01 2.42e+00 1.11e+00 5.30e-01 9.09e-02
1.27e+00 1.27e+00 8.83e-03 1.27e+00 8.83e-03 7.76e-03 1.27e-02 7.90e-03 3.85e-03 3.85e-03 4.77e-04
1.30e+00 1.43e+00 7.86e-03 1.43e+00 8.71e-03 1.01e-60 1.03e-60 4.58e-04 3.17e-04 9.20e-05 6.67e-05
1.26e+00 1.63e+00 2.41e-02 1.63e+00 2.42e-02 2.10e-57 7.10e-36 5.53e-06 2.47e-06 1.36e-06 3.16e-07
1.28e+00 1.31e+00 3.33e-02 1.30e+00 3.53e-02 7.91e-02 1.84e-01 9.92e-02 4.58e-02 2.49e-02 2.90e-03
1.27e+00 1.17e+00 3.32e-02 1.18e+00 3.40e-02 2.20e-02 1.40e+01 1.28e+00 6.50e-01 3.95e-01 4.94e-02
1.27e+00 1.12e+00 6.65e-02 1.15e+00 7.33e-02 2.61e-02 6.70e+00 4.82e-01 1.84e-01 8.74e-02 1.51e-02
1.26e+00 1.46e+00 4.81e-03 1.46e+00 6.02e-03 4.34e-298 4.34e-298 2.51e-04 1.44e-04 1.44e-04 1.44e-04
1.28e+00 1.14e+00 4.70e-02 1.12e+00 5.12e-02 1.57e-02 1.26e+01 7.89e-01 3.89e-01 2.49e-01 4.15e-02
1.30e+00 1.29e+00 5.17e-02 1.33e+00 6.29e-02 1.07e-02 1.25e-01 1.98e-02 1.16e-02 6.55e-03 8.37e-04
1.28e+00 1.69e+00 4.12e-02 1.69e+00 4.12e-02 6.36e-26 9.77e-12 6.41e-06 2.73e-06 1.79e-06 2.56e-07
1.27e+00 1.63e+00 2.11e-02 1.62e+00 2.16e-02 6.17e-68 4.20e-48 5.09e-06 2.97e-06 1.58e-06 1.90e-07
1.31e+00 1.47e+00 8.89e-03 1.47e+00 8.90e-03 3.09e-42 3.09e-42 2.12e-04 1.05e-04 1.05e-04 1.49e-05
1.31e+00 1.40e+00 1.96e-02 1.40e+00 1.97e-02 6.88e-06 2.58e-05 4.22e-03 2.64e-03 1.33e-03 1.54e-04
1.26e+00 1.62e+00 4.19e-02 1.62e+00 4.21e-02 1.89e-23 6.94e-14 3.70e-05 1.52e-05 9.88e-06 1.84e-06
1.28e+00 1.28e+00 2.03e-02 1.29e+00 2.11e-02 3.78e-01 9.76e-01 2.91e-01 1.64e-01 8.61e-02 1.34e-02
1.27e+00 1.08e+00 9.49e-02 1.04e+00 1.04e-01 3.18e-02 1.13e+01 1.69e+00 6.42e-01 3.05e-01 4.36e-02
1.29e+00 1.68e+00 1.05e-02 1.68e+00 1.06e-02 1.37e-273 6.08e-152 1.56e-06 8.22e-07 3.05e-07 5.48e-08
1.30e+00 1.32e+00 2.38e-02 1.32e+00 2.38e-02 1.33e-01 2.60e-01 2.03e-01 9.98e-02 4.65e-02 5.67e-03
1.26e+00 1.48e+00 5.62e-02 1.45e+00 6.30e-02 1.15e-08 1.49e-08 8.32e-04 2.62e-04 1.13e-04 1.54e-05
1.29e+00 1.37e+00 1.57e-02 1.37e+00 1.58e-02 1.42e-06 2.60e-05 3.20e-03 1.61e-03 1.61e-03 1.57e-04
1.27e+00 1.41e+00 1.18e-02 1.41e+00 1.18e-02 3.32e-33 3.33e-33 8.12e-04 5.47e-04 2.28e-04 4.49e-05
1.30e+00 1.39e+00 2.10e-02 1.39e+00 2.10e-02 4.83e-05 1.11e-04 5.28e-03 2.71e-03 1.34e-03 2.04e-04
1.26e+00 1.19e+00 4.69e-02 1.21e+00 5.23e-02 1.14e-01 5.18e+00 3.81e-01 1.49e-01 8.66e-02 1.52e-02
1.29e+00 1.20e+00 6.23e-02 1.20e+00 6.23e-02 9.42e-02 4.91e+00 3.01e-01 1.17e-01 6.24e-02 1.13e-02
1.30e+00 1.26e+00 6.14e-02 1.24e+00 6.49e-02 6.47e-02 1.16e+00 1.03e-01 4.37e-02 2.44e-02 1.93e-03
1.30e+00 1.31e+00 5.43e-02 1.34e+00 6.05e-02 2.03e-02 1.46e-01 2.41e-02 1.09e-02 6.11e-03 7.45e-04
1.29e+00 1.32e+00 9.18e-02 1.34e+00 9.47e-02 6.95e-02 3.54e-01 9.08e-02 3.71e-02 1.95e-02 1.77e-03
1.27e+00 1.13e+00 3.84e-02 1.12e+00 3.95e-02 5.06e-03 1.12e+01 9.99e-01 4.48e-01 2.36e-01 4.85e-02
1.30e+00 1.34e+00 2.42e-02 1.34e+00 2.42e-02 3.79e-02 5.90e-02 1.47e-01 7.25e-02 4.18e-02 6.82e-03
1.27e+00 1.62e+00 1.61e-01 1.65e+00 1.63e-01 7.06e-14 2.73e-06 1.57e-05 6.28e-06 4.58e-06 3.99e-07
1.26e+00 1.30e+00 1.13e-02 1.29e+00 1.26e-02 5.04e-04 5.74e-04 1.74e-02 8.12e-03 6.46e-03 1.22e-03
1.26e+00 1.13e+00 4.51e-02 1.10e+00 5.31e-02 1.60e-02 1.59e+01 1.06e+00 4.79e-01 2.84e-01 4.49e-02
1.27e+00 1.30e+00 1.20e-02 1.30e+00 1.27e-02 1.10e-03 1.24e-03 1.64e-02 9.95e-03 7.61e-03 1.84e-03
1.29e+00 1.25e+00 3.00e-02 1.25e+00 3.01e-02 4.89e-02 1.60e+00 2.26e-01 9.20e-02 4.88e-02 5.58e-03
1.30e+00 1.23e+00 4.89e-02 1.23e+00 4.89e-02 6.18e-02 2.59e+00 2.22e-01 8.72e-02 4.15e-02 7.15e-03
1.26e+00 1.37e+00 8.39e-03 1.37e+00 9.06e-03 4.04e-40 6.57e-27 4.35e-02 3.46e-02 1.31e-02 6.56e-03
1.30e+00 1.28e+00 5.90e-02 1.31e+00 6.54e-02 4.18e-02 4.04e-01 3.27e-02 1.64e-02 1.10e-02 1.33e-03
1.26e+00 1.05e+00 4.46e-02 1.04e+00 4.52e-02 1.07e-02 1.17e+01 2.50e+00 1.13e+00 5.42e-01 4.78e-02
1.32e+00 1.13e+00 1.54e-01 1.02e+00 1.90e-01 1.11e-01 3.49e+00 1.71e-01 6.65e-02 3.45e-02 4.75e-03
1.26e+00 1.27e+00 1.69e-02 1.27e+00 1.69e-02 3.13e-01 5.64e-01 4.28e-01 2.08e-01 1.10e-01 2.63e-02
1.31e+00 1.74e+00 1.87e-02 1.75e+00 2.05e-02 3.45e-123 8.31e-55 2.85e-07 1.68e-07 7.54e-08 1.23e-08
1.29e+00 1.25e+00 2.31e-02 1.25e+00 2.34e-02 2.97e-02 1.21e+00 1.99e-01 9.18e-02 6.41e-02 3.77e-03
1.29e+00 1.67e+00 1.02e-02 1.67e+00 1.04e-02 9.92e-314 1.63e-189 1.56e-06 9.97e-07 9.97e-07 2.34e-07
1.30e+00 1.24e+00 6.42e-02 1.23e+00 6.50e-02 6.06e-02 2.33e+00 2.06e-01 7.67e-02 4.52e-02 3.77e-03
1.28e+00 1.30e+00 1.17e-02 1.30e+00 1.22e-02 2.37e-03 2.73e-03 1.37e-02 8.64e-03 5.81e-03 1.31e-03
1.31e+00 1.30e+00 6.16e-02 1.33e+00 6.89e-02 2.89e-02 2.42e-01 2.45e-02 1.03e-02 6.69e-03 1.14e-03
1.31e+00 1.39e+00 4.13e-02 1.39e+00 4.16e-02 7.11e-04 3.59e-03 8.45e-03 3.23e-03 1.59e-03 1.99e-04
1.28e+00 1.76e+00 8.91e-03 1.75e+00 1.13e-02 0.00e+00 1.04e-269 2.40e-07 1.51e-07 6.75e-08 1.08e-08
1.29e+00 1.25e+00 4.16e-02 1.24e+00 4.21e-02 6.59e-02 2.21e+00 2.47e-01 1.15e-01 5.15e-02 6.06e-03
1.28e+00 1.75e+00 7.83e-03 1.75e+00 8.28e-03 0.00e+00 7.44e-222 2.40e-07 8.67e-08 8.67e-08 4.82e-09
1.26e+00 1.27e+00 5.89e-03 1.27e+00 6.45e-03 8.85e-04 8.96e-04 7.66e-03 4.23e-03 4.23e-03 9.24e-04
1.30e+00 1.26e+00 6.20e-02 1.24e+00 6.61e-02 4.75e-02 8.24e-01 5.33e-02 2.61e-02 1.53e-02 1.86e-03
1.32e+00 1.26e+00 4.16e-02 1.26e+00 4.16e-02 4.96e-02 1.85e+00 1.72e-01 7.71e-02 3.96e-02 5.21e-03
1.30e+00 1.20e+00 3.26e-02 1.21e+00 3.55e-02 8.63e-05 3.63e+00 3.61e-01 2.05e-01 1.06e-01 1.35e-02
1.30e+00 1.41e+00 1.65e-02 1.41e+00 1.68e-02 9.20e-11 1.59e-10 2.60e-03 1.07e-03 7.11e-04 1.09e-04
1.26e+00 1.18e+00 7.31e-02 1.22e+00 8.57e-02 8.83e-02 2.00e+00 1.57e-01 6.12e-02 3.42e-02 6.23e-03
1.28e+00 1.74e+00 1.38e-02 1.75e+00 1.63e-02 1.08e-239 3.57e-100 2.43e-07 8.65e-08 8.05e-08 1.95e-08
1.30e+00 1.29e+00 5.98e-02 1.29e+00 5.99e-02 5.41e-02 4.81e-01 4.52e-02 1.97e-02 1.12e-02 1.37e-03
1.29e+00 1.67e+00 3.82e-02 1.68e+00 3.87e-02 3.47e-28 1.61e-14 9.67e-06 4.00e-06 2.45e-06 2.99e-07
1.31e+00 1.28e+00 4.83e-02 1.30e+00 5.22e-02 5.49e-02 4.87e-01 4.78e-02 1.95e-02 1.15e-02 1.55e-03
1.31e+00 1.38e+00 3.29e-02 1.39e+00 3.34e-02 5.53e-04 2.38e-03 5.24e-03 2.16e-03 1.08e-03 1.31e-04
1.31e+00 1.29e+00 4.38e-02 1.28e+00 4.55e-02 2.79e-02 4.14e-01 7.01e-02 2.81e-02 1.35e-02 1.58e-03
1.27e+00 1.39e+00 6.12e-02 1.42e+00 6.79e-02 9.73e-04 2.67e-03 4.97e-03 1.60e-03 9.44e-04 1.26e-04
1.27e+00 1.21e+00 3.88e-02 1.20e+00 4.12e-02 6.73e-02 1.61e+00 2.23e-01 7.17e-02 5.35e-02 6.52e-03
1.30e+00 1.29e+00 3.46e-02 1.29e+00 3.49e-02 1.45e-01 8.20e-01 1.28e-01 5.03e-02 2.91e-02 3.93e-03
1.29e+00 1.67e+00 6.31e-03 1.67e+00 7.79e-03 0.00e+00 0.00e+00 2.01e-06 1.91e-06 1.91e-06 1.21e-07
1.28e+00 1.55e+00 7.67e-03 1.55e+00 7.87e-03 1.29e-294 1.29e-294 3.64e-05 2.48e-05 1.21e-05 1.46e-06
1.26e+00 1.15e+00 2.75e-02 1.14e+00 2.87e-02 1.01e-09 5.41e-01 8.44e-02 4.40e-02 3.17e-02 4.09e-03
1.26e+00 1.32e+00 1.49e-02 1.31e+00 1.62e-02 1.59e-04 1.69e-04 2.13e-01 1.23e-01 5.99e-02 8.55e-03
1.30e+00 1.70e+00 9.00e-03 1.70e+00 9.46e-03 0.00e+00 3.18e-240 9.24e-07 4.27e-07 4.27e-07 4.64e-08
1.27e+00 1.56e+00 2.67e-02 1.56e+00 2.70e-02 3.46e-39 3.51e-39 4.34e-05 1.98e-05 1.17e-05 1.90e-06
1.27e+00 1.38e+00 6.14e-03 1.38e+00 6.47e-03 1.28e-66 1.28e-66 1.18e-03 5.94e-04 5.94e-04 2.02e-04
1.30e+00 1.06e+00 4.36e-02 1.05e+00 4.55e-02 2.07e-04 1.79e+01 2.10e+00 1.05e+00 5.93e-01 4.74e-02
1.27e+00 1.36e+00 1.22e-02 1.36e+00 1.27e-02 1.25e-17 1.25e-17 2.12e-03 1.08e-03 1.08e-03 2.19e-04
1.28e+00 1.28e+00 5.04e-02 1.28e+00 5.06e-02 1.54e-01 8.46e-01 1.26e-01 5.30e-02 2.85e-02 3.96e-03
1.31e+00 1.34e+00 4.18e-02 1.33e+00 4.42e-02 2.23e-02 4.78e-02 2.68e-02 1.12e-02 4.46e-03 1.07e-03
1.27e+00 1.01e+00 2.21e-02 1.01e+00 2.22e-02 8.98e-09 1.73e+01 3.66e+00 1.64e+00 1.02e+00 1.04e-01
1.30e+00 1.26e+00 7.25e-02 1.24e+00 7.50e-02 4.51e-02 5.87e-01 4.30e-02 1.99e-02 1.25e-02 1.42e-03
1.28e+00 1.19e+00 5.59e-02 1.18e+00 5.76e-02 9.96e-02 3.13e+00 2.25e-01 8.26e-02 4.66e-02 6.66e-03
1.27e+00 1.45e+00 1.17e-02 1.46e+00 1.28e-02 2.27e-35 2.29e-35 3.30e-04 1.56e-04 1.33e-04 2.32e-05
1.26e+00 1.27e+00 9.90e-03 1.27e+00 1.00e-02 3.30e-01 5.42e-01 3.94e-01 2.06e-01 2.06e-01 3.56e-02
1.28e+00 1.59e+00 1.60e-02 1.59e+00 1.65e-02 9.20e-134 3.05e-110 1.15e-05 4.25e-06 3.62e-06 9.51e-07
1.30e+00 1.32e+00 4.70e-02 1.33e+00 4.77e-02 2.17e-02 1.04e-01 2.67e-02 9.29e-03 5.70e-03 8.15e-04
1.26e+00 1.22e+00 1.26e-01 1.29e+00 1.42e-01 1.81e-01 1.67e+00 1.76e-01 5.11e-02 3.32e-02 5.11e-03
1.27e+00 1.19e+00 6.73e-02 1.24e+00 8.41e-02 1.18e-01 2.59e+00 1.19e-01 6.52e-02 4.77e-02 6.37e-03
1.29e+00 1.28e+00 1.98e-01 1.46e+00 2.65e-01 2.78e-06 1.18e-01 1.24e-02 5.83e-03 3.38e-03 4.22e-04
1.31e+00 1.66e+00 3.73e-02 1.66e+00 3.74e-02 1.09e-28 3.54e-17 1.37e-05 5.87e-06 4.03e-06 5.25e-07
1.28e+00 1.26e+00 2.32e-02 1.26e+00 2.32e-02 4.12e-01 2.63e+00 4.68e-01 2.05e-01 1.23e-01 1.91e-02
1.29e+00 1.46e+00 5.72e-03 1.46e+00 7.07e-03 2.13e-124 2.13e-124 2.51e-04 1.54e-04 1.54e-04 1.39e-05
1.27e+00 1.27e+00 1.57e-02 1.27e+00 1.57e-02 4.70e-01 1.17e+00 4.17e-01 2.25e-01 1.87e-01 1.92e-02
1.27e+00 1.38e+00 6.36e-02 1.33e+00 8.00e-02 2.97e-04 4.53e-04 3.30e-03 1.46e-03 8.20e-04 1.44e-04
1.28e+00 1.12e+00 6.14e-02 1.09e+00 6.90e-02 3.48e-02 1.48e+01 9.01e-01 3.65e-01 2.83e-01 3.78e-02
1.31e+00 1.37e+00 1.29e-01 1.43e+00 1.45e-01 3.23e-05 6.93e-02 2.48e-02 9.45e-03 4.42e-03 6.09e-04
1.29e+00 1.25e+00 5.75e-02 1.28e+00 6.38e-02 8.09e-02 8.17e-01 5.89e-02 2.82e-02 1.47e-02 2.53e-03
1.29e+00 1.64e+00 1.70e-02 1.64e+00 1.70e-02 4.87e-111 2.29e-71 3.46e-06 1.69e-06 7.89e-07 2.33e-07
1.31e+00 1.62e+00 5.75e-03 1.62e+00 7.21e-03 0.00e+00 0.00e+00 6.89e-06 5.51e-06 5.51e-06 3.46e-07
1.30e+00 1.67e+00 1.49e-02 1.67e+00 1.50e-02 3.08e-144 3.33e-80 1.57e-06 8.15e-07 6.90e-07 6.65e-08
1.27e+00 1.33e+00 1.92e-02 1.33e+00 1.92e-02 2.17e-03 2.51e-03 1.50e-01 6.61e-02 5.10e-02 6.61e-03
1.31e+00 1.22e+00 3.83e-02 1.22e+00 3.83e-02 1.29e-02 3.32e+00 3.35e-01 1.56e-01 1.02e-01 7.70e-03
1.31e+00 1.32e+00 7.29e-02 1.31e+00 7.32e-02 6.66e-02 4.37e-01 5.47e-02 2.21e-02 1.24e-02 1.34e-03
1.26e+00 1.05e+00 1.79e-02 1.05e+00 1.79e-02 1.04e-05 1.16e+01 2.57e+00 1.23e+00 6.09e-01 8.70e-02
1.26e+00 1.12e+00 2.11e-02 1.12e+00 2.11e-02 8.19e-09 1.91e+01 3.25e+00 1.27e+00 1.25e+00 9.19e-02
1.30e+00 1.28e+00 5.68e-02 1.31e+00 6.60e-02 5.26e-02 4.71e-01 4.08e-02 1.93e-02 1.31e-02 1.63e-03
1.28e+00 1.64e+00 9.15e-03 1.64e+00 9.61e-03 1.74e-321 1.13e-204 3.58e-06 3.36e-06 1.47e-06 2.34e-07
1.31e+00 1.56e+00 1.02e-02 1.56e+00 1.06e-02 5.13e-148 5.13e-148 2.90e-05 1.08e-05 6.70e-06 1.16e-06
1.26e+00 1.33e+00 5.36e-02 1.31e+00 5.75e-02 1.23e-03 1.77e-03 1.56e-02 7.48e-03 3.87e-03 5.16e-04
1.27e+00 1.73e+00 2.13e-02 1.72e+00 2.29e-02 9.63e-107 8.31e-46 5.11e-07 2.51e-07 1.27e-07 3.81e-08
1.28e+00 1.35e+00 1.43e-02 1.35e+00 1.46e-02 9.11e-10 9.12e-10 3.13e-02 1.79e-02 8.93e-03 3.37e-03
1.29e+00 1.54e+00 2.79e-01 1.58e+00 2.81e-01 1.30e-08 2.87e-05 4.13e-05 1.87e-05 9.11e-06 1.01e-06
1.31e+00 1.49e+00 1.07e-02 1.49e+00 1.15e-02 1.18e-34 1.19e-34 1.61e-04 6.53e-05 6.05e-05 8.07e-06
1.28e+00 1.20e+00 5.75e-02 1.19e+00 5.80e-02 1.29e-11 1.35e-02 3.05e-03 1.47e-03 1.36e-03 9.42e-05
1.25e+00 1.14e+00 4.16e-02 1.13e+00 4.19e-02 2.42e-02 8.93e+00 7.89e-01 3.30e-01 1.74e-01 3.21e-02
1.27e+00 1.44e+00 1.35e-02 1.44e+00 1.35e-02 1.90e-30 1.90e-30 4.13e-03 1.83e-03 1.56e-03 3.28e-04
1.29e+00 1.21e+00 2.83e-02 1.21e+00 2.83e-02 7.33e-03 2.75e+00 4.02e-01 2.10e-01 1.05e-01 8.74e-03
1.26e+00 1.07e+00 1.97e-02 1.07e+00 1.98e-02 3.59e-09 1.16e+01 2.09e+00 1.39e+00 6.95e-01 1.08e-01
1.28e+00 1.69e+00 3.32e-02 1.69e+00 3.32e-02 2.52e-39 2.49e-18 5.25e-06 2.28e-06 1.50e-06 2.39e-07
1.27e+00 1.55e+00 3.14e-02 1.56e+00 3.20e-02 4.38e-35 6.59e-31 7.31e-05 3.13e-05 1.68e-05 3.37e-06
1.28e+00 1.78e+00 5.82e-03 1.78e+00 5.91e-03 0.00e+00 0.00e+00 1.04e-07 1.04e-07 2.19e-08 3.12e-09
1.29e+00 1.28e+00 4.69e-02 1.26e+00 5.16e-02 5.20e-02 5.07e-01 5.33e-02 2.67e-02 1.28e-02 2.36e-03
1.31e+00 1.38e+00 3.12e-02 1.38e+00 3.13e-02 1.04e-03 2.53e-03 9.73e-03 4.47e-03 2.66e-03 2.42e-04
1.27e+00 1.45e+00 1.09e-02 1.45e+00 1.13e-02 1.30e-48 1.30e-48 1.91e-03 9.62e-04 5.87e-04 1.06e-04
1.27e+00 1.58e+00 2.38e-02 1.58e+00 2.39e-02 3.27e-51 3.41e-47 1.88e-05 7.73e-06 6.57e-06 8.48e-07
1.26e+00 1.11e+00 5.38e-02 1.08e+00 6.37e-02 1.32e-03 9.42e+00 1.58e+00 4.61e-01 2.18e-01 5.86e-02
1.27e+00 1.18e+00 7.24e-02 1.20e+00 7.47e-02 8.37e-02 3.08e+00 1.96e-01 6.62e-02 3.50e-02 6.24e-03
1.26e+00 1.46e+00 1.10e-02 1.46e+00 1.11e-02 1.73e-53 5.35e-37 1.70e-03 9.67e-04 3.77e-04 5.14e-05
1.28e+00 1.57e+00 6.60e-02 1.56e+00 6.75e-02 1.36e-11 3.61e-07 7.15e-05 3.06e-05 2.09e-05 3.71e-06
1.29e+00 1.52e+00 5.72e-02 1.46e+00 8.29e-02 8.01e-20 1.08e-19 1.24e-04 4.50e-05 4.36e-05 4.43e-06
1.27e+00 1.26e+00 5.86e-02 1.29e+00 6.51e-02 5.86e-02 5.60e-01 5.25e-02 2.52e-02 1.38e-02 1.73e-03
1.30e+00 1.18e+00 5.77e-02 1.21e+00 6.30e-02 3.37e-02 5.71e+00 3.59e-01 1.56e-01 7.49e-02 1.10e-02
1.27e+00 1.19e+00 4.06e-02 1.20e+00 4.21e-02 4.68e-02 4.88e+00 4.30e-01 2.10e-01 1.23e-01 1.31e-02
1.26e+00 1.31e+00 5.22e-03 1.31e+00 7.08e-03 2.75e-32 2.75e-32 3.77e-03 3.41e-03 3.41e-03 3.41e-03
1.28e+00 1.19e+00 7.28e-02 1.22e+00 7.72e-02 1.10e-01 2.71e+00 1.37e-01 6.28e-02 4.43e-02 5.54e-03
1.25e+00 1.57e+00 6.72e-02 1.56e+00 6.77e-02 1.06e-12 8.38e-07 9.89e-05 4.01e-05 2.38e-05 3.76e-06
1.28e+00 1.48e+00 5.23e-03 1.48e+00 6.37e-03 9.34e-218 9.34e-218 1.66e-04 1.05e-04 1.05e-04 1.05e-04
1.31e+00 1.27e+00 5.65e-02 1.31e+00 6.71e-02 5.59e-02 5.48e-01 4.13e-02 1.94e-02 1.18e-02 1.69e-03
1.29e+00 1.10e+00 6.59e-02 1.13e+00 7.17e-02 1.57e-03 8.93e+00 4.69e-01 2.54e-01 1.53e-01 2.14e-02
1.29e+00 1.31e+00 2.48e-02 1.31e+00 2.48e-02 2.21e-01 5.32e-01 2.41e-01 1.20e-01 6.07e-02 9.44e-03
1.26e+00 1.24e+00 4.56e-02 1.25e+00 4.65e-02 2.40e-01 1.85e+00 2.13e-01 8.05e-02 4.86e-02 6.39e-03
1.26e+00 1.65e+00 2.53e-01 1.69e+00 2.55e-01 2.58e-15 1.78e-06 4.25e-06 1.84e-06 1.05e-06 1.13e-07
1.28e+00 1.42e+00 1.24e-02 1.42e+00 1.25e-02 8.79e-35 9.01e-35 5.43e-04 4.62e-04 2.26e-04 3.23e-05
1.31e+00 1.29e+00 8.62e-03 1.29e+00 9.76e-03 3.67e-02 2.25e-01 1.10e-01 7.43e-02 2.53e-02 2.20e-03
1.28e+00 1.19e+00 4.83e-02 1.20e+00 4.88e-02 1.37e-02 2.07e+00 2.60e-01 1.09e-01 4.26e-02 5.88e-03
1.27e+00 1.24e+00 6.02e-02 1.22e+00 6.23e-02 6.94e-02 1.18e+00 8.11e-02 4.11e-02 2.14e-02 2.89e-03
1.30e+00 1.43e+00 7.82e-02 1.47e+00 8.95e-02 9.37e-04 2.60e-03 1.71e-03 6.75e-04 4.58e-04 6.03e-05
1.27e+00 1.13e+00 4.50e-02 1.10e+00 5.27e-02 3.39e-02 1.54e+01 1.39e+00 5.46e-01 3.27e-01 5.88e-02
1.27e+00 1.57e+00 8.59e-03 1.57e+00 8.96e-03 7.82e-312 7.82e-312 2.30e-05 9.95e-06 9.95e-06 3.59e-06
1.29e+00 1.37e+00 5.23e-02 1.38e+00 5.33e-02 3.07e-03 1.30e-02 1.05e-02 4.09e-03 2.61e-03 2.68e-04
1.28e+00 1.47e+00 5.67e-03 1.47e+00 6.22e-03 3.71e-169 3.71e-169 2.05e-04 9.78e-05 9.78e-05 1.96e-05
1.26e+00 1.25e+00 5.90e-02 1.24e+00 5.98e-02 8.45e-02 9.38e-01 9.13e-02 3.06e-02 1.73e-02 3.47e-03
1.32e+00 1.48e+00 1.09e-02 1.48e+00 1.09e-02 2.39e-39 2.40e-39 1.89e-04 1.19e-04 1.19e-04 7.60e-06
1.30e+00 1.24e+00 3.13e-02 1.24e+00 3.13e-02 2.31e-02 2.00e+00 2.43e-01 1.12e-01 6.01e-02 5.72e-03
1.26e+00 1.42e+00 1.59e-02 1.43e+00 1.69e-02 7.02e-26 7.02e-26 6.52e-03 4.86e-03 1.99e-03 2.21e-04
1.25e+00 1.32e+00 5.09e-03 1.32e+00 6.85e-03 3.30e-38 3.30e-38 3.40e-03 2.94e-03 2.94e-03 2.94e-03
1.29e+00 1.65e+00 1.74e-02 1.64e+00 2.25e-02 0.00e+00 0.00e+00 2.47e-06 1.56e-06 1.19e-06 1.19e-06
1.29e+00 1.66e+00 5.03e-03 1.66e+00 5.49e-03 0.00e+00 0.00e+00 2.60e-06 2.60e-06 9.40e-07 1.44e-07
1.29e+00 1.22e+00 2.54e-02 1.22e+00 2.57e-02 1.54e-02 1.85e+00 3.57e-01 1.25e-01 9.56e-02 9.76e-03
1.30e+00 1.69e+00 9.51e-03 1.69e+00 9.53e-03 0.00e+00 5.98e-200 1.20e-06 6.28e-07 6.28e-07 7.85e-08
1.27e+00 1.78e+00 5.00e-03 1.78e+00 5.06e-03 0.00e+00 0.00e+00 1.04e-07 1.04e-07 2.03e-08 9.89e-09
1.28e+00 1.61e+00 2.84e-02 1.62e+00 2.91e-02 4.79e-34 3.37e-27 1.37e-05 7.52e-06 4.25e-06 5.73e-07
1.26e+00 1.63e+00 1.80e-02 1.63e+00 1.82e-02 1.67e-90 2.44e-63 5.20e-06 2.73e-06 1.70e-06 2.23e-07
1.31e+00 1.29e+00 3.51e-02 1.28e+00 3.55e-02 7.65e-02 9.48e-01 1.47e-01 6.57e-02 2.37e-02 4.38e-03
1.30e+00 1.19e+00 1.03e-01 1.24e+00 1.15e-01 2.04e-01 6.76e+00 3.94e-01 1.26e-01 7.22e-02 1.03e-02
1.28e+00 1.23e+00 3.90e-02 1.23e+00 3.93e-02 5.83e-02 2.65e+00 2.96e-01 1.18e-01 6.00e-02 7.27e-03
1.26e+00 1.08e+00 1.44e-01 1.01e+00 1.62e-01 6.31e-03 4.50e+00 4.32e-01 1.32e-01 5.94e-02 8.09e-03
1.27e+00 1.54e+00 2.01e-01 1.56e+00 2.02e-01 3.03e-10 3.51e-05 1.03e-04 4.61e-05 2.79e-05 4.19e-06
1.27e+00 1.05e+00 2.97e-02 1.04e+00 3.30e-02 1.39e-04 1.83e+01 2.17e+00 1.35e+00 7.13e-01 6.73e-02
1.26e+00 1.41e+00 1.75e-02 1.41e+00 1.75e-02 2.08e-10 2.37e-04 2.99e-02 1.63e-02 1.39e-02 1.29e-03
1.28e+00 1.47e+00 4.56e-03 1.47e+00 4.94e-03 2.69e-202 2.69e-202 2.05e-04 2.05e-04 5.87e-05 7.20e-06
1.31e+00 1.35e+00 3.40e-02 1.35e+00 3.41e-02 9.98e-03 2.39e-02 1.91e-02 7.99e-03 5.06e-03 7.88e-04
1.28e+00 1.27e+00 5.56e-02 1.25e+00 5.83e-02 4.76e-02 6.52e-01 6.81e-02 2.33e-02 1.54e-02 2.20e-03
1.27e+00 1.18e+00 6.82e-02 1.20e+00 7.00e-02 1.55e-01 6.15e+00 3.09e-01 1.37e-01 7.48e-02 1.21e-02
1.27e+00 1.07e+00 3.49e-02 1.07e+00 3.52e-02 1.35e-04 1.34e+01 1.36e+00 5.79e-01 3.81e-01 3.96e-02
1.30e+00 1.36e+00 4.34e-02 1.37e+00 4.44e-02 4.18e-03 1.51e-02 1.41e-02 6.59e-03 3.21e-03 4.22e-04
1.27e+00 1.25e+00 3.99e-02 1.25e+00 3.99e-02 1.24e-01 9.44e-01 1.19e-01 5.80e-02 3.63e-02 2.79e-03
1.27e+00 1.14e+00 4.72e-02 1.12e+00 5.27e-02 8.89e-02 1.24e+01 9.27e-01 4.45e-01 2.35e-01 3.01e-02
1.30e+00 1.45e+00 1.45e-02 1.45e+00 1.45e-02 1.63e-12 1.74e-12 5.75e-04 2.59e-04 2.56e-04 2.33e-05
1.28e+00 1.63e+00 6.37e-03 1.63e+00 7.13e-03 0.00e+00 0.00e+00 5.50e-06 3.73e-06 3.73e-06 8.02e-07
1.27e+00 1.14e+00 6.64e-02 1.10e+00 7.73e-02 9.53e-02 1.09e+01 5.10e-01 2.63e-01 1.73e-01 1.93e-02
1.27e+00 1.78e+00 7.81e-03 1.78e+00 8.73e-03 0.00e+00 1.35e-295 1.04e-07 4.48e-08 4.48e-08 3.12e-09
1.28e+00 1.11e+00 4.97e-02 1.10e+00 5.18e-02 1.76e-02 1.48e+01 1.04e+00 4.01e-01 3.01e-01 4.01e-02
1.27e+00 1.07e+00 4.00e-02 1.05e+00 4.36e-02 2.71e-03 1.81e+01 2.24e+00 8.28e-01 3.82e-01 5.09e-02
1.27e+00 1.39e+00 4.96e-03 1.39e+00 6.16e-03 2.27e-137 2.27e-137 9.83e-04 5.68e-04 5.68e-04 5.68e-04
1.26e+00 1.28e+00 8.10e-03 1.28e+00 8.75e-03 7.03e-03 7.50e-03 8.91e-02 6.09e-02 2.46e-02 1.25e-02
1.29e+00 1.20e+00 1.34e-01 1.29e+00 1.61e-01 2.53e-01 3.18e+00 1.70e-01 5.64e-02 3.46e-02 5.12e-03
1.26e+00 1.68e+00 2.17e-02 1.68e+00 2.18e-02 2.43e-87 4.66e-39 1.66e-06 8.54e-07 4.42e-07 6.17e-08
1.32e+00 1.47e+00 4.10e-03 1.47e+00 4.40e-03 3.30e-109 3.30e-109 2.05e-04 2.05e-04 2.05e-04 4.53e-05
1.30e+00 1.62e+00 5.74e-03 1.62e+00 5.86e-03 0.00e+00 0.00e+00 7.03e-06 7.03e-06 2.29e-06 1.09e-06
1.27e+00 1.25e+00 1.78e-01 1.13e+00 2.13e-01 3.92e-07 2.61e-02 2.48e-03 9.29e-04 5.54e-04 9.78e-05
1.29e+00 1.49e+00 9.81e-03 1.49e+00 1.08e-02 6.37e-89 6.37e-89 1.35e-04 3.87e-05 3.47e-05 8.16e-06
1.29e+00 1.56e+00 5.98e-03 1.56e+00 5.98e-03 2.96e-323 2.96e-323 2.90e-05 2.90e-05 6.55e-06 6.26e-06
1.30e+00 1.34e+00 1.33e-02 1.34e+00 1.34e-02 9.94e-05 1.02e-04 4.05e-02 2.10e-02 2.10e-02 3.28e-03
1.30e+00 1.02e+00 7.00e-02 9.90e-01 7.51e-02 1.15e-03 3.07e+01 1.44e+00 6.64e-01 4.55e-01 4.55e-02
1.31e+00 1.41e+00 1.37e-02 1.41e+00 1.45e-02 5.52e-13 9.40e-13 9.80e-04 5.69e-04 2.13e-04 3.96e-05
1.30e+00 1.73e+00 3.65e-02 1.72e+00 3.73e-02 1.54e-33 2.89e-16 2.84e-06 1.20e-06 7.71e-07 8.57e-08
1.31e+00 1.36e+00 2.25e-02 1.36e+00 2.28e-02 1.34e-02 1.83e-02 1.00e-01 3.94e-02 3.52e-02 4.18e-03
1.28e+00 1.09e+00 1.25e-01 1.01e+00 1.47e-01 2.10e-02 6.24e+00 5.32e-01 1.30e-01 8.87e-02 1.36e-02
1.28e+00 1.44e+00 5.46e-03 1.44e+00 7.14e-03 1.44e-154 1.44e-154 3.28e-04 3.08e-04 3.08e-04 3.08e-04
1.27e+00 1.18e+00 5.53e-02 1.21e+00 6.35e-02 1.26e-01 5.74e+00 3.72e-01 1.60e-01 9.84e-02 1.28e-02
1.27e+00 1.41e+00 4.96e-02 1.42e+00 5.03e-02 3.09e-04 7.93e-04 4.41e-03 1.79e-03 1.10e-03 1.38e-04
1.32e+00 1.36e+00 5.31e-02 1.40e+00 6.40e-02 5.14e-03 2.59e-02 6.34e-03 3.32e-03 2.03e-03 2.49e-04
1.30e+00 1.35e+00 2.54e-02 1.35e+00 2.54e-02 2.42e-05 1.60e-03 7.04e-03 3.01e-03 2.07e-03 1.95e-04
1.25e+00 1.06e+00 3.02e-02 1.07e+00 3.08e-02 1.06e-04 1.62e+01 1.89e+00 9.74e-01 5.84e-01 7.57e-02
1.26e+00 1.24e+00 4.15e-02 1.25e+00 4.36e-02 2.49e-01 1.87e+00 2.08e-01 9.57e-02 4.98e-02 6.55e-03
1.31e+00 1.16e+00 7.31e-02 1.20e+00 8.28e-02 3.32e-02 5.19e+00 2.47e-01 1.12e-01 7.19e-02 8.77e-03
1.27e+00 1.57e+00 4.55e-02 1.56e+00 4.59e-02 7.52e-16 9.86e-12 1.34e-04 6.58e-05 3.34e-05 6.31e-06
1.26e+00 1.16e+00 1.37e-01 1.04e+00 1.86e-01 1.03e-01 3.24e+00 2.66e-01 1.06e-01 5.50e-02 7.59e-03
1.26e+00 1.30e+00 7.37e-03 1.30e+00 7.45e-03 7.91e-09 7.91e-09 4.78e-03 2.52e-03 1.78e-03 1.92e-04
1.29e+00 1.30e+00 5.06e-02 1.32e+00 5.36e-02 1.65e-02 1.22e-01 2.38e-02 9.78e-03 7.09e-03 1.01e-03
1.30e+00 1.28e+00 4.92e-02 1.26e+00 5.48e-02 3.35e-02 4.86e-01 5.21e-02 2.20e-02 1.35e-02 1.69e-03
1.29e+00 1.25e+00 4.93e-02 1.25e+00 4.94e-02 1.17e-01 2.32e+00 1.90e-01 8.45e-02 4.23e-02 6.04e-03
1.31e+00 1.34e+00 3.85e-02 1.36e+00 4.21e-02 5.21e-04 1.20e-02 9.51e-03 4.14e-03 2.35e-03 2.80e-04
1.31e+00 1.29e+00 4.83e-02 1.27e+00 5.41e-02 4.27e-02 3.84e-01 4.00e-02 1.73e-02 1.22e-02 1.40e-03
1.31e+00 1.67e+00 1.33e-02 1.68e+00 1.44e-02 1.61e-165 1.98e-100 1.39e-06 8.07e-07 3.29e-07 5.48e-08
1.26e+00 1.35e+00 1.37e-02 1.35e+00 1.44e-02 5.05e-12 5.07e-12 2.88e-02 1.64e-02 6.73e-03 1.49e-03
1.28e+00 1.28e+00 5.33e-02 1.31e+00 5.91e-02 3.59e-02 2.65e-01 3.75e-02 1.65e-02 1.08e-02 1.75e-03
1.28e+00 1.70e+00 1.88e-02 1.69e+00 1.97e-02 6.59e-112 2.65e-55 8.48e-07 5.15e-07 2.11e-07 6.10e-08
1.26e+00 1.07e+00 2.82e-02 1.07e+00 2.86e-02 7.08e-04 1.47e+01 1.75e+00 1.13e+00 4.88e-01 6.65e-02
1.27e+00 1.08e+00 2.07e-02 1.07e+00 2.17e-02 2.81e-05 1.22e+01 1.91e+00 1.15e+00 6.21e-01 1.11e-01
1.26e+00 1.15e+00 6.90e-02 1.10e+00 8.64e-02 1.32e-01 4.65e+00 2.22e-01 1.32e-01 7.75e-02 1.09e-02
1.29e+00 1.25e+00 3.35e-02 1.25e+00 3.35e-02 1.00e-01 1.82e+00 2.07e-01 8.92e-02 5.27e-02 5.40e-03
1.26e+00 1.54e+00 1.19e-02 1.54e+00 1.23e-02 4.30e-36 1.09e-18 2.27e-04 1.60e-04 1.02e-04 2.29e-05
1.29e+00 1.26e+00 5.64e-02 1.25e+00 5.71e-02 1.03e-01 1.43e+00 1.17e-01 4.56e-02 2.96e-02 3.04e-03
1.28e+00 1.06e+00 2.39e-02 1.05e+00 2.49e-02 6.58e-06 1.58e+01 2.34e+00 9.54e-01 7.42e-01 1.06e-01
1.27e+00 1.07e+00 5.54e-02 1.04e+00 6.14e-02 8.18e-03 1.99e+01 1.66e+00 6.73e-01 3.57e-01 5.10e-02
1.27e+00 1.40e+00 6.30e-03 1.40e+00 7.93e-03 3.78e-96 3.78e-96 7.24e-04 6.77e-04 6.77e-04 5.46e-05
1.30e+00 1.31e+00 4.30e-02 1.34e+00 5.07e-02 1.58e-02 1.22e-01 1.81e-02 8.91e-03 7.55e-03 9.90e-04
1.28e+00 1.42e+00 1.54e-02 1.42e+00 1.55e-02 2.85e-18 2.85e-18 6.81e-03 3.56e-03 3.10e-03 2.88e-04
1.27e+00 1.62e+00 2.76e-02 1.62e+00 2.79e-02 5.85e-43 2.48e-31 1.19e-05 6.16e-06 3.91e-06 3.75e-07
1.28e+00 1.42e+00 1.30e-02 1.42e+00 1.32e-02 2.12e-29 2.23e-29 6.63e-04 3.27e-04 1.81e-04 3.85e-05
1.32e+00 1.69e+00 3.66e-02 1.69e+00 3.66e-02 2.86e-28 6.01e-15 6.83e-06 2.84e-06 1.82e-06 2.12e-07
1.29e+00 1.53e+00 1.62e-02 1.53e+00 1.63e-02 2.09e-26 3.42e-09 7.28e-04 3.35e-04 1.76e-04 3.27e-05
1.26e+00 1.12e+00 3.93e-02 1.11e+00 4.04e-02 1.46e-02 1.26e+01 1.14e+00 4.65e-01 2.61e-01 3.52e-02
1.27e+00 1.58e+00 2.52e-02 1.58e+00 2.53e-02 3.75e-48 1.86e-41 2.49e-05 1.47e-05 7.77e-06 9.51e-07
1.31e+00 1.61e+00 8.87e-03 1.61e+00 8.91e-03 1.83e-290 3.39e-287 8.95e-06 4.27e-06 4.27e-06 7.20e-07
1.27e+00 1.61e+00 3.08e-02 1.61e+00 3.08e-02 6.84e-35 1.80e-24 2.16e-05 1.13e-05 6.63e-06 6.50e-07
1.28e+00 1.28e+00 5.23e-02 1.29e+00 5.27e-02 1.21e-01 6.90e-01 9.18e-02 3.75e-02 2.19e-02 2.50e-03
1.26e+00 1.62e+00 4.29e-02 1.62e+00 4.29e-02 3.43e-22 4.87e-13 3.60e-05 1.67e-05 1.13e-05 1.50e-06
1.27e+00 1.09e+00 1.07e-01 1.03e+00 1.24e-01 3.57e-03 5.14e+00 2.79e-01 1.19e-01 6.55e-02 6.14e-03
1.30e+00 1.55e+00 8.96e-03 1.55e+00 9.01e-03 2.38e-223 2.38e-223 3.64e-05 2.67e-05 1.70e-05 2.74e-06
1.29e+00 1.04e+00 6.34e-02 1.03e+00 6.50e-02 5.48e-05 1.53e+01 2.41e+00 8.46e-01 8.32e-01 4.46e-02
1.28e+00 1.28e+00 5.46e-02 1.26e+00 5.69e-02 8.80e-02 7.61e-01 7.84e-02 3.09e-02 1.86e-02 2.58e-03
1.26e+00 1.10e+00 6.04e-02 1.07e+00 6.93e-02 8.77e-02 9.99e+00 8.79e-01 2.65e-01 1.67e-01 2.46e-02
1.25e+00 1.09e+00 8.52e-02 1.05e+00 9.54e-02 3.44e-01 1.30e+01 1.45e+00 4.20e-01 2.33e-01 2.80e-02
1.26e+00 1.16e+00 4.67e-02 1.15e+00 4.76e-02 5.68e-02 7.83e+00 5.40e-01 2.57e-01 1.45e-01 1.81e-02
1.26e+00 1.19e+00 6.99e-02 1.22e+00 7.64e-02 1.31e-01 2.06e+00 1.58e-01 5.19e-02 3.94e-02 5.77e-03
1.28e+00 1.58e+00 3.17e-02 1.58e+00 3.17e-02 3.74e-28 2.85e-21 5.36e-05 2.65e-05 1.67e-05 2.44e-06
1.30e+00 1.34e+00 5.43e-02 1.32e+00 5.89e-02 1.72e-02 6.29e-02 1.37e-02 5.93e-03 4.01e-03 5.73e-04
1.28e+00 1.49e+00 5.57e-03 1.49e+00 6.77e-03 2.75e-195 2.75e-195 1.35e-04 8.82e-05 8.82e-05 4.07e-06
1.29e+00 1.50e+00 9.47e-03 1.50e+00 9.48e-03 2.19e-105 2.19e-105 1.09e-04 5.87e-05 5.87e-05 6.58e-06
1.29e+00 1.36e+00 4.27e-01 1.50e+00 4.48e-01 4.77e-06 1.04e-03 4.50e-04 1.72e-04 9.69e-05 1.56e-05
1.28e+00 1.77e+00 1.04e-02 1.77e+00 1.08e-02 0.00e+00 4.91e-294 1.05e-07 1.04e-07 5.96e-08 5.96e-08
1.26e+00 1.46e+00 1.11e-02 1.46e+00 1.14e-02 2.36e-55 1.14e-50 1.90e-03 9.64e-04 5.92e-04 9.55e-05
1.26e+00 1.14e+00 6.21e-02 1.09e+00 7.75e-02 1.81e-01 1.70e+01 9.32e-01 4.35e-01 3.15e-01 3.78e-02
1.27e+00 1.32e+00 1.21e-01 1.18e+00 1.83e-01 3.97e-09 9.72e-02 2.71e-02 1.58e-02 1.00e-02 1.23e-03
1.29e+00 1.11e+00 1.43e-01 1.00e+00 1.78e-01 2.43e-01 7.17e+00 4.55e-01 1.33e-01 7.23e-02 9.03e-03
1.26e+00 1.07e+00 1.52e-02 1.07e+00 1.53e-02 6.22e-13 8.80e+00 1.90e+00 1.04e+00 1.04e+00 1.00e-01
1.26e+00 1.17e+00 8.51e-02 1.20e+00 8.88e-02 1.48e-01 6.59e+00 2.98e-01 1.36e-01 7.20e-02 8.23e-03
1.26e+00 1.29e+00 4.58e-02 1.28e+00 4.77e-02 1.04e-01 3.31e-01 1.19e-01 5.42e-02 2.56e-02 3.01e-03
1.27e+00 1.28e+00 1.32e-02 1.28e+00 1.32e-02 1.74e-02 2.61e-02 2.95e-02 1.12e-02 9.47e-03 2.58e-03
1.25e+00 1.10e+00 1.11e-01 1.04e+00 1.25e-01 5.42e-03 6.74e+00 1.00e+00 4.05e-01 2.03e-01 1.90e-02
1.30e+00 1.12e+00 7.29e-01 7.00e-02 1.28e+00 3.21e-08 2.92e-04 3.09e-05 1.56e-05 8.12e-06 1.22e-06
1.30e+00 1.16e+00 7.51e-02 1.21e+00 9.02e-02 2.32e-02 4.04e+00 1.97e-01 9.70e-02 6.86e-02 7.76e-03
1.30e+00 1.70e+00 8.71e-03 1.71e+00 1.07e-02 0.00e+00 7.20e-265 7.09e-07 6.77e-07 2.71e-07 1.43e-07
1.30e+00 1.49e+00 5.77e-02 1.49e+00 5.77e-02 4.42e-05 1.21e-04 1.05e-03 4.41e-04 2.52e-04 2.80e-05
1.31e+00 1.28e+00 3.31e-02 1.28e+00 3.33e-02 1.09e-01 9.54e-01 1.31e-01 5.69e-02 3.10e-02 2.51e-03
1.30e+00 1.67e+00 4.03e-02 1.68e+00 4.16e-02 2.76e-27 1.07e-15 1.25e-05 4.31e-06 2.90e-06 3.53e-07
1.26e+00 1.55e+00 1.86e-02 1.55e+00 1.86e-02 3.05e-19 1.07e-06 3.14e-04 1.45e-04 1.14e-04 3.26e-05
1.29e+00 1.22e+00 4.25e-02 1.22e+00 4.26e-02 5.05e-02 3.16e+00 3.33e-01 1.27e-01 6.26e-02 1.01e-02
1.26e+00 1.06e+00 4.42e-02 1.05e+00 4.49e-02 9.93e-03 1.41e+01 1.71e+00 6.58e-01 3.56e-01 3.23e-02
1.28e+00 1.15e+00 6.46e-02 1.09e+00 8.77e-02 6.91e-02 1.06e+01 5.15e-01 2.91e-01 1.75e-01 2.59e-02
1.28e+00 1.21e+00 2.16e-02 1.22e+00 2.38e-02 1.77e-04 1.85e+00 3.70e-01 1.29e-01 1.08e-01 1.02e-02
1.29e+00 1.54e+00 1.47e-02 1.54e+00 1.49e-02 2.56e-26 1.01e-09 4.38e-04 2.36e-04 1.58e-04 1.94e-05
1.27e+00 1.47e+00 5.28e-03 1.47e+00 5.30e-03 1.47e-217 1.47e-217 2.05e-04 2.05e-04 4.63e-05 3.40e-05
1.26e+00 1.20e+00 5.73e-02 1.22e+00 6.23e-02 5.56e-03 6.65e-01 1.46e-01 7.77e-02 2.28e-02 3.92e-03
1.27e+00 1.06e+00 1.60e-02 1.06e+00 1.64e-02 5.77e-08 1.10e+01 2.58e+00 1.00e+00 1.00e+00 1.45e-01
1.31e+00 1.26e+00 2.05e-02 1.27e+00 2.20e-02 6.57e-03 8.53e-01 1.45e-01 7.45e-02 4.70e-02 5.32e-03
1.26e+00 1.15e+00 7.61e-02 1.22e+00 1.01e-01 7.68e-02 2.84e+00 1.78e-01 8.54e-02 5.15e-02 1.05e-02
1.28e+00 1.53e+00 4.86e-02 1.52e+00 4.92e-02 9.05e-10 5.87e-09 4.33e-04 2.11e-04 9.77e-05 1.85e-05
1.31e+00 1.04e+00 8.38e-02 1.02e+00 8.58e-02 6.70e-02 1.96e+01 1.39e+00 5.49e-01 3.26e-01 2.57e-02
1.31e+00 1.36e+00 5.48e-02 1.32e+00 6.63e-02 8.07e-03 2.66e-02 7.09e-03 3.61e-03 2.09e-03 3.48e-04
1.29e+00 1.29e+00 1.97e-02 1.29e+00 1.99e-02 3.30e-01 7.91e-01 3.26e-01 1.69e-01 8.07e-02 1.10e-02
1.27e+00 1.64e+00 2.22e-02 1.65e+00 2.32e-02 4.54e-56 4.30e-37 3.71e-06 2.20e-06 1.14e-06 1.64e-07
1.27e+00 1.32e+00 3.86e-02 1.31e+00 3.91e-02 4.13e-02 1.02e-01 8.18e-02 3.91e-02 2.08e-02 2.54e-03
1.26e+00 1.08e+00 2.82e-02 1.08e+00 2.86e-02 2.63e-04 1.32e+01 1.52e+00 7.62e-01 5.76e-01 6.50e-02
1.30e+00 1.44e+00 4.76e-02 1.45e+00 4.82e-02 9.89e-05 2.78e-04 2.96e-03 1.34e-03 6.81e-04 7.17e-05
1.26e+00 1.40e+00 1.68e-02 1.40e+00 1.72e-02 1.77e-20 1.77e-20 1.01e-02 4.54e-03 4.02e-03 3.95e-04
1.30e+00 1.32e+00 1.43e-01 1.47e+00 2.07e-01 2.49e-03 1.34e-01 1.13e-02 4.38e-03 2.92e-03 4.61e-04
1.26e+00 1.31e+00 6.81e-02 1.31e+00 6.83e-02 8.59e-02 3.54e-01 1.49e-01 6.04e-02 2.97e-02 2.79e-03
1.29e+00 1.27e+00 6.53e-02 1.25e+00 6.89e-02 3.84e-02 5.90e-01 4.52e-02 1.86e-02 1.14e-02 1.80e-03
1.31e+00 1.31e+00 2.42e-02 1.31e+00 2.42e-02 3.86e-02 1.12e-01 3.15e-02 1.38e-02 9.33e-03 7.78e-04
1.31e+00 1.65e+00 6.15e-03 1.65e+00 6.43e-03 0.00e+00 0.00e+00 3.35e-06 1.28e-06 1.28e-06 4.71e-07
1.26e+00 1.23e+00 6.11e-02 1.22e+00 6.20e-02 7.71e-02 1.06e+00 7.65e-02 3.38e-02 1.84e-02 3.48e-03
1.26e+00 1.26e+00 1.63e-01 1.05e+00 2.69e-01 1.20e-09 1.35e-01 6.55e-02 2.57e-02 2.44e-02 2.63e-03
1.31e+00 1.50e+00 4.84e-02 1.49e+00 4.91e-02 3.36e-06 7.69e-06 8.73e-04 3.53e-04 2.35e-04 2.80e-05
1.32e+00 1.65e+00 6.54e-03 1.65e+00 6.81e-03 0.00e+00 7.99e-307 3.35e-06 1.43e-06 1.43e-06 1.18e-07
1.31e+00 1.27e+00 6.42e-02 1.26e+00 6.56e-02 2.60e-02 5.97e-01 4.93e-02 1.59e-02 1.03e-02 1.56e-03
1.27e+00 1.58e+00 3.05e-02 1.58e+00 3.07e-02 2.61e-32 3.53e-31 5.28e-05 2.13e-05 1.20e-05 2.34e-06
1.31e+00 1.34e+00 1.84e-02 1.34e+00 1.84e-02 5.98e-03 8.66e-03 1.57e-02 9.34e-03 4.71e-03 6.23e-04
1.27e+00 1.03e+00 1.65e-02 1.03e+00 1.69e-02 1.12e-10 1.26e+01 2.71e+00 1.09e+00 8.27e-01 1.21e-01
1.27e+00 1.12e+00 5.93e-02 1.09e+00 6.77e-02 5.11e-02 1.70e+01 1.05e+00 5.17e-01 2.62e-01 4.37e-02
1.30e+00 1.27e+00 5.43e-02 1.29e+00 5.81e-02 6.04e-02 5.17e-01 4.65e-02 1.77e-02 9.80e-03 1.90e-03
1.27e+00 1.08e+00 5.42e-02 1.06e+00 5.82e-02 1.50e-02 1.55e+01 1.41e+00 5.48e-01 3.13e-01 3.48e-02
1.31e+00 1.63e+00 5.20e-02 1.64e+00 5.27e-02 6.86e-16 4.06e-09 2.25e-05 9.39e-06 6.69e-06 7.11e-07
1.30e+00 1.56e+00 6.86e-03 1.56e+00 7.60e-03 1.53e-284 1.53e-284 2.90e-05 1.54e-05 1.54e-05 2.33e-06
1.31e+00 1.72e+00 1.81e-02 1.72e+00 1.81e-02 2.25e-124 2.34e-61 5.98e-07 3.31e-07 1.65e-07 1.88e-08
1.31e+00 1.32e+00 4.14e-02 1.30e+00 4.42e-02 6.82e-02 3.59e-01 6.09e-02 2.13e-02 1.05e-02 2.24e-03
1.32e+00 1.43e+00 2.39e-02 1.43e+00 2.39e-02 6.84e-06 2.40e-05 2.13e-03 1.48e-03 7.74e-04 2.63e-04
1.31e+00 1.33e+00 1.40e-02 1.32e+00 1.55e-02 8.38e-02 1.08e-01 1.84e-01 1.09e-01 4.99e-02 1.47e-02
1.31e+00 1.26e+00 3.98e-02 1.26e+00 4.00e-02 6.47e-02 1.84e+00 1.76e-01 6.86e-02 4.75e-02 5.27e-03
1.31e+00 1.65e+00 4.91e-03 1.65e+00 4.93e-03 0.00e+00 0.00e+00 3.35e-06 3.35e-06 6.22e-07 4.03e-07
1.26e+00 1.04e+00 1.84e-02 1.04e+00 1.86e-02 2.45e-05 1.22e+01 2.58e+00 1.01e+00 7.91e-01 7.91e-02
1.30e+00 1.20e+00 4.96e-02 1.20e+00 4.97e-02 6.76e-02 5.38e+00 4.17e-01 1.66e-01 9.23e-02 1.06e-02
1.26e+00 1.04e+00 2.10e-02 1.04e+00 2.11e-02 7.52e-05 1.28e+01 2.59e+00 1.23e+00 8.17e-01 9.43e-02
1.26e+00 1.06e+00 1.70e-02 1.06e+00 1.70e-02 1.03e-09 1.12e+01 2.23e+00 1.40e+00 6.16e-01 1.13e-01
1.30e+00 1.40e+00 2.18e-02 1.40e+00 2.19e-02 6.55e-07 9.15e-07 5.56e-03 2.84e-03 1.44e-03 1.92e-04
1.26e+00 1.27e+00 8.96e-03 1.27e+00 9.12e-03 1.40e-01 1.62e-01 3.51e-01 2.56e-01 1.52e-01 2.29e-02
1.30e+00 1.24e+00 6.05e-02 1.24e+00 6.06e-02 7.45e-02 1.69e+00 1.13e-01 4.57e-02 2.59e-02 4.57e-03
1.30e+00 1.36e+00 5.04e-02 1.39e+00 5.87e-02 4.32e-03 1.60e-02 6.49e-03 2.42e-03 1.85e-03 4.03e-04
1.27e+00 1.07e+00 8.52e-02 1.04e+00 8.95e-02 7.06e-02 1.52e+01 1.52e+00 5.86e-01 2.73e-01 2.93e-02
1.27e+00 1.09e+00 6.21e-02 1.05e+00 7.37e-02 3.41e-02 1.50e+01 1.15e+00 3.89e-01 2.16e-01 2.88e-02
1.29e+00 1.31e+00 3.99e-02 1.32e+00 4.26e-02 1.00e-02 6.66e-02 2.64e-02 9.23e-03 5.16e-03 7.82e-04
1.29e+00 1.13e+00 1.36e-01 1.01e+00 1.82e-01 2.75e-01 7.39e+00 3.15e-01 1.18e-01 6.65e-02 1.11e-02
1.26e+00 1.07e+00 2.68e-02 1.07e+00 2.68e-02 3.51e-06 1.43e+01 1.72e+00 1.13e+00 6.19e-01 5.33e-02
1.26e+00 1.07e+00 1.76e-02 1.07e+00 1.82e-02 6.54e-13 9.69e+00 2.07e+00 8.48e-01 8.14e-01 6.79e-02
1.28e+00 1.24e+00 5.41e-02 1.20e+00 6.47e-02 6.58e-02 7.04e-01 5.60e-02 3.45e-02 1.72e-02 2.15e-03
1.27e+00 1.16e+00 4.99e-02 1.17e+00 5.19e-02 5.12e-02 9.90e+00 6.29e-01 3.02e-01 1.83e-01 2.88e-02
1.31e+00 1.32e+00 6.61e-02 1.33e+00 6.67e-02 2.59e-02 1.94e-01 2.12e-02 8.80e-03 5.28e-03 6.77e-04
1.27e+00 1.14e+00 1.10e-01 1.16e+00 1.12e-01 3.71e-02 4.23e+00 1.64e-01 6.76e-02 3.48e-02 5.12e-03
1.29e+00 1.29e+00 5.28e-02 1.27e+00 5.54e-02 7.97e-02 5.78e-01 6.16e-02 2.51e-02 1.74e-02 1.70e-03
1.30e+00 1.37e+00 1.39e-02 1.37e+00 1.47e-02 7.74e-09 7.81e-09 2.65e-03 1.64e-03 6.53e-04 1.25e-04
1.30e+00 1.41e+00 2.30e-02 1.41e+00 2.30e-02 4.41e-07 5.19e-07 3.99e-02 1.80e-02 1.02e-02 1.33e-03
1.29e+00 1.34e+00 6.15e-02 1.34e+00 6.16e-02 1.83e-02 9.08e-02 2.10e-02 8.23e-03 5.14e-03 6.43e-04
1.30e+00 1.52e+00 1.40e-02 1.52e+00 1.40e-02 1.79e-45 2.60e-19 5.75e-04 2.82e-04 2.58e-04 7.83e-05
1.27e+00 1.10e+00 3.34e-02 1.10e+00 3.37e-02 1.23e-04 1.27e+01 1.33e+00 6.60e-01 3.55e-01 5.78e-02
1.29e+00 1.23e+00 5.83e-02 1.26e+00 6.56e-02 6.42e-02 1.27e+00 9.63e-02 3.53e-02 2.15e-02 4.18e-03
1.29e+00 1.76e+00 9.58e-03 1.75e+00 1.26e-02 0.00e+00 1.94e-251 2.40e-07 1.73e-07 9.16e-08 1.08e-08
1.27e+00 1.58e+00 3.85e-02 1.57e+00 4.06e-02 5.85e-23 2.81e-16 1.05e-04 6.20e-05 3.23e-05 4.52e-06
1.29e+00 1.40e+00 5.47e-02 1.40e+00 5.48e-02 1.07e-03 4.80e-03 5.89e-03 2.54e-03 1.27e-03 1.92e-04
1.27e+00 1.12e+00 5.48e-02 1.08e+00 6.57e-02 2.27e-02 1.35e+01 1.40e+00 5.07e-01 2.66e-01 5.15e-02
1.26e+00 1.32e+00 2.98e-03 1.32e+00 3.02e-03 4.16e-40 4.16e-40 3.40e-03 3.40e-03 3.40e-03 2.73e-04
1.32e+00 1.31e+00 1.21e-02 1.31e+00 1.31e-02 5.29e-02 2.08e-01 7.78e-02 3.32e-02 3.09e-02 2.35e-03
1.30e+00 1.25e+00 4.61e-02 1.25e+00 4.62e-02 1.07e-01 2.35e+00 2.15e-01 8.90e-02 4.78e-02 5.31e-03
1.30e+00 1.35e+00 3.19e-02 1.36e+00 3.40e-02 1.51e-04 4.96e-03 7.76e-03 3.61e-03 1.98e-03 2.96e-04
1.31e+00 1.35e+00 4.23e-02 1.36e+00 4.30e-02 7.47e-03 2.50e-02 1.68e-02 6.96e-03 4.40e-03 6.14e-04
1.26e+00 1.43e+00 6.07e-03 1.43e+00 7.41e-03 4.83e-143 4.83e-143 4.49e-04 3.77e-04 3.77e-04 1.81e-05
1.32e+00 1.39e+00 6.50e-02 1.34e+00 8.42e-02 3.48e-03 1.33e-02 2.95e-03 1.70e-03 9.07e-04 1.32e-04
1.29e+00 1.54e+00 1.49e-02 1.54e+00 1.53e-02 2.16e-34 9.70e-15 5.45e-04 3.25e-04 1.76e-04 2.98e-05
1.27e+00 1.59e+00 2.55e-02 1.59e+00 2.56e-02 3.31e-45 5.22e-38 1.90e-05 1.25e-05 7.10e-06 7.35e-07
1.28e+00 1.20e+00 3.95e-02 1.21e+00 4.00e-02 4.49e-02 3.54e+00 4.11e-01 1.60e-01 7.40e-02 1.19e-02
1.30e+00 1.23e+00 6.01e-02 1.22e+00 6.16e-02 7.07e-02 1.50e+00 9.57e-02 3.81e-02 2.71e-02 3.23e-03
1.29e+00 1.25e+00 2.37e-02 1.26e+00 2.43e-02 6.15e-02 1.29e+00 2.06e-01 1.11e-01 6.50e-02 9.63e-03
1.28e+00 1.33e+00 8.67e-03 1.33e+00 8.67e-03 2.40e-09 2.40e-09 2.94e-03 1.56e-03 1.56e-03 1.62e-04
1.30e+00 1.36e+00 3.24e-02 1.36e+00 3.25e-02 1.46e-03 5.61e-03 1.30e-02 6.35e-03 3.65e-03 3.17e-04
1.26e+00 1.34e+00 7.35e-02 1.41e+00 9.95e-02 6.58e-03 2.56e-02 6.40e-03 3.00e-03 1.99e-03 2.43e-04
1.27e+00 1.11e+00 5.88e-02 1.08e+00 6.54e-02 4.33e-02 1.28e+01 9.18e-01 3.32e-01 2.15e-01 3.91e-02
1.31e+00 1.38e+00 1.68e-02 1.38e+00 1.68e-02 4.17e-07 5.27e-07 4.25e-03 2.20e-03 9.91e-04 2.66e-04
1.30e+00 1.41e+00 3.44e-02 1.41e+00 3.44e-02 1.13e-04 2.49e-04 4.95e-03 2.25e-03 1.30e-03 1.90e-04
1.30e+00 1.06e+00 2.78e-02 1.06e+00 2.82e-02 2.83e-04 1.30e+01 2.35e+00 1.45e+00 5.09e-01 1.44e-01
1.26e+00 1.13e+00 6.74e-02 1.08e+00 8.21e-02 5.61e-02 4.40e+00 3.70e-01 1.60e-01 9.11e-02 1.97e-02
1.29e+00 1.32e+00 2.20e-02 1.32e+00 2.21e-02 7.72e-02 1.19e-01 2.05e-01 9.47e-02 5.21e-02 1.07e-02
1.29e+00 1.37e+00 4.81e-02 1.38e+00 4.89e-02 2.17e-03 1.08e-02 9.47e-03 3.80e-03 2.35e-03 3.01e-04
1.30e+00 1.24e+00 3.05e-02 1.25e+00 3.11e-02 4.59e-02 1.89e+00 2.15e-01 1.19e-01 5.01e-02 8.13e-03
1.29e+00 1.54e+00 1.40e-02 1.54e+00 1.40e-02 1.67e-115 1.67e-115 3.64e-05 2.05e-05 1.73e-05 3.64e-06
1.27e+00 1.38e+00 1.51e-02 1.38e+00 1.51e-02 1.42e-15 1.43e-15 3.81e-03 1.72e-03 1.68e-03 2.13e-04
1.31e+00 1.29e+00 1.75e-01 1.45e+00 2.39e-01 6.98e-05 1.54e-01 1.44e-02 6.19e-03 3.52e-03 4.27e-04
1.29e+00 1.22e+00 2.22e-02 1.22e+00 2.25e-02 6.51e-03 1.77e+00 3.32e-01 1.76e-01 6.96e-02 1.43e-02
1.26e+00 1.55e+00 5.86e-02 1.53e+00 6.12e-02 2.25e-10 9.20e-07 2.28e-04 9.38e-05 4.90e-05 8.40e-06
1.30e+00 1.51e+00 1.53e-02 1.51e+00 1.53e-02 1.47e-34 8.65e-21 1.14e-03 6.07e-04 5.00e-04 6.00e-05
1.28e+00 1.27e+00 5.02e-02 1.27e+00 5.03e-02 1.76e-01 1.42e+00 1.52e-01 6.26e-02 3.37e-02 3.85e-03
1.27e+00 1.06e+00 7.39e-02 1.04e+00 7.63e-02 1.99e-04 1.17e+01 2.43e+00 1.14e+00 5.76e-01 6.40e-02
1.31e+00 1.61e+00 1.05e-02 1.61e+00 1.07e-02 5.06e-216 1.12e-207 7.90e-06 4.09e-06 1.87e-06 1.03e-06
1.29e+00 1.15e+00 7.41e-02 1.08e+00 9.94e-02 8.35e-02 7.64e+00 3.19e-01 1.54e-01 9.82e-02 1.40e-02
1.29e+00 1.51e+00 1.12e-02 1.51e+00 1.12e-02 7.49e-134 7.49e-134 8.80e-05 6.10e-05 1.77e-05 4.42e-06
1.26e+00 1.33e+00 5.59e-03 1.33e+00 6.77e-03 3.69e-36 3.69e-36 2.87e-03 2.13e-03 2.13e-03 1.87e-04
1.29e+00 1.38e+00 1.50e-02 1.38e+00 1.56e-02 8.97e-10 9.10e-10 2.90e-03 1.79e-03 9.02e-04 2.13e-04
1.29e+00 1.26e+00 4.11e-02 1.25e+00 4.18e-02 5.31e-02 1.15e+00 1.38e-01 4.27e-02 2.73e-02 4.27e-03
1.31e+00 1.36e+00 5.99e-02 1.40e+00 7.19e-02 7.83e-03 3.99e-02 7.03e-03 3.78e-03 1.89e-03 2.64e-04
1.26e+00 1.55e+00 4.67e-02 1.55e+00 4.69e-02 4.94e-14 2.39e-13 2.07e-04 1.06e-04 5.78e-05 7.88e-06
1.25e+00 1.12e+00 3.32e-02 1.11e+00 3.46e-02 2.35e-03 1.05e+01 1.16e+00 5.25e-01 2.43e-01 5.25e-02
1.29e+00 1.27e+00 5.17e-02 1.26e+00 5.26e-02 1.56e-01 1.52e+00 1.52e-01 6.18e-02 3.63e-02 3.92e-03
1.26e+00 1.36e+00 5.66e-03 1.36e+00 6.98e-03 1.30e-88 1.30e-88 1.66e-02 1.25e-02 1.25e-02 9.16e-04
1.27e+00 1.12e+00 6.04e-02 1.09e+00 6.54e-02 5.45e-02 1.51e+01 8.41e-01 3.95e-01 2.06e-01 2.78e-02
1.30e+00 1.67e+00 4.84e-02 1.68e+00 4.87e-02 2.35e-18 2.28e-10 9.32e-06 3.97e-06 2.10e-06 3.31e-07
1.27e+00 1.22e+00 5.01e-02 1.22e+00 5.01e-02 5.06e-02 1.36e+00 1.44e-01 4.96e-02 3.19e-02 3.54e-03
1.29e+00 1.33e+00 5.54e-02 1.34e+00 5.62e-02 1.04e-02 6.41e-02 2.00e-02 7.58e-03 4.33e-03 8.43e-04
1.30e+00 1.29e+00 1.37e-02 1.29e+00 1.37e-02 1.66e-01 1.05e+00 2.56e-01 1.15e-01 1.01e-01 2.66e-02
1.30e+00 1.58e+00 1.01e-02 1.58e+00 1.07e-02 1.49e-248 1.49e-248 1.82e-05 9.35e-06 6.33e-06 1.38e-06
1.26e+00 1.42e+00 3.36e-02 1.42e+00 3.37e-02 6.72e-09 9.87e-04 2.87e-02 1.78e-02 8.23e-03 6.72e-04
1.27e+00 1.14e+00 3.25e-02 1.14e+00 3.27e-02 1.72e-03 8.69e+00 9.01e-01 3.97e-01 2.63e-01 4.29e-02
1.30e+00 1.13e+00 7.07e-02 1.18e+00 8.67e-02 8.76e-03 4.93e+00 2.99e-01 1.19e-01 6.22e-02 1.17e-02
1.27e+00 1.79e+00 5.83e-03 1.79e+00 6.70e-03 0.00e+00 0.00e+00 7.79e-08 5.36e-08 5.36e-08 7.05e-09
1.28e+00 1.52e+00 4.36e-02 1.53e+00 4.40e-02 5.09e-20 3.58e-05 8.11e-04 3.51e-04 2.02e-04 2.63e-05
1.26e+00 1.24e+00 7.62e-02 1.25e+00 7.65e-02 1.01e-01 1.21e+00 8.15e-02 3.26e-02 1.94e-02 2.63e-03
1.26e+00 1.10e+00 6.16e-02 1.06e+00 7.18e-02 1.51e-02 7.92e+00 7.20e-01 2.50e-01 1.21e-01 1.67e-02
1.29e+00 1.25e+00 5.69e-02 1.29e+00 6.76e-02 7.31e-02 7.22e-01 5.61e-02 2.36e-02 1.33e-02 2.22e-03
1.31e+00 1.56e+00 1.32e-02 1.56e+00 1.33e-02 3.46e-102 3.46e-102 2.90e-05 8.45e-06 7.72e-06 2.18e-06
1.27e+00 1.20e+00 2.99e-02 1.21e+00 3.14e-02 4.58e-02 8.46e+00 1.02e+00 4.88e-01 2.67e-01 5.23e-02
1.28e+00 1.69e+00 2.01e-02 1.69e+00 2.04e-02 3.15e-97 1.20e-42 1.08e-06 5.55e-07 3.10e-07 3.23e-08
1.30e+00 1.69e+00 1.05e-02 1.69e+00 1.16e-02 2.76e-318 2.62e-173 1.14e-06 4.68e-07 4.56e-07 4.56e-08
1.28e+00 1.16e+00 6.83e-02 1.11e+00 8.56e-02 5.93e-02 3.99e+00 1.81e-01 9.98e-02 6.86e-02 1.37e-02
1.27e+00 1.08e+00 3.93e-02 1.07e+00 3.98e-02 2.38e-03 1.71e+01 1.77e+00 7.93e-01 5.06e-01 5.50e-02
1.29e+00 1.50e+00 1.58e-02 1.49e+00 2.00e-02 5.76e-170 5.76e-170 1.35e-04 4.27e-05 4.27e-05 4.07e-06
1.27e+00 1.39e+00 1.25e-02 1.39e+00 1.26e-02 7.84e-23 8.49e-23 1.70e-03 1.03e-03 5.20e-04 7.67e-05
1.29e+00 1.21e+00 7.14e-02 1.23e+00 7.34e-02 1.54e-01 3.80e+00 2.11e-01 8.42e-02 4.85e-02 8.56e-03
1.28e+00 1.20e+00 3.57e-02 1.20e+00 3.58e-02 2.41e-02 4.09e+00 3.81e-01 1.64e-01 1.17e-01 9.53e-03
1.30e+00 1.38e+00 2.35e-02 1.39e+00 2.42e-02 5.82e-05 4.44e-04 6.19e-03 3.43e-03 1.80e-03 2.79e-04
1.30e+00 1.34e+00 1.26e-01 1.26e+00 1.51e-01 1.66e-03 5.94e-02 9.57e-03 3.15e-03 2.29e-03 2.87e-04
1.28e+00 1.23e+00 5.29e-02 1.25e+00 5.50e-02 1.52e-01 2.40e+00 1.76e-01 7.87e-02 4.43e-02 5.54e-03
1.26e+00 1.04e+00 4.40e-02 1.02e+00 4.87e-02 5.70e-03 2.40e+01 2.12e+00 9.87e-01 6.58e-01 8.59e-02
1.27e+00 1.61e+00 5.69e-02 1.61e+00 5.69e-02 6.68e-14 8.19e-08 3.79e-05 1.65e-05 9.90e-06 1.89e-06
1.30e+00 1.67e+00 5.04e-02 1.68e+00 5.18e-02 2.35e-20 5.94e-09 9.62e-06 4.19e-06 2.56e-06 3.75e-07
1.29e+00 1.20e+00 4.85e-02 1.22e+00 5.29e-02 3.86e-02 4.50e+00 3.26e-01 1.23e-01 7.15e-02 1.19e-02
1.28e+00 1.14e+00 3.78e-02 1.11e+00 4.86e-02 3.94e-06 8.62e+00 8.65e-01 3.90e-01 2.57e-01 8.08e-02
1.26e+00 1.70e+00 2.06e-02 1.70e+00 2.07e-02 9.30e-103 4.18e-45 9.33e-07 3.93e-07 3.06e-07 4.59e-08
1.27e+00 1.09e+00 5.70e-02 1.06e+00 6.61e-02 3.43e-02 1.12e+01 1.25e+00 4.71e-01 2.42e-01 2.85e-02
1.31e+00 1.25e+00 5.80e-02 1.24e+00 5.96e-02 1.96e-02 9.88e-01 8.74e-02 3.32e-02 1.50e-02 2.68e-03
1.27e+00 1.12e+00 3.92e-02 1.10e+00 4.59e-02 2.88e-04 1.22e+01 1.46e+00 4.68e-01 3.34e-01 5.85e-02
1.31e+00 1.39e+00 2.95e-02 1.39e+00 2.96e-02 2.28e-04 5.93e-04 7.87e-03 3.56e-03 2.51e-03 3.01e-04
1.28e+00 1.22e+00 6.27e-02 1.24e+00 6.66e-02 7.01e-02 2.74e+00 2.61e-01 8.35e-02 3.95e-02 4.56e-03
1.31e+00 1.35e+00 2.16e-02 1.35e+00 2.16e-02 2.11e-02 2.96e-02 1.18e-01 5.45e-02 2.53e-02 3.99e-03
1.26e+00 1.37e+00 1.49e-02 1.37e+00 1.54e-02 1.11e-13 1.12e-13 2.17e-02 1.34e-02 5.39e-03 1.24e-03
1.28e+00 1.48e+00 1.10e-02 1.48e+00 1.11e-02 2.09e-52 2.09e-52 2.13e-04 1.22e-04 4.71e-05 7.50e-06
1.27e+00 1.09e+00 7.59e-02 1.06e+00 8.04e-02 5.87e-03 1.48e+01 1.46e+00 5.44e-01 3.13e-01 2.76e-02
1.30e+00 1.19e+00 4.58e-02 1.19e+00 4.59e-02 4.70e-02 5.76e+00 4.92e-01 2.01e-01 1.11e-01 1.17e-02
1.31e+00 1.70e+00 1.06e-02 1.70e+00 1.09e-02 0.00e+00 3.19e-174 7.11e-07 4.80e-07 2.31e-07 9.84e-08
1.26e+00 1.39e+00 1.53e-02 1.39e+00 1.56e-02 4.24e-14 1.15e-07 5.28e-02 3.26e-02 1.79e-02 3.12e-03
1.30e+00 1.67e+00 1.05e-02 1.68e+00 1.20e-02 8.56e-275 4.67e-172 1.56e-06 6.65e-07 4.93e-07 6.26e-08
1.26e+00 1.45e+00 1.36e-02 1.45e+00 1.43e-02 1.62e-30 1.22e-26 4.17e-03 2.23e-03 8.92e-04 2.01e-04
1.31e+00 1.32e+00 6.22e-02 1.28e+00 7.67e-02 1.12e-02 1.15e-01 1.32e-02 5.20e-03 3.58e-03 5.97e-04
1.26e+00 1.06e+00 2.78e-02 1.06e+00 2.79e-02 1.47e-05 1.59e+01 1.91e+00 1.25e+00 6.55e-01 9.71e-02
1.26e+00 1.08e+00 2.46e-02 1.08e+00 2.46e-02 1.25e-05 8.25e+00 1.73e+00 8.04e-01 5.06e-01 1.19e-01
1.29e+00 1.31e+00 6.20e-02 1.34e+00 6.69e-02 2.15e-02 1.58e-01 2.03e-02 9.90e-03 5.07e-03 9.66e-04
1.29e+00 1.27e+00 4.11e-02 1.27e+00 4.13e-02 1.55e-01 1.23e+00 1.41e-01 5.71e-02 3.87e-02 4.60e-03
1.29e+00 1.24e+00 4.58e-02 1.25e+00 4.64e-02 8.32e-02 1.13e+00 1.05e-01 5.10e-02 3.29e-02 3.23e-03
1.27e+00 1.19e+00 1.67e-02 1.19e+00 1.69e-02 4.77e-05 5.66e+00 1.21e+00 5.60e-01 3.38e-01 6.22e-02
1.30e+00 1.69e+00 9.99e-03 1.68e+00 1.15e-02 6.02e-286 1.85e-160 1.24e-06 4.29e-07 3.36e-07 5.59e-08
1.31e+00 1.20e+00 7.86e-02 1.23e+00 8.39e-02 1.15e-01 5.29e+00 2.48e-01 1.08e-01 5.62e-02 7.60e-03
1.27e+00 1.21e+00 2.24e-02 1.22e+00 2.55e-02 1.14e-03 1.99e+00 3.93e-01 1.44e-01 1.17e-01 1.25e-02
1.26e+00 1.66e+00 2.18e-02 1.66e+00 2.23e-02 9.78e-69 2.30e-37 2.27e-06 1.34e-06 6.90e-07 1.19e-07
1.26e+00 1.73e+00 2.74e-02 1.72e+00 2.94e-02 9.02e-61 3.70e-23 1.15e-06 4.78e-07 2.95e-07 4.92e-08
1.28e+00 1.36e+00 5.73e-02 1.38e+00 6.08e-02 3.78e-03 1.92e-02 9.76e-03 3.83e-03 2.66e-03 3.71e-04
1.26e+00 1.05e+00 4.33e-02 1.04e+00 4.48e-02 1.86e-03 1.40e+01 2.37e+00 9.06e-01 4.79e-01 4.00e-02
1.30e+00 1.71e+00 3.73e-02 1.71e+00 3.74e-02 9.56e-33 4.22e-16 4.37e-06 1.89e-06 1.25e-06 1.67e-07
1.31e+00 1.72e+00 1.82e-02 1.72e+00 1.87e-02 2.71e-122 6.36e-60 7.48e-07 2.94e-07 1.43e-07 3.18e-08
1.30e+00 1.69e+00 6.62e-02 1.69e+00 6.62e-02 3.25e-17 4.81e-08 5.57e-06 2.53e-06 1.45e-06 1.35e-07
1.30e+00 1.75e+00 1.26e-02 1.75e+00 1.29e-02 1.23e-261 1.65e-111 2.41e-07 9.56e-08 6.66e-08 9.68e-09
1.32e+00 1.55e+00 5.47e-02 1.54e+00 5.67e-02 1.40e-07 4.65e-07 1.83e-04 8.04e-05 4.94e-05 6.89e-06
1.26e+00 1.72e+00 1.93e-02 1.72e+00 1.96e-02 5.08e-117 3.06e-44 6.01e-07 2.48e-07 1.48e-07 3.22e-08
1.29e+00 1.65e+00 5.20e-02 1.66e+00 5.23e-02 2.48e-18 2.27e-09 1.33e-05 5.38e-06 3.67e-06 4.89e-07
1.32e+00 1.28e+00 5.90e-02 1.25e+00 6.82e-02 4.00e-02 5.00e-01 3.56e-02 1.99e-02 1.07e-02 1.50e-03
1.28e+00 1.67e+00 9.10e-02 1.68e+00 9.17e-02 6.65e-19 2.64e-07 7.87e-06 3.51e-06 1.85e-06 2.51e-07
1.28e+00 1.43e+00 1.49e-02 1.43e+00 1.56e-02 7.97e-25 8.54e-25 7.44e-04 4.91e-04 2.18e-04 4.67e-05
1.29e+00 1.27e+00 4.64e-02 1.25e+00 5.19e-02 5.94e-02 7.12e-01 7.54e-02 3.26e-02 1.99e-02 3.57e-03
1.30e+00 1.74e+00 1.32e-02 1.74e+00 1.35e-02 1.21e-252 1.34e-116 2.41e-07 1.59e-07 1.59e-07 1.07e-08
1.28e+00 1.61e+00 4.70e-02 1.60e+00 4.73e-02 9.34e-17 1.25e-11 4.70e-05 2.08e-05 1.31e-05 1.78e-06
1.31e+00 1.28e+00 4.44e-02 1.29e+00 4.58e-02 5.45e-02 4.79e-01 5.60e-02 1.91e-02 1.14e-02 1.68e-03
1.35e+00 1.35e+00 1.78e-02 1.34e+00 1.90e-02 1.42e-01 4.02e-01 1.38e-01 6.18e-02 5.21e-02 1.04e-02
1.35e+00 1.30e+00 9.88e-03 1.30e+00 1.03e-02 3.37e-06 2.40e-01 8.14e-02 4.93e-02 4.93e-02 4.52e-03
1.33e+00 1.49e+00 2.96e-02 1.49e+00 2.99e-02 1.80e-13 2.37e-13 9.02e-04 3.71e-04 2.74e-04 3.99e-05
1.35e+00 1.31e+00 1.24e-01 1.20e+00 1.66e-01 5.75e-04 2.53e-01 1.40e-02 7.56e-03 4.47e-03 3.98e-04
1.34e+00 1.70e+00 8.19e-03 1.70e+00 8.62e-03 0.00e+00 2.24e-292 9.24e-07 8.03e-07 3.58e-07 9.75e-08
1.34e+00 1.32e+00 3.69e-02 1.31e+00 3.78e-02 7.32e-02 6.57e-01 7.43e-02 3.54e-02 2.19e-02 1.99e-03
1.35e+00 1.31e+00 7.32e-03 1.31e+00 8.83e-03 3.21e-08 1.17e-01 5.83e-02 4.22e-02 4.22e-02 5.86e-03
1.34e+00 1.51e+00 1.46e-02 1.50e+00 1.76e-02 9.48e-25 9.66e-25 1.49e-04 5.93e-05 5.40e-05 6.76e-06
1.34e+00 1.41e+00 7.93e-02 1.43e+00 8.09e-02 3.01e-04 1.20e-02 2.54e-02 1.31e-02 7.38e-03 7.68e-04
1.36e+00 1.38e+00 3.39e-02 1.39e+00 3.42e-02 5.35e-02 1.61e-01 5.50e-02 2.70e-02 1.80e-02 2.16e-03
1.36e+00 1.61e+00 6.01e-02 1.61e+00 6.01e-02 6.32e-10 1.34e-07 3.48e-05 1.67e-05 9.69e-06 1.65e-06
1.37e+00 1.43e+00 6.48e-02 1.48e+00 7.97e-02 5.43e-04 3.61e-03 1.39e-03 4.67e-04 2.38e-04 4.92e-05
1.37e+00 1.44e+00 4.01e-02 1.43e+00 4.05e-02 3.74e-03 8.02e-03 2.06e-02 1.14e-02 5.44e-03 8.85e-04
1.34e+00 1.32e+00 6.55e-02 1.31e+00 6.60e-02 6.69e-02 7.10e-01 5.98e-02 2.39e-02 1.39e-02 1.54e-03
1.35e+00 1.61e+00 6.86e-03 1.61e+00 6.86e-03 0.00e+00 0.00e+00 8.95e-06 3.37e-06 3.06e-06 3.06e-06
1.32e+00 1.34e+00 8.59e-03 1.34e+00 9.80e-03 1.13e-03 1.19e-03 1.16e-02 1.02e-02 2.73e-03 3.48e-04
1.38e+00 1.36e+00 6.21e-02 1.34e+00 6.43e-02 1.40e-02 1.75e-01 1.49e-02 5.77e-03 3.27e-03 4.81e-04
1.35e+00 1.27e+00 1.94e-01 1.43e+00 2.51e-01 6.02e-03 2.04e-01 1.06e-02 4.73e-03 2.81e-03 4.01e-04
1.33e+00 1.10e+00 1.23e-01 1.04e+00 1.38e-01 2.29e-02 3.82e+00 3.93e-01 1.29e-01 5.12e-02 7.32e-03
1.38e+00 1.73e+00 8.38e-03 1.73e+00 9.07e-03 0.00e+00 0.00e+00 3.70e-07 3.16e-07 1.39e-07 6.88e-08
1.35e+00 1.71e+00 4.32e-02 1.71e+00 4.33e-02 7.99e-20 2.38e-11 4.13e-06 1.99e-06 1.22e-06 1.53e-07
1.37e+00 1.40e+00 1.31e-01 1.50e+00 1.67e-01 1.52e-05 4.10e-02 6.14e-03 2.48e-03 1.47e-03 1.68e-04
1.32e+00 1.45e+00 2.33e-02 1.46e+00 2.55e-02 2.16e-06 3.38e-06 1.53e-03 8.09e-04 4.37e-04 7.44e-05
1.32e+00 6.22e-01 3.71e-01 4.80e-01 3.98e-01 2.42e-02 6.25e+00 1.40e-01 3.58e-02 2.11e-02 3.16e-03
1.36e+00 1.42e+00 2.59e-02 1.42e+00 2.61e-02 1.66e-04 2.53e-04 3.79e-03 2.00e-03 1.22e-03 2.30e-04
1.34e+00 1.43e+00 1.93e-02 1.43e+00 1.95e-02 1.39e-07 1.85e-07 1.78e-03 9.15e-04 6.55e-04 1.02e-04
1.33e+00 1.29e+00 3.85e-02 1.30e+00 3.92e-02 4.20e-02 4.51e-01 5.31e-02 2.10e-02 1.02e-02 1.59e-03
1.31e+00 1.21e+00 4.75e-02 1.20e+00 4.80e-02 2.95e-02 4.15e+00 2.75e-01 1.40e-01 7.44e-02 1.04e-02
1.33e+00 1.45e+00 1.05e-02 1.46e+00 1.24e-02 3.53e-29 3.53e-29 2.67e-04 1.15e-04 8.18e-05 3.22e-05
1.33e+00 1.15e+00 9.52e-02 1.09e+00 1.14e-01 5.93e-03 4.57e+00 1.87e-01 9.03e-02 5.42e-02 6.45e-03
1.33e+00 1.52e+00 7.17e-03 1.52e+00 7.74e-03 1.15e-162 1.15e-162 7.08e-05 5.34e-05 5.34e-05 3.56e-06
1.33e+00 1.62e+00 4.16e-02 1.62e+00 4.16e-02 1.72e-21 3.34e-15 3.71e-05 1.65e-05 1.10e-05 1.37e-06
1.35e+00 1.63e+00 1.83e-02 1.63e+00 1.84e-02 3.13e-76 1.70e-68 4.24e-06 2.49e-06 1.46e-06 1.51e-07
1.36e+00 1.26e+00 5.63e-02 1.27e+00 5.83e-02 1.32e-02 1.94e+00 1.19e-01 5.01e-02 2.99e-02 3.23e-03
1.33e+00 1.20e+00 7.43e-02 1.21e+00 7.53e-02 3.44e-02 3.92e+00 1.94e-01 7.71e-02 4.40e-02 6.88e-03
1.32e+00 1.65e+00 3.46e-02 1.65e+00 3.46e-02 2.78e-28 6.47e-20 1.27e-05 5.54e-06 3.47e-06 5.79e-07
1.36e+00 1.27e+00 1.53e-01 1.39e+00 1.96e-01 4.77e-02 6.83e-01 3.74e-02 1.48e-02 8.84e-03 1.30e-03
1.36e+00 1.37e+00 2.13e-02 1.38e+00 2.23e-02 2.07e-02 5.53e-02 2.05e-02 1.30e-02 6.19e-03 1.01e-03
1.32e+00 1.57e+00 5.99e-03 1.57e+00 6.28e-03 0.00e+00 0.00e+00 2.30e-05 1.09e-05 1.09e-05 3.82e-06
1.32e+00 1.64e+00 3.43e-02 1.65e+00 3.52e-02 4.93e-27 5.99e-20 1.62e-05 7.73e-06 4.76e-06 7.41e-07
1.33e+00 1.25e+00 6.13e-02 1.25e+00 6.13e-02 6.10e-02 2.71e+00 1.77e-01 7.06e-02 3.85e-02 4.28e-03
1.33e+00 1.64e+00 5.08e-02 1.65e+00 5.22e-02 5.19e-15 1.99e-09 2.00e-05 8.91e-06 4.70e-06 7.42e-07
1.32e+00 1.33e+00 5.28e-02 1.35e+00 5.77e-02 1.61e-02 1.35e-01 1.51e-02 6.75e-03 4.40e-03 8.43e-04
1.32e+00 1.34e+00 4.03e-02 1.37e+00 4.77e-02 2.00e-03 2.31e-02 7.52e-03 3.46e-03 1.88e-03 2.99e-04
1.33e+00 1.51e+00 2.04e-02 1.51e+00 2.06e-02 3.66e-30 3.79e-30 1.43e-04 6.25e-05 4.25e-05 6.67e-06
1.33e+00 1.52e+00 2.07e-02 1.51e+00 2.17e-02 1.16e-16 1.35e-16 4.99e-04 2.44e-04 1.37e-04 2.81e-05
1.32e+00 1.20e+00 7.10e-02 1.17e+00 7.71e-02 5.52e-02 2.66e+00 1.64e-01 6.42e-02 3.43e-02 4.43e-03
1.37e+00 1.31e+00 1.60e-01 1.41e+00 1.91e-01 1.70e-02 1.99e-01 3.60e-02 1.35e-02 6.84e-03 1.10e-03
1.35e+00 1.33e+00 5.40e-02 1.30e+00 6.26e-02 1.14e-02 1.98e-01 1.99e-02 8.86e-03 5.26e-03 6.92e-04
1.36e+00 1.36e+00 4.22e-02 1.36e+00 4.22e-02 2.18e-02 1.19e-01 1.72e-02 7.14e-03 4.39e-03 7.69e-04
