1.25e+00 1.27e+00 1.62e-02 1.27e+00 1.64e-02 2.98e-04 4.39e-04 4.72e-04 2.19e-04 2.19e-04 1.44e-05
1.21e+00 1.26e+00 3.20e-02 1.26e+00 3.20e-02 1.31e-04 2.80e-04 5.66e-04 2.44e-04 1.42e-04 1.69e-05
1.25e+00 1.13e+00 2.22e-02 1.12e+00 2.29e-02 3.21e-10 3.92e-03 6.11e-04 3.85e-04 1.91e-04 5.30e-05
1.23e+00 1.09e+00 1.07e-02 1.09e+00 1.17e-02 3.07e-31 2.11e-03 7.09e-04 3.10e-04 2.92e-04 3.56e-05
1.23e+00 1.05e+00 2.57e-02 1.05e+00 2.60e-02 6.93e-07 3.14e-03 5.83e-04 2.30e-04 1.48e-04 2.52e-05
1.24e+00 1.13e+00 2.90e-02 1.11e+00 3.32e-02 7.84e-08 2.95e-03 5.28e-04 1.67e-04 1.13e-04 2.13e-05
1.22e+00 1.09e+00 6.59e-02 1.05e+00 7.52e-02 1.39e-04 3.17e-03 4.97e-04 1.55e-04 8.28e-05 1.08e-05
1.21e+00 1.37e+00 7.61e-02 1.45e+00 1.09e-01 1.67e-06 1.77e-06 4.14e-04 1.60e-04 1.00e-04 3.76e-05
1.25e+00 1.31e+00 1.68e-02 1.31e+00 1.69e-02 1.10e-07 1.15e-07 4.65e-04 2.38e-04 1.45e-04 1.59e-05
1.24e+00 1.30e+00 6.40e-03 1.30e+00 7.67e-03 4.02e-24 4.02e-24 6.62e-04 5.35e-04 5.35e-04 4.32e-05
1.23e+00 1.17e+00 3.85e-02 1.15e+00 4.17e-02 5.59e-05 5.44e-03 5.68e-04 3.36e-04 1.79e-04 1.75e-05
1.23e+00 1.30e+00 1.28e-02 1.30e+00 1.37e-02 8.27e-13 8.28e-13 4.81e-04 2.51e-04 2.51e-04 2.16e-05
1.22e+00 1.22e+00 8.74e-02 1.21e+00 8.78e-02 7.64e-04 7.56e-03 5.80e-04 2.42e-04 1.48e-04 1.56e-05
1.22e+00 1.24e+00 6.53e-02 1.19e+00 8.03e-02 5.90e-04 4.96e-03 4.71e-04 2.67e-04 1.53e-04 3.12e-05
1.21e+00 1.39e+00 4.07e-02 1.34e+00 6.08e-02 7.04e-19 7.11e-19 6.51e-04 1.47e-04 1.47e-04 1.31e-05
1.23e+00 1.08e+00 4.51e-02 1.07e+00 4.73e-02 4.76e-05 4.48e-03 6.31e-04 3.05e-04 1.68e-04 1.79e-05
1.25e+00 1.08e+00 4.49e-02 1.08e+00 4.50e-02 1.05e-06 5.56e-03 6.25e-04 3.75e-04 1.72e-04 1.43e-05
1.23e+00 1.25e+00 2.75e-02 1.25e+00 2.75e-02 4.48e-04 1.08e-03 5.19e-04 2.55e-04 1.53e-04 2.10e-05
1.22e+00 1.23e+00 1.28e-01 1.05e+00 2.17e-01 1.51e-04 4.34e-03 4.32e-04 1.82e-04 1.06e-04 1.36e-05
1.25e+00 1.32e+00 6.81e-02 1.33e+00 6.91e-02 3.46e-04 2.05e-03 5.08e-04 2.42e-04 1.33e-04 1.70e-05
1.20e+00 1.42e+00 2.96e-02 1.44e+00 3.67e-02 2.45e-19 2.49e-19 5.68e-04 2.26e-04 1.04e-04 1.88e-05
1.26e+00 1.16e+00 3.04e-02 1.15e+00 3.12e-02 2.29e-07 6.22e-03 5.89e-04 3.36e-04 2.17e-04 5.60e-05
1.23e+00 1.25e+00 2.41e-02 1.25e+00 2.41e-02 3.66e-04 7.67e-04 5.40e-04 2.46e-04 1.26e-04 2.10e-05
1.24e+00 1.07e+00 3.31e-02 1.05e+00 3.69e-02 2.76e-06 4.41e-03 6.16e-04 2.52e-04 1.37e-04 1.44e-05
1.24e+00 1.09e+00 4.59e-02 1.08e+00 4.75e-02 5.80e-05 4.64e-03 6.36e-04 3.07e-04 1.68e-04 1.43e-05
1.23e+00 1.24e+00 8.71e-03 1.24e+00 9.66e-03 1.89e-04 2.07e-04 6.09e-04 5.42e-04 1.81e-04 1.32e-04
1.23e+00 1.10e+00 5.02e-02 1.09e+00 5.10e-02 2.92e-05 8.76e-03 5.67e-04 2.82e-04 1.35e-04 1.78e-05
1.23e+00 1.18e+00 1.26e-01 1.26e+00 1.47e-01 3.48e-04 3.66e-03 4.23e-04 1.72e-04 1.02e-04 1.46e-05
1.24e+00 1.47e+00 1.07e-02 1.47e+00 1.10e-02 1.39e-70 8.84e-37 9.58e-17 5.34e-17 2.50e-17 4.81e-18
1.23e+00 1.11e+00 1.94e-02 1.11e+00 1.96e-02 1.68e-11 3.35e-03 6.66e-04 2.62e-04 1.52e-04 2.48e-05
1.23e+00 1.20e+00 1.75e-02 1.20e+00 1.76e-02 1.46e-04 2.79e-03 6.31e-04 2.64e-04 1.62e-04 1.98e-05
1.24e+00 1.28e+00 9.29e-02 1.32e+00 9.99e-02 3.63e-14 2.94e-04 4.70e-04 2.07e-04 1.94e-04 6.20e-05
1.25e+00 1.23e+00 5.13e-02 1.23e+00 5.13e-02 9.36e-05 8.00e-04 8.71e-05 3.38e-05 2.00e-05 1.72e-06
1.22e+00 1.58e+00 6.99e-03 1.58e+00 7.64e-03 2.67e-122 1.04e-56 5.85e-04 5.85e-04 9.70e-05 2.35e-05
1.22e+00 1.47e+00 6.61e-04 1.47e+00 6.61e-04 1.05e-263 3.61e-170 6.16e-04 6.16e-04 6.16e-04 6.16e-04
1.24e+00 1.29e+00 1.49e-02 1.29e+00 1.49e-02 7.68e-07 8.13e-07 4.53e-04 2.10e-04 2.07e-04 2.76e-05
1.21e+00 1.25e+00 5.02e-02 1.25e+00 5.02e-02 3.05e-04 1.16e-03 5.46e-04 2.06e-04 1.06e-04 1.37e-05
1.21e+00 1.46e+00 4.22e-03 1.46e+00 4.82e-03 1.51e-83 1.51e-83 6.19e-04 6.19e-04 1.90e-04 1.90e-04
1.23e+00 1.47e+00 1.26e-02 1.47e+00 1.28e-02 5.86e-54 3.30e-24 3.05e-15 2.73e-15 1.41e-15 1.00e-16
1.22e+00 1.47e+00 1.08e-02 1.47e+00 1.17e-02 2.34e-20 2.36e-20 6.16e-04 2.29e-04 2.04e-04 3.41e-05
1.25e+00 1.33e+00 6.44e-03 1.33e+00 7.40e-03 7.69e-35 7.69e-35 6.54e-04 5.06e-04 5.06e-04 2.63e-05
1.23e+00 1.25e+00 1.41e-01 1.28e+00 1.44e-01 3.11e-04 2.96e-03 3.81e-04 1.31e-04 7.06e-05 7.56e-06
1.21e+00 1.36e+00 6.57e-02 1.34e+00 6.92e-02 1.24e-06 1.34e-06 5.01e-04 2.00e-04 1.01e-04 1.96e-05
1.24e+00 1.32e+00 1.03e-02 1.32e+00 1.12e-02 2.47e-24 1.84e-17 5.14e-04 2.22e-04 1.96e-04 2.07e-05
1.23e+00 1.24e+00 2.24e-02 1.24e+00 2.25e-02 5.45e-04 1.37e-03 5.17e-04 2.66e-04 1.35e-04 1.53e-05
1.25e+00 1.17e+00 3.82e-02 1.18e+00 3.92e-02 6.92e-06 5.23e-04 4.33e-05 2.23e-05 1.04e-05 2.18e-06
1.23e+00 1.18e+00 5.12e-02 1.19e+00 5.24e-02 4.75e-04 7.79e-03 5.53e-04 2.52e-04 1.49e-04 2.42e-05
1.24e+00 1.25e+00 2.07e-02 1.25e+00 2.12e-02 4.09e-04 8.09e-04 4.83e-04 2.61e-04 1.44e-04 1.80e-05
1.22e+00 1.30e+00 5.98e-02 1.26e+00 7.37e-02 3.57e-05 4.04e-05 3.78e-04 1.55e-04 7.43e-05 1.69e-05
1.22e+00 1.16e+00 2.71e-02 1.18e+00 3.21e-02 7.88e-05 5.05e-03 5.55e-04 3.37e-04 1.67e-04 3.12e-05
1.21e+00 1.18e+00 3.17e-02 1.19e+00 3.27e-02 4.63e-04 4.48e-03 5.50e-04 2.59e-04 1.77e-04 1.64e-05
1.26e+00 1.21e+00 9.25e-03 1.21e+00 9.31e-03 8.29e-11 1.48e-03 6.45e-04 3.21e-04 3.21e-04 4.54e-05
1.24e+00 1.05e+00 4.17e-04 1.05e+00 4.17e-04 5.52e-59 7.18e-04 7.16e-04 7.16e-04 7.16e-04 7.16e-04
1.24e+00 1.16e+00 1.68e-02 1.16e+00 1.68e-02 9.33e-10 2.92e-03 6.22e-04 2.97e-04 1.54e-04 3.84e-05
1.21e+00 1.39e+00 6.20e-03 1.39e+00 6.85e-03 1.92e-67 1.92e-67 6.38e-04 3.46e-04 3.46e-04 2.24e-05
1.24e+00 1.50e+00 1.37e-02 1.50e+00 1.44e-02 1.81e-49 3.17e-30 1.33e-14 7.70e-15 3.03e-15 6.88e-16
1.23e+00 1.36e+00 1.87e-02 1.36e+00 1.91e-02 5.52e-18 5.56e-18 4.24e-04 2.00e-04 8.49e-05 2.59e-05
1.25e+00 1.22e+00 1.46e-02 1.22e+00 1.51e-02 3.22e-05 2.33e-03 5.79e-04 3.31e-04 1.69e-04 3.50e-05
1.22e+00 1.28e+00 3.87e-02 1.28e+00 3.89e-02 1.89e-04 5.24e-04 5.30e-04 2.15e-04 1.44e-04 1.68e-05
1.24e+00 1.23e+00 6.36e-03 1.23e+00 6.54e-03 2.59e-04 9.89e-04 6.21e-04 2.68e-04 2.68e-04 1.25e-04
1.25e+00 1.34e+00 8.18e-03 1.34e+00 9.06e-03 2.08e-42 2.08e-42 6.51e-04 5.37e-04 1.74e-04 1.08e-04
1.23e+00 1.51e+00 1.26e-02 1.51e+00 1.26e-02 4.66e-47 2.34e-26 1.91e-21 7.93e-22 6.66e-22 1.38e-22
1.22e+00 1.22e+00 1.13e-02 1.22e+00 1.21e-02 4.79e-04 7.17e-04 6.11e-04 2.99e-04 2.61e-04 5.09e-05
1.24e+00 1.24e+00 7.27e-02 1.22e+00 7.50e-02 6.90e-04 7.14e-03 6.27e-04 2.69e-04 1.51e-04 2.15e-05
1.21e+00 1.13e+00 2.37e-02 1.13e+00 2.39e-02 4.50e-08 6.58e-05 1.00e-05 3.75e-06 3.34e-06 4.10e-07
1.24e+00 1.24e+00 1.56e-02 1.24e+00 1.59e-02 6.00e-04 1.41e-03 5.45e-04 3.24e-04 2.05e-04 4.28e-05
1.25e+00 1.11e+00 7.03e-02 1.05e+00 9.18e-02 1.07e-04 8.23e-03 5.54e-04 1.94e-04 1.19e-04 2.16e-05
1.24e+00 1.25e+00 6.60e-02 1.23e+00 6.88e-02 9.37e-04 5.44e-03 7.46e-04 2.82e-04 1.43e-04 1.48e-05
1.23e+00 1.57e+00 5.17e-03 1.57e+00 7.04e-03 4.49e-201 2.05e-121 5.88e-04 5.41e-04 5.41e-04 5.41e-04
1.23e+00 1.09e+00 1.47e-02 1.09e+00 1.48e-02 2.47e-17 2.54e-03 5.60e-04 3.31e-04 2.42e-04 2.85e-05
1.23e+00 1.21e+00 5.22e-02 1.19e+00 5.69e-02 3.96e-04 5.05e-03 4.89e-04 2.25e-04 1.44e-04 1.41e-05
1.21e+00 1.06e+00 1.29e-02 1.06e+00 1.29e-02 2.06e-22 2.21e-03 5.28e-04 4.99e-04 2.19e-04 3.59e-05
1.24e+00 1.21e+00 1.41e-02 1.21e+00 1.47e-02 8.14e-05 2.35e-03 6.34e-04 3.65e-04 1.51e-04 2.56e-05
1.23e+00 1.25e+00 7.10e-03 1.25e+00 7.72e-03 3.26e-05 3.30e-05 5.97e-04 4.08e-04 4.08e-04 3.90e-05
1.24e+00 1.48e+00 8.48e-03 1.48e+00 9.05e-03 1.25e-103 8.99e-60 2.14e-13 1.78e-13 7.10e-14 3.23e-14
1.23e+00 1.09e+00 9.65e-03 1.09e+00 1.07e-02 1.38e-21 1.84e-03 7.09e-04 2.28e-04 2.17e-04 3.21e-05
1.21e+00 1.43e+00 4.53e-02 1.45e+00 4.94e-02 4.70e-09 4.96e-09 5.44e-04 2.38e-04 7.19e-05 9.38e-06
1.21e+00 1.44e+00 1.33e-02 1.45e+00 1.43e-02 5.18e-21 5.21e-21 6.22e-04 2.69e-04 2.03e-04 1.87e-05
1.22e+00 1.06e+00 1.50e-02 1.05e+00 2.03e-02 1.88e-12 2.79e-03 7.16e-04 3.85e-04 2.05e-04 5.76e-05
1.24e+00 1.08e+00 1.46e-02 1.07e+00 1.61e-02 1.69e-18 2.66e-03 6.88e-04 3.80e-04 1.93e-04 2.87e-05
1.21e+00 1.22e+00 4.00e-02 1.24e+00 4.50e-02 5.82e-04 3.13e-03 5.38e-04 2.83e-04 1.87e-04 2.73e-05
1.23e+00 1.19e+00 1.74e-02 1.19e+00 1.74e-02 5.06e-05 2.21e-03 5.05e-04 2.22e-04 1.14e-04 1.59e-05
1.24e+00 1.19e+00 1.36e-01 1.04e+00 2.00e-01 3.03e-06 2.15e-03 6.93e-04 1.91e-04 1.08e-04 1.80e-05
1.23e+00 1.23e+00 7.18e-03 1.23e+00 8.46e-03 5.49e-04 6.35e-04 6.21e-04 5.65e-04 5.65e-04 7.49e-05
1.22e+00 1.21e+00 1.57e-02 1.21e+00 1.64e-02 4.18e-04 2.29e-03 5.93e-04 3.60e-04 1.59e-04 1.95e-05
1.24e+00 1.15e+00 1.87e-02 1.15e+00 1.90e-02 1.25e-10 1.65e-03 2.88e-04 1.36e-04 7.63e-05 1.53e-05
1.24e+00 1.06e+00 1.26e-02 1.06e+00 1.26e-02 1.67e-27 2.24e-03 5.35e-04 4.99e-04 1.90e-04 4.31e-05
1.23e+00 1.18e+00 5.52e-02 1.20e+00 5.96e-02 5.59e-04 8.37e-03 5.38e-04 2.69e-04 1.90e-04 2.76e-05
1.22e+00 1.12e+00 3.22e-02 1.11e+00 3.54e-02 1.62e-05 4.78e-03 5.73e-04 2.44e-04 1.70e-04 1.77e-05
1.22e+00 1.26e+00 4.66e-02 1.26e+00 4.68e-02 2.50e-04 6.76e-04 5.06e-04 2.09e-04 1.12e-04 1.18e-05
1.25e+00 1.13e+00 4.79e-02 1.12e+00 4.84e-02 9.49e-12 3.66e-06 4.31e-07 2.09e-07 1.32e-07 1.65e-08
1.23e+00 1.23e+00 1.97e-02 1.23e+00 1.99e-02 6.17e-04 1.73e-03 4.99e-04 2.28e-04 1.50e-04 2.18e-05
1.24e+00 1.06e+00 2.81e-02 1.05e+00 3.07e-02 2.12e-06 2.90e-03 5.80e-04 2.77e-04 1.40e-04 1.44e-05
1.21e+00 1.15e+00 3.68e-02 1.14e+00 3.81e-02 1.68e-04 5.65e-03 5.52e-04 2.60e-04 1.51e-04 1.76e-05
1.24e+00 1.15e+00 1.14e-02 1.15e+00 1.15e-02 3.92e-17 1.70e-03 6.97e-04 3.47e-04 1.54e-04 4.20e-05
1.25e+00 1.08e+00 6.68e-02 1.05e+00 7.32e-02 1.86e-05 5.24e-03 5.80e-04 2.23e-04 1.33e-04 1.08e-05
1.24e+00 1.22e+00 1.61e-02 1.22e+00 1.61e-02 2.23e-04 2.40e-03 5.15e-04 2.77e-04 1.11e-04 2.54e-05
1.24e+00 1.11e+00 1.82e-02 1.10e+00 1.97e-02 7.39e-12 3.14e-03 7.00e-04 2.70e-04 2.10e-04 2.84e-05
1.21e+00 1.13e+00 1.93e-01 1.06e+00 2.04e-01 2.11e-05 8.31e-03 5.28e-04 2.23e-04 1.01e-04 7.18e-06
1.24e+00 1.16e+00 1.28e-01 1.02e+00 1.91e-01 2.21e-04 3.81e-03 5.76e-04 2.36e-04 1.23e-04 1.94e-05
1.25e+00 1.26e+00 4.30e-02 1.26e+00 4.30e-02 6.64e-04 3.38e-03 5.16e-04 2.19e-04 1.38e-04 1.69e-05
1.22e+00 1.44e+00 1.06e-02 1.45e+00 1.24e-02 4.65e-22 4.65e-22 6.22e-04 5.44e-04 2.25e-04 1.09e-04
1.24e+00 1.47e+00 1.11e-02 1.47e+00 1.14e-02 5.89e-56 3.84e-28 2.35e-14 1.30e-14 7.70e-15 1.03e-15
1.21e+00 1.21e+00 1.20e-02 1.22e+00 1.31e-02 6.19e-04 1.23e-03 6.14e-04 2.99e-04 2.99e-04 7.32e-05
1.23e+00 1.19e+00 1.07e-02 1.19e+00 1.12e-02 3.83e-16 7.15e-11 2.67e-11 1.34e-11 7.51e-12 1.74e-12
1.24e+00 1.24e+00 8.97e-02 1.26e+00 9.17e-02 4.65e-04 2.60e-03 4.44e-04 1.50e-04 8.82e-05 8.82e-06
1.22e+00 1.11e+00 5.86e-02 1.08e+00 6.61e-02 1.76e-04 5.21e-03 5.75e-04 2.47e-04 1.39e-04 2.50e-05
1.24e+00 1.18e+00 1.61e-02 1.18e+00 1.64e-02 2.72e-07 2.75e-03 5.75e-04 2.60e-04 1.75e-04 6.50e-05
1.24e+00 1.20e+00 1.76e-02 1.20e+00 1.76e-02 1.66e-05 2.75e-03 5.88e-04 2.94e-04 1.42e-04 2.64e-05
1.24e+00 1.08e+00 3.05e-02 1.05e+00 3.98e-02 3.39e-06 4.71e-03 6.52e-04 3.67e-04 2.74e-04 1.80e-05
1.22e+00 1.47e+00 1.23e-04 1.47e+00 1.23e-04 4.98e-238 4.98e-238 6.16e-04 6.16e-04 6.16e-04 6.16e-04
1.25e+00 1.28e+00 9.47e-03 1.28e+00 9.89e-03 2.90e-06 3.11e-06 5.61e-04 2.20e-04 2.20e-04 3.67e-05
1.22e+00 1.34e+00 1.36e-01 1.30e+00 1.42e-01 9.45e-05 3.99e-04 4.21e-04 1.70e-04 7.29e-05 8.11e-06
1.23e+00 1.19e+00 7.68e-03 1.19e+00 7.75e-03 3.33e-14 1.47e-03 6.88e-04 4.53e-04 3.08e-04 3.08e-04
1.22e+00 1.17e+00 5.02e-02 1.17e+00 5.04e-02 4.27e-04 7.39e-03 5.89e-04 2.44e-04 1.50e-04 2.09e-05
1.25e+00 1.46e+00 2.77e-02 1.46e+00 2.79e-02 1.69e-28 2.31e-12 1.72e-10 8.03e-11 3.50e-11 6.62e-12
1.23e+00 1.31e+00 5.16e-02 1.32e+00 5.24e-02 1.34e-04 6.12e-04 5.37e-04 2.48e-04 1.16e-04 1.99e-05
1.23e+00 1.10e+00 5.87e-02 1.08e+00 6.30e-02 1.12e-04 7.24e-03 6.29e-04 2.32e-04 1.00e-04 1.79e-05
1.22e+00 1.22e+00 7.82e-03 1.22e+00 8.40e-03 6.08e-04 8.76e-04 6.33e-04 4.64e-04 1.69e-04 6.68e-05
1.23e+00 1.13e+00 1.45e-01 1.06e+00 1.62e-01 1.85e-05 6.75e-03 6.01e-04 2.02e-04 7.20e-05 1.08e-05
1.23e+00 1.46e+00 2.76e-02 1.45e+00 2.86e-02 8.77e-19 6.58e-12 5.34e-04 2.62e-04 1.28e-04 9.37e-06
1.24e+00 1.21e+00 6.81e-02 1.24e+00 7.28e-02 6.71e-04 6.43e-03 5.41e-04 1.87e-04 1.19e-04 1.70e-05
1.22e+00 1.23e+00 2.65e-02 1.23e+00 2.66e-02 5.09e-04 1.39e-03 5.34e-04 2.58e-04 1.49e-04 1.86e-05
1.23e+00 1.16e+00 4.21e-02 1.16e+00 4.22e-02 1.81e-04 7.20e-03 5.52e-04 2.48e-04 1.64e-04 2.44e-05
1.21e+00 1.07e+00 2.35e-02 1.07e+00 2.35e-02 1.55e-07 4.13e-03 6.41e-04 2.94e-04 1.54e-04 2.15e-05
1.24e+00 1.37e+00 5.09e-02 1.39e+00 5.32e-02 5.36e-05 1.53e-04 4.94e-04 1.99e-04 8.66e-05 1.60e-05
1.24e+00 1.18e+00 2.05e-02 1.18e+00 2.05e-02 1.27e-07 1.80e-04 2.85e-05 1.25e-05 1.11e-05 2.82e-06
1.24e+00 1.23e+00 5.11e-02 1.24e+00 5.20e-02 6.84e-04 3.42e-03 6.09e-04 2.00e-04 1.10e-04 1.38e-05
1.24e+00 1.31e+00 7.15e-02 1.31e+00 7.16e-02 7.62e-05 4.48e-04 4.29e-04 1.87e-04 1.16e-04 1.05e-05
1.24e+00 1.33e+00 3.81e-02 1.33e+00 3.83e-02 2.82e-05 8.60e-05 5.40e-04 2.19e-04 1.34e-04 1.64e-05
1.25e+00 1.25e+00 1.55e-02 1.25e+00 1.59e-02 5.80e-04 1.73e-03 5.73e-04 3.51e-04 1.92e-04 3.60e-05
1.23e+00 1.46e+00 1.31e-02 1.46e+00 1.35e-02 2.59e-55 6.20e-36 3.00e-08 1.49e-08 7.04e-09 1.51e-09
1.25e+00 1.14e+00 6.77e-02 1.13e+00 6.83e-02 1.21e-08 2.30e-05 2.04e-06 8.30e-07 4.98e-07 5.93e-08
1.22e+00 1.15e+00 6.29e-03 1.15e+00 6.52e-03 6.97e-18 3.63e-04 2.25e-04 9.48e-05 9.48e-05 3.95e-05
1.23e+00 1.14e+00 1.43e-01 1.03e+00 1.78e-01 2.31e-05 5.21e-03 5.40e-04 1.81e-04 1.01e-04 1.45e-05
1.22e+00 1.22e+00 1.63e-02 1.22e+00 1.65e-02 6.24e-04 1.72e-03 5.44e-04 2.39e-04 1.37e-04 1.91e-05
1.21e+00 1.19e+00 1.93e-02 1.19e+00 1.93e-02 4.11e-04 2.95e-03 6.60e-04 3.22e-04 1.78e-04 4.02e-05
1.23e+00 1.21e+00 6.07e-02 1.25e+00 7.28e-02 4.21e-04 3.77e-03 5.54e-04 1.83e-04 1.19e-04 2.38e-05
1.21e+00 9.82e-01 5.34e-03 9.80e-01 5.73e-03 2.46e-49 3.62e-04 2.46e-04 2.46e-04 9.51e-05 2.22e-05
1.23e+00 1.21e+00 6.19e-02 1.18e+00 7.09e-02 4.47e-04 7.10e-03 5.66e-04 2.95e-04 2.01e-04 2.78e-05
1.24e+00 1.20e+00 6.25e-03 1.20e+00 6.77e-03 2.88e-15 1.21e-03 6.86e-04 4.21e-04 4.21e-04 1.00e-04
1.24e+00 1.07e+00 9.46e-03 1.07e+00 1.05e-02 1.28e-39 1.82e-03 7.13e-04 6.41e-04 2.15e-04 2.87e-05
1.22e+00 1.24e+00 2.43e-02 1.24e+00 2.48e-02 4.54e-04 7.37e-04 5.73e-04 2.76e-04 1.77e-04 2.04e-05
1.22e+00 1.22e+00 3.93e-02 1.22e+00 3.95e-02 3.37e-05 1.76e-04 2.79e-05 1.20e-05 5.82e-06 8.57e-07
1.22e+00 1.14e+00 1.72e-01 1.08e+00 1.83e-01 6.68e-05 9.65e-03 5.65e-04 2.22e-04 1.00e-04 7.15e-06
1.24e+00 1.27e+00 1.77e-02 1.27e+00 1.77e-02 2.23e-04 3.35e-04 5.13e-04 2.74e-04 1.38e-04 1.73e-05
1.24e+00 1.06e+00 4.83e-02 1.05e+00 4.90e-02 4.45e-07 2.59e-03 6.05e-04 2.16e-04 1.26e-04 1.08e-05
1.22e+00 1.42e+00 3.84e-02 1.44e+00 4.15e-02 1.43e-16 1.43e-16 6.25e-04 2.67e-04 1.82e-04 9.41e-06
1.21e+00 1.21e+00 1.22e-01 1.21e+00 1.22e-01 1.04e-03 1.24e-02 7.82e-04 3.46e-04 2.26e-04 1.57e-05
1.24e+00 1.19e+00 8.51e-03 1.19e+00 8.64e-03 7.58e-10 1.48e-03 6.69e-04 4.57e-04 2.59e-04 3.70e-05
1.21e+00 1.18e+00 2.97e-02 1.19e+00 3.13e-02 3.46e-05 3.13e-04 4.11e-05 1.84e-05 1.16e-05 1.69e-06
1.22e+00 1.19e+00 3.14e-02 1.20e+00 3.27e-02 1.59e-05 1.69e-04 2.04e-05 9.18e-06 6.41e-06 7.54e-07
1.23e+00 1.19e+00 1.64e-02 1.20e+00 1.77e-02 5.13e-07 4.33e-05 1.01e-05 6.55e-06 2.59e-06 4.95e-07
1.24e+00 1.26e+00 9.25e-02 1.27e+00 9.31e-02 6.00e-04 3.93e-03 5.21e-04 2.02e-04 1.04e-04 1.35e-05
1.23e+00 1.14e+00 9.78e-02 1.05e+00 1.34e-01 3.44e-04 9.72e-03 5.11e-04 2.14e-04 1.34e-04 1.45e-05
1.25e+00 1.35e+00 6.31e-02 1.38e+00 6.91e-02 2.48e-04 8.09e-04 4.82e-04 2.08e-04 1.55e-04 2.31e-05
1.21e+00 1.46e+00 8.27e-03 1.46e+00 8.81e-03 1.53e-48 6.86e-30 4.45e-15 2.91e-15 1.25e-15 5.81e-16
1.25e+00 1.42e+00 2.00e-01 1.56e+00 2.42e-01 1.81e-11 4.93e-07 1.39e-07 5.67e-08 2.88e-08 3.85e-09
1.22e+00 1.23e+00 2.03e-02 1.23e+00 2.05e-02 5.83e-04 1.49e-03 5.09e-04 2.28e-04 1.53e-04 2.18e-05
1.25e+00 1.32e+00 5.94e-02 1.34e+00 6.36e-02 2.06e-04 1.49e-03 5.15e-04 2.03e-04 1.28e-04 1.97e-05
1.21e+00 1.22e+00 1.07e-02 1.22e+00 1.12e-02 5.79e-04 1.05e-03 6.33e-04 3.02e-04 1.91e-04 3.50e-05
1.22e+00 1.09e+00 7.52e-03 1.09e+00 8.10e-03 5.08e-31 1.37e-03 7.09e-04 4.38e-04 4.38e-04 6.77e-05
1.23e+00 1.25e+00 1.61e-02 1.25e+00 1.63e-02 3.28e-04 5.25e-04 5.37e-04 2.25e-04 1.50e-04 4.50e-05
1.24e+00 1.55e+00 5.26e-02 1.57e+00 5.73e-02 1.16e-24 1.18e-08 4.58e-04 2.39e-04 1.36e-04 2.07e-05
1.25e+00 1.21e+00 7.13e-03 1.21e+00 8.23e-03 1.33e-12 1.33e-03 6.45e-04 5.19e-04 5.19e-04 6.48e-05
1.24e+00 1.24e+00 3.79e-02 1.23e+00 4.01e-02 6.49e-04 3.07e-03 6.25e-04 2.16e-04 1.17e-04 1.10e-05
1.24e+00 1.24e+00 1.52e-02 1.24e+00 1.53e-02 5.27e-04 1.79e-03 5.48e-04 3.06e-04 2.05e-04 2.45e-05
1.25e+00 1.10e+00 7.93e-02 1.05e+00 9.39e-02 9.83e-05 8.66e-03 4.90e-04 1.78e-04 1.13e-04 1.09e-05
1.25e+00 1.08e+00 6.51e-02 1.05e+00 7.21e-02 8.28e-06 3.04e-03 5.40e-04 2.34e-04 1.08e-04 7.20e-06
1.24e+00 1.28e+00 2.34e-02 1.28e+00 2.38e-02 9.89e-05 1.85e-04 4.41e-04 2.80e-04 1.53e-04 1.94e-05
1.24e+00 1.34e+00 1.28e-02 1.34e+00 1.31e-02 9.82e-18 3.11e-08 4.55e-04 2.12e-04 2.12e-04 2.47e-05
1.26e+00 1.31e+00 7.60e-02 1.30e+00 7.66e-02 3.47e-04 1.17e-03 4.38e-04 1.76e-04 8.92e-05 8.11e-06
1.23e+00 1.21e+00 6.96e-02 1.21e+00 6.96e-02 6.62e-04 5.97e-03 5.77e-04 2.10e-04 1.02e-04 1.45e-05
1.22e+00 1.12e+00 4.20e-02 1.11e+00 4.43e-02 5.81e-05 7.42e-03 5.78e-04 2.34e-04 1.63e-04 2.13e-05
1.24e+00 1.25e+00 4.89e-02 1.27e+00 5.48e-02 2.56e-04 1.82e-03 5.89e-04 1.48e-04 1.01e-04 2.02e-05
1.23e+00 1.42e+00 9.07e-02 1.44e+00 9.21e-02 8.21e-09 1.78e-08 5.05e-04 1.51e-04 1.22e-04 6.28e-06
1.25e+00 1.48e+00 2.72e-02 1.47e+00 2.87e-02 2.13e-15 2.55e-15 5.42e-04 2.72e-04 8.05e-05 9.29e-06
1.22e+00 1.42e+00 5.67e-02 1.45e+00 6.52e-02 4.34e-07 4.87e-07 5.63e-04 1.72e-04 7.61e-05 9.93e-06
1.25e+00 1.25e+00 3.00e-02 1.25e+00 3.02e-02 5.88e-04 2.82e-03 4.77e-04 2.04e-04 1.08e-04 1.80e-05
1.23e+00 1.22e+00 5.32e-02 1.23e+00 5.52e-02 6.77e-04 2.60e-03 5.84e-04 2.01e-04 9.90e-05 1.71e-05
1.23e+00 1.09e+00 1.18e-02 1.09e+00 1.18e-02 1.54e-29 2.09e-03 7.09e-04 4.46e-04 1.92e-04 2.85e-05
1.24e+00 1.28e+00 4.67e-02 1.30e+00 5.18e-02 7.27e-05 1.12e-03 5.72e-04 1.56e-04 1.03e-04 1.33e-05
1.25e+00 1.22e+00 8.72e-02 1.25e+00 9.25e-02 3.54e-04 2.29e-03 2.81e-04 9.31e-05 4.83e-05 5.37e-06
1.26e+00 1.26e+00 4.85e-02 1.27e+00 4.91e-02 6.35e-04 3.38e-03 5.55e-04 2.02e-04 1.41e-04 1.68e-05
1.25e+00 1.29e+00 2.48e-02 1.29e+00 2.49e-02 1.47e-04 3.18e-04 5.81e-04 2.47e-04 1.50e-04 1.67e-05
1.25e+00 1.30e+00 1.92e-02 1.30e+00 1.92e-02 1.46e-05 6.86e-05 5.39e-04 2.83e-04 2.83e-04 1.66e-05
1.24e+00 1.12e+00 1.12e-01 1.02e+00 1.52e-01 6.99e-05 1.16e-02 4.83e-04 2.05e-04 1.12e-04 2.23e-05
1.22e+00 1.27e+00 3.29e-02 1.27e+00 3.30e-02 2.64e-04 5.34e-04 5.92e-04 2.86e-04 1.28e-04 1.68e-05
1.24e+00 1.44e+00 6.36e-02 1.47e+00 6.89e-02 1.32e-05 2.72e-05 6.32e-04 1.90e-04 1.10e-04 1.69e-05
1.24e+00 1.21e+00 7.38e-02 1.23e+00 7.79e-02 4.59e-05 2.75e-04 3.92e-05 1.31e-05 7.70e-06 7.00e-07
1.26e+00 1.18e+00 9.33e-02 1.20e+00 9.47e-02 2.09e-04 1.08e-02 5.69e-04 2.57e-04 1.27e-04 1.81e-05
1.21e+00 1.40e+00 1.35e-01 1.43e+00 1.37e-01 4.72e-05 5.67e-04 5.07e-04 1.47e-04 8.17e-05 9.81e-06
1.29e+00 1.30e+00 5.91e-02 1.25e+00 8.07e-02 3.65e-04 4.52e-03 5.47e-04 2.78e-04 1.90e-04 2.38e-05
1.28e+00 1.32e+00 1.25e-02 1.32e+00 1.29e-02 2.09e-05 2.27e-05 6.34e-04 2.87e-04 2.87e-04 2.97e-05
1.27e+00 1.06e+00 1.83e-02 1.05e+00 2.17e-02 6.73e-08 2.79e-03 5.65e-04 3.17e-04 1.80e-04 2.16e-05
1.28e+00 1.18e+00 7.14e-02 1.21e+00 7.56e-02 3.04e-04 1.13e-02 5.12e-04 2.23e-04 1.65e-04 2.06e-05
1.27e+00 1.39e+00 1.00e-02 1.39e+00 1.07e-02 2.07e-27 2.07e-27 6.38e-04 2.53e-04 1.73e-04 2.89e-05
1.29e+00 1.25e+00 5.41e-02 1.23e+00 5.71e-02 1.16e-04 4.93e-03 5.57e-04 1.98e-04 1.16e-04 1.71e-05
1.28e+00 1.32e+00 7.12e-02 1.27e+00 8.58e-02 6.81e-04 5.47e-03 5.85e-04 2.91e-04 2.02e-04 2.58e-05
1.30e+00 1.28e+00 4.61e-02 1.31e+00 5.77e-02 6.51e-04 3.69e-03 5.17e-04 1.95e-04 1.09e-04 2.65e-05
1.26e+00 1.31e+00 3.90e-01 1.00e+00 4.99e-01 1.45e-05 8.79e-03 5.24e-04 1.24e-04 6.55e-05 7.28e-06
1.31e+00 1.41e+00 5.14e-02 1.41e+00 5.16e-02 4.82e-06 4.61e-05 3.32e-04 1.56e-04 9.02e-05 8.20e-06
1.31e+00 1.38e+00 3.53e-02 1.38e+00 3.53e-02 8.63e-05 2.00e-04 5.09e-04 2.32e-04 1.32e-04 2.25e-05
1.30e+00 1.39e+00 4.18e-02 1.40e+00 4.28e-02 4.46e-05 2.80e-04 5.19e-04 1.92e-04 1.28e-04 1.60e-05
1.30e+00 1.11e+00 1.04e-01 1.05e+00 1.20e-01 1.93e-05 4.15e-03 5.83e-04 1.62e-04 5.76e-05 1.08e-05
1.26e+00 1.30e+00 3.01e-02 1.30e+00 3.01e-02 1.94e-04 3.64e-04 4.51e-04 1.84e-04 1.00e-04 1.62e-05
1.30e+00 1.28e+00 4.94e-02 1.29e+00 5.07e-02 6.51e-04 4.51e-03 5.32e-04 1.94e-04 1.07e-04 1.67e-05
1.27e+00 1.23e+00 3.47e-02 1.20e+00 4.30e-02 3.08e-04 3.90e-03 5.45e-04 2.45e-04 1.48e-04 2.41e-05
1.30e+00 1.41e+00 8.79e-02 1.43e+00 9.03e-02 1.85e-07 2.44e-04 3.33e-04 1.43e-04 9.12e-05 5.95e-06
1.25e+00 1.05e+00 1.80e-02 1.05e+00 1.80e-02 1.97e-09 2.83e-03 7.16e-04 2.92e-04 2.77e-04 2.16e-05
1.30e+00 1.36e+00 4.31e-02 1.38e+00 4.73e-02 8.84e-05 6.72e-04 5.70e-04 2.35e-04 9.34e-05 2.25e-05
1.30e+00 1.37e+00 1.41e-02 1.37e+00 1.42e-02 4.75e-09 4.82e-09 5.14e-04 2.68e-04 2.26e-04 4.85e-05
1.31e+00 1.42e+00 3.40e-02 1.42e+00 3.41e-02 5.78e-05 1.14e-04 5.67e-04 2.34e-04 1.80e-04 1.58e-05
1.30e+00 1.29e+00 5.57e-03 1.29e+00 6.68e-03 4.63e-05 1.20e-03 6.64e-04 4.87e-04 4.87e-04 4.67e-05
1.27e+00 1.49e+00 5.09e-03 1.49e+00 7.01e-03 1.65e-81 1.65e-81 6.11e-04 5.61e-04 5.61e-04 5.61e-04
1.29e+00 1.51e+00 3.11e-02 1.49e+00 3.65e-02 1.55e-22 8.11e-18 5.89e-04 2.03e-04 1.66e-04 1.84e-05
1.29e+00 1.45e+00 1.09e-02 1.45e+00 1.09e-02 5.87e-18 6.42e-18 6.22e-04 3.69e-04 1.19e-04 2.19e-05
1.27e+00 1.23e+00 3.70e-02 1.20e+00 5.08e-02 5.45e-04 4.03e-03 5.91e-04 2.59e-04 2.38e-04 2.10e-05
1.28e+00 1.40e+00 1.00e-02 1.40e+00 1.04e-02 1.34e-27 1.38e-26 6.35e-04 2.91e-04 2.91e-04 2.24e-05
1.29e+00 1.30e+00 1.87e-02 1.30e+00 1.92e-02 4.60e-04 9.67e-04 5.11e-04 2.16e-04 1.92e-04 2.70e-05
1.29e+00 1.23e+00 4.14e-02 1.22e+00 4.32e-02 7.09e-05 3.89e-03 6.30e-04 2.29e-04 9.25e-05 1.37e-05
1.29e+00 1.11e+00 5.55e-02 1.09e+00 5.79e-02 8.35e-09 2.62e-03 6.95e-04 2.53e-04 1.21e-04 2.14e-05
1.29e+00 1.55e+00 1.79e-02 1.55e+00 1.83e-02 2.75e-74 2.15e-41 4.27e-04 2.03e-04 1.58e-04 2.09e-05
1.27e+00 1.25e+00 7.31e-02 1.27e+00 7.51e-02 6.79e-04 6.12e-03 5.37e-04 2.36e-04 1.20e-04 1.37e-05
1.30e+00 1.28e+00 2.81e-02 1.28e+00 2.81e-02 2.69e-04 3.25e-03 5.27e-04 2.97e-04 1.32e-04 1.01e-05
1.26e+00 1.24e+00 2.37e-01 1.10e+00 2.74e-01 1.75e-05 9.57e-03 5.40e-04 1.74e-04 9.24e-05 1.07e-05
1.31e+00 1.50e+00 7.50e-02 1.48e+00 7.83e-02 2.43e-05 7.42e-05 6.70e-04 2.72e-04 1.55e-04 1.94e-05
1.30e+00 1.39e+00 2.87e-02 1.39e+00 2.90e-02 2.51e-06 7.31e-06 5.32e-04 2.66e-04 1.70e-04 1.92e-05
1.28e+00 1.23e+00 7.54e-02 1.22e+00 7.62e-02 6.96e-04 9.66e-03 6.49e-04 2.60e-04 1.36e-04 2.93e-05
1.26e+00 1.43e+00 5.36e-02 1.41e+00 5.76e-02 8.23e-09 1.01e-08 4.36e-04 1.91e-04 1.02e-04 1.27e-05
1.27e+00 1.13e+00 5.46e-02 1.11e+00 5.92e-02 6.23e-05 7.75e-03 5.57e-04 2.13e-04 1.21e-04 1.77e-05
1.30e+00 1.47e+00 6.52e-02 1.48e+00 6.66e-02 2.68e-05 5.07e-05 4.80e-04 1.25e-04 7.48e-05 1.56e-05
1.28e+00 1.17e+00 2.06e-02 1.16e+00 2.34e-02 7.32e-08 3.68e-03 6.04e-04 4.57e-04 1.89e-04 2.44e-05
1.28e+00 1.47e+00 1.40e-02 1.47e+00 1.41e-02 7.17e-60 3.72e-51 2.58e-29 1.29e-29 1.04e-29 2.67e-30
1.27e+00 1.29e+00 1.32e-02 1.29e+00 1.34e-02 2.52e-04 3.36e-04 5.51e-04 2.54e-04 1.64e-04 3.67e-05
1.27e+00 1.37e+00 1.20e-02 1.37e+00 1.26e-02 2.72e-22 2.74e-22 4.37e-04 2.42e-04 2.00e-04 4.60e-05
1.31e+00 1.41e+00 2.02e-02 1.41e+00 2.02e-02 3.04e-07 1.01e-06 6.33e-04 2.10e-04 1.72e-04 2.86e-05
1.30e+00 1.26e+00 1.72e-02 1.26e+00 1.72e-02 1.18e-05 2.45e-03 5.59e-04 2.50e-04 1.26e-04 2.35e-05
1.31e+00 1.29e+00 6.05e-03 1.29e+00 6.89e-03 3.90e-07 1.23e-03 6.64e-04 4.81e-04 4.81e-04 8.35e-05
1.26e+00 1.58e+00 3.84e-02 1.58e+00 3.86e-02 1.25e-22 4.27e-08 5.29e-04 2.62e-04 1.41e-04 2.94e-05
1.26e+00 1.09e+00 5.64e-02 1.06e+00 6.42e-02 1.10e-05 5.42e-03 5.67e-04 2.30e-04 1.15e-04 1.80e-05
1.30e+00 1.25e+00 1.22e-01 1.33e+00 1.44e-01 4.53e-04 6.80e-03 3.55e-04 1.41e-04 8.55e-05 1.76e-05
1.26e+00 1.26e+00 6.60e-02 1.26e+00 6.60e-02 6.65e-04 3.35e-03 5.34e-04 1.93e-04 1.12e-04 1.01e-05
1.30e+00 1.35e+00 4.27e-02 1.35e+00 4.28e-02 2.65e-04 8.65e-04 5.09e-04 1.99e-04 1.30e-04 1.63e-05
1.29e+00 1.43e+00 1.96e-02 1.43e+00 1.99e-02 2.07e-19 2.12e-19 6.60e-11 2.79e-11 1.89e-11 1.96e-12
1.26e+00 1.05e+00 1.83e-02 1.06e+00 1.92e-02 8.37e-14 3.07e-03 6.07e-04 2.91e-04 2.19e-04 6.82e-05
1.27e+00 1.16e+00 7.57e-02 1.22e+00 9.84e-02 3.79e-05 5.07e-03 4.93e-04 2.88e-04 1.44e-04 2.05e-05
1.30e+00 1.77e+00 3.39e-01 1.88e+00 3.56e-01 3.98e-06 2.11e-03 3.42e-04 1.16e-04 6.53e-05 5.02e-06
1.30e+00 1.36e+00 3.94e-02 1.36e+00 3.96e-02 1.74e-04 5.09e-04 5.55e-04 2.24e-04 1.40e-04 1.30e-05
1.30e+00 1.17e+00 3.04e-02 1.16e+00 3.19e-02 1.56e-06 5.04e-03 6.36e-04 2.51e-04 1.57e-04 2.10e-05
1.28e+00 1.29e+00 7.53e-02 1.29e+00 7.54e-02 5.47e-04 3.80e-03 4.42e-04 1.74e-04 9.66e-05 8.28e-06
1.28e+00 1.34e+00 6.63e-02 1.37e+00 7.14e-02 2.67e-04 1.91e-03 5.00e-04 1.95e-04 1.14e-04 1.95e-05
1.27e+00 1.33e+00 1.15e-02 1.33e+00 1.16e-02 3.77e-10 3.79e-10 6.54e-04 4.27e-04 1.84e-04 3.94e-05
1.29e+00 1.36e+00 4.21e-02 1.37e+00 4.26e-02 8.10e-05 3.94e-04 5.44e-04 2.20e-04 1.39e-04 1.62e-05
1.27e+00 1.08e+00 7.14e-02 1.06e+00 7.52e-02 2.37e-06 5.15e-03 6.25e-04 2.05e-04 8.98e-05 1.08e-05
1.29e+00 1.44e+00 6.07e-02 1.47e+00 6.68e-02 3.09e-05 9.32e-05 5.63e-04 1.54e-04 8.19e-05 1.37e-05
1.27e+00 1.57e+00 8.26e-03 1.57e+00 8.67e-03 1.54e-40 4.28e-23 1.28e-07 9.10e-08 4.19e-08 1.48e-08
1.29e+00 1.49e+00 6.44e-03 1.49e+00 6.54e-03 7.91e-101 7.91e-101 6.11e-04 6.11e-04 6.11e-04 1.53e-05
1.26e+00 1.22e+00 4.99e-02 1.22e+00 4.99e-02 4.25e-04 6.68e-03 5.31e-04 2.26e-04 1.23e-04 1.71e-05
1.26e+00 1.28e+00 1.48e-02 1.28e+00 1.54e-02 2.48e-04 3.59e-04 5.41e-04 3.27e-04 1.49e-04 3.10e-05
1.29e+00 1.27e+00 8.59e-03 1.27e+00 9.49e-03 3.81e-05 1.32e-03 5.73e-04 4.55e-04 1.64e-04 1.15e-04
1.31e+00 1.47e+00 2.33e-01 1.38e+00 2.51e-01 7.63e-04 4.69e-03 7.34e-04 2.31e-04 1.16e-04 1.00e-05
1.30e+00 1.56e+00 1.78e-02 1.56e+00 1.78e-02 1.32e-84 5.98e-42 5.20e-04 2.05e-04 1.13e-04 4.16e-05
1.30e+00 1.13e+00 1.85e-01 1.05e+00 2.02e-01 1.08e-04 1.19e-02 5.22e-04 1.73e-04 1.08e-04 7.20e-06
1.27e+00 1.17e+00 9.26e-02 1.09e+00 1.20e-01 4.74e-04 1.26e-02 5.20e-04 2.89e-04 1.85e-04 2.85e-05
1.31e+00 1.59e+00 1.50e-02 1.60e+00 1.88e-02 6.94e-67 5.23e-17 5.79e-04 1.86e-04 1.11e-04 2.33e-05
1.29e+00 1.34e+00 3.90e-02 1.35e+00 3.98e-02 1.07e-04 4.46e-04 5.18e-04 2.64e-04 1.30e-04 1.63e-05
1.30e+00 1.25e+00 4.97e-02 1.22e+00 6.05e-02 4.79e-04 4.66e-03 6.00e-04 2.50e-04 1.37e-04 2.74e-05
1.26e+00 1.13e+00 1.03e-01 1.05e+00 1.28e-01 2.34e-05 6.05e-03 6.05e-04 1.98e-04 9.36e-05 1.08e-05
1.26e+00 1.06e+00 2.07e-02 1.05e+00 2.52e-02 3.11e-08 2.91e-03 7.02e-04 3.78e-04 2.45e-04 4.68e-05
1.29e+00 1.58e+00 1.27e-02 1.58e+00 1.28e-02 8.35e-292 1.86e-150 5.85e-04 2.23e-04 1.82e-04 3.82e-05
1.29e+00 1.31e+00 3.64e-02 1.31e+00 3.64e-02 5.59e-04 1.87e-03 5.34e-04 2.42e-04 1.42e-04 1.33e-05
1.30e+00 1.47e+00 1.71e-02 1.47e+00 1.73e-02 6.34e-22 6.38e-22 2.43e-06 1.13e-06 7.45e-07 1.20e-07
1.25e+00 1.22e+00 5.36e-02 1.23e+00 5.57e-02 6.20e-04 5.68e-03 5.36e-04 1.88e-04 1.09e-04 1.71e-05
1.27e+00 1.18e+00 3.70e-02 1.20e+00 4.28e-02 6.36e-07 5.24e-03 5.34e-04 2.14e-04 1.34e-04 1.72e-05
1.26e+00 1.08e+00 2.33e-02 1.08e+00 2.34e-02 1.65e-09 4.29e-03 6.43e-04 3.25e-04 1.79e-04 2.86e-05
1.30e+00 1.36e+00 9.24e-02 1.31e+00 1.04e-01 6.96e-04 3.76e-03 5.10e-04 2.14e-04 1.18e-04 1.43e-05
1.29e+00 1.19e+00 3.33e-02 1.20e+00 3.43e-02 7.30e-06 5.67e-03 5.24e-04 2.48e-04 1.31e-04 2.76e-05
1.30e+00 1.34e+00 2.02e-02 1.34e+00 2.02e-02 5.47e-05 7.02e-05 4.10e-04 1.95e-04 1.61e-04 1.98e-05
1.29e+00 1.18e+00 2.13e-02 1.18e+00 2.19e-02 1.17e-07 3.68e-03 5.83e-04 3.16e-04 1.77e-04 3.47e-05
1.27e+00 1.54e+00 1.67e-02 1.54e+00 1.74e-02 1.63e-23 1.16e-15 1.18e-04 4.18e-05 3.94e-05 3.58e-06
1.28e+00 1.52e+00 7.09e-02 1.48e+00 7.94e-02 1.38e-06 3.96e-06 4.37e-04 2.06e-04 1.08e-04 1.40e-05
1.27e+00 1.08e+00 3.27e-02 1.07e+00 3.41e-02 9.62e-07 3.81e-03 5.77e-04 2.94e-04 1.86e-04 1.79e-05
1.30e+00 1.41e+00 3.51e-02 1.40e+00 3.56e-02 2.18e-05 7.33e-05 5.11e-04 2.52e-04 1.12e-04 1.60e-05
1.28e+00 1.44e+00 8.93e-03 1.44e+00 9.58e-03 2.68e-27 2.78e-27 6.25e-04 5.93e-04 2.23e-04 3.14e-05
1.27e+00 1.49e+00 4.84e-02 1.46e+00 5.58e-02 5.06e-14 4.51e-09 5.10e-04 2.05e-04 6.22e-05 1.56e-05
1.31e+00 1.32e+00 1.25e-02 1.32e+00 1.31e-02 3.86e-04 5.89e-04 4.34e-04 3.08e-04 2.15e-04 1.29e-05
1.29e+00 1.35e+00 7.21e-02 1.39e+00 8.49e-02 7.00e-04 4.81e-03 6.99e-04 3.27e-04 2.33e-04 4.03e-05
1.29e+00 1.11e+00 9.35e-02 1.08e+00 9.86e-02 2.02e-05 7.31e-03 6.04e-04 2.32e-04 1.00e-04 1.07e-05
1.28e+00 1.18e+00 4.81e-02 1.18e+00 4.82e-02 4.62e-05 8.40e-03 5.50e-04 2.96e-04 1.60e-04 1.74e-05
1.29e+00 1.16e+00 8.06e-02 1.09e+00 1.04e-01 1.44e-04 1.19e-02 5.32e-04 2.93e-04 1.53e-04 2.14e-05
1.27e+00 1.23e+00 5.91e-02 1.27e+00 7.06e-02 6.64e-04 6.15e-03 5.04e-04 2.20e-04 1.25e-04 2.37e-05
1.29e+00 1.32e+00 1.65e-02 1.32e+00 1.70e-02 1.27e-04 1.75e-04 6.57e-04 3.99e-04 2.01e-04 1.98e-05
1.28e+00 1.44e+00 7.32e-03 1.44e+00 7.34e-03 3.81e-61 3.85e-61 6.25e-04 2.95e-04 2.26e-04 1.88e-05
1.26e+00 1.07e+00 7.80e-02 1.06e+00 7.89e-02 1.07e-21 2.67e-03 5.96e-04 3.12e-04 2.73e-04 1.80e-05
1.30e+00 1.50e+00 6.06e-02 1.49e+00 6.21e-02 6.64e-06 1.34e-05 5.20e-04 1.93e-04 1.02e-04 1.40e-05
1.30e+00 1.48e+00 3.51e-03 1.48e+00 3.70e-03 5.77e-70 5.77e-70 6.13e-04 6.13e-04 6.13e-04 9.25e-05
1.28e+00 1.24e+00 3.09e-02 1.25e+00 3.28e-02 2.37e-04 4.45e-03 5.37e-04 2.55e-04 1.50e-04 2.70e-05
1.27e+00 1.02e+00 1.99e-02 1.03e+00 2.05e-02 1.25e-11 2.99e-03 7.09e-04 2.53e-04 1.59e-04 2.53e-05
1.29e+00 1.51e+00 1.50e-02 1.52e+00 1.59e-02 2.77e-47 8.18e-24 4.41e-11 2.86e-11 1.22e-11 2.93e-12
1.32e+00 1.34e+00 2.12e-02 1.33e+00 2.20e-02 5.84e-04 1.30e-03 5.49e-04 3.02e-04 1.41e-04 3.29e-05
1.27e+00 1.28e+00 7.19e-02 1.27e+00 7.24e-02 2.95e-04 1.73e-03 2.32e-04 1.04e-04 5.36e-05 4.47e-06
1.27e+00 1.28e+00 1.50e-01 1.37e+00 1.74e-01 4.38e-05 2.90e-03 3.31e-04 1.12e-04 7.08e-05 1.14e-05
1.30e+00 1.43e+00 6.73e-02 1.40e+00 7.57e-02 3.67e-05 9.20e-05 4.71e-04 1.90e-04 1.06e-04 1.29e-05
1.26e+00 1.38e+00 9.62e-03 1.38e+00 1.00e-02 2.63e-29 4.46e-14 4.47e-04 1.87e-04 1.87e-04 2.92e-05
1.29e+00 1.74e+00 3.19e-01 1.65e+00 3.32e-01 9.57e-05 7.79e-04 4.42e-04 2.00e-04 1.07e-04 1.07e-05
1.27e+00 1.24e+00 1.95e-02 1.24e+00 2.02e-02 1.74e-04 3.27e-03 5.17e-04 2.89e-04 1.43e-04 2.04e-05
1.31e+00 1.54e+00 1.67e-02 1.54e+00 1.73e-02 4.65e-37 2.88e-21 1.56e-08 5.50e-09 5.11e-09 5.50e-10
1.27e+00 1.10e+00 6.48e-02 1.05e+00 8.19e-02 2.94e-06 4.47e-03 5.83e-04 2.27e-04 1.33e-04 1.80e-05
1.31e+00 1.28e+00 1.04e-02 1.29e+00 1.16e-02 3.88e-05 1.50e-03 5.49e-04 2.02e-04 1.82e-04 2.48e-05
1.31e+00 1.28e+00 1.33e-01 1.32e+00 1.40e-01 6.75e-04 6.02e-03 4.87e-04 1.47e-04 7.20e-05 1.03e-05
1.27e+00 1.41e+00 1.65e-02 1.41e+00 1.67e-02 1.40e-18 4.04e-06 4.15e-04 2.44e-04 9.80e-05 1.25e-05
1.29e+00 1.36e+00 8.69e-03 1.36e+00 9.60e-03 1.29e-17 1.29e-17 6.46e-04 6.07e-04 2.11e-04 1.43e-04
1.30e+00 1.33e+00 2.56e-02 1.32e+00 2.61e-02 2.41e-04 4.68e-04 5.21e-04 2.64e-04 1.85e-04 1.32e-05
1.29e+00 1.07e+00 4.68e-02 1.07e+00 4.68e-02 1.11e-09 2.63e-04 1.83e-05 7.42e-06 4.91e-06 6.55e-07
1.26e+00 1.31e+00 5.17e-02 1.30e+00 5.30e-02 5.23e-04 1.22e-03 6.07e-04 2.53e-04 1.48e-04 2.36e-05
1.27e+00 1.43e+00 1.58e-02 1.43e+00 1.58e-02 2.53e-20 4.44e-20 5.61e-04 3.37e-04 1.26e-04 2.21e-05
1.30e+00 1.32e+00 7.25e-02 1.31e+00 7.39e-02 8.41e-04 4.07e-03 6.77e-04 2.91e-04 1.43e-04 1.79e-05
1.29e+00 1.13e+00 6.42e-02 1.18e+00 8.11e-02 1.63e-07 4.59e-03 6.59e-04 3.05e-04 1.32e-04 2.43e-05
1.31e+00 1.29e+00 7.48e-03 1.28e+00 9.58e-03 5.01e-06 1.52e-03 6.67e-04 6.27e-04 6.27e-04 5.70e-05
1.29e+00 1.25e+00 1.69e-01 1.16e+00 1.93e-01 7.64e-05 6.99e-03 4.86e-04 1.22e-04 6.30e-05 1.05e-05
1.27e+00 1.15e+00 7.93e-02 1.10e+00 9.30e-02 9.27e-05 9.50e-03 4.76e-04 2.74e-04 1.42e-04 1.78e-05
1.26e+00 1.05e+00 1.01e-01 1.03e+00 1.03e-01 1.06e-20 3.37e-03 6.26e-04 4.02e-04 1.70e-04 1.45e-05
1.27e+00 1.05e+00 2.45e-02 1.04e+00 2.50e-02 6.87e-09 3.77e-03 5.52e-04 3.39e-04 1.88e-04 2.89e-05
1.27e+00 1.27e+00 7.88e-03 1.27e+00 8.52e-03 6.64e-04 8.81e-04 6.69e-04 5.55e-04 1.72e-04 6.73e-05
1.30e+00 1.43e+00 9.92e-03 1.42e+00 1.16e-02 1.05e-62 1.05e-62 6.30e-04 2.56e-04 2.03e-04 5.07e-05
1.26e+00 1.60e+00 2.87e-02 1.60e+00 2.88e-02 7.47e-22 1.60e-07 4.92e-04 2.71e-04 1.40e-04 3.49e-05
1.28e+00 1.36e+00 5.36e-02 1.32e+00 6.47e-02 2.96e-04 6.17e-04 5.41e-04 2.65e-04 1.41e-04 2.69e-05
1.27e+00 1.19e+00 3.35e-02 1.19e+00 3.37e-02 1.24e-05 2.55e-03 2.56e-04 1.14e-04 7.66e-05 9.38e-06
1.27e+00 1.12e+00 1.82e-01 1.04e+00 2.00e-01 1.24e-05 3.17e-03 7.23e-04 6.18e-05 2.91e-05 3.63e-06
1.26e+00 1.48e+00 6.34e-04 1.48e+00 6.36e-04 3.94e-287 3.94e-287 6.13e-04 6.13e-04 6.13e-04 6.13e-04
1.28e+00 1.18e+00 5.71e-02 1.18e+00 5.72e-02 1.26e-04 9.66e-03 5.55e-04 2.63e-04 1.51e-04 2.11e-05
1.30e+00 1.34e+00 3.26e-02 1.34e+00 3.27e-02 1.34e-04 4.22e-04 4.91e-04 3.04e-04 1.54e-04 1.64e-05
1.28e+00 1.25e+00 1.07e-01 1.26e+00 1.07e-01 5.88e-04 6.75e-03 5.06e-04 1.76e-04 1.01e-04 1.35e-05
1.27e+00 1.59e+00 2.45e-02 1.58e+00 2.51e-02 1.49e-27 8.25e-09 5.06e-04 2.32e-04 1.23e-04 2.65e-05
1.31e+00 1.47e+00 8.58e-03 1.47e+00 8.88e-03 4.43e-24 4.45e-24 6.17e-04 4.12e-04 2.20e-04 2.48e-05
1.31e+00 1.41e+00 2.04e-02 1.41e+00 2.07e-02 1.84e-06 9.41e-06 6.23e-04 2.99e-04 1.46e-04 1.59e-05
1.26e+00 1.09e+00 7.22e-02 1.08e+00 7.32e-02 3.54e-06 6.70e-03 5.68e-04 2.64e-04 1.50e-04 1.79e-05
1.28e+00 1.29e+00 2.03e-02 1.29e+00 2.03e-02 4.72e-04 1.03e-03 4.78e-04 1.71e-04 1.60e-04 2.48e-05
1.27e+00 1.28e+00 1.29e-01 1.35e+00 1.48e-01 2.99e-05 1.35e-03 3.69e-04 1.52e-04 9.65e-05 1.45e-05
1.29e+00 1.24e+00 1.25e-02 1.24e+00 1.27e-02 4.32e-08 2.22e-03 6.29e-04 2.58e-04 2.58e-04 4.08e-05
1.30e+00 1.33e+00 2.48e-02 1.33e+00 2.48e-02 2.03e-04 3.56e-04 3.92e-04 2.48e-04 1.34e-04 1.77e-05
1.26e+00 1.43e+00 3.79e-02 1.45e+00 4.19e-02 7.58e-08 9.08e-08 4.91e-04 2.06e-04 1.19e-04 9.37e-06
1.29e+00 1.37e+00 1.50e-02 1.38e+00 1.59e-02 5.74e-09 7.25e-08 6.12e-04 3.93e-04 1.77e-04 3.22e-05
1.27e+00 1.41e+00 1.16e-02 1.41e+00 1.21e-02 3.19e-20 7.22e-20 6.33e-04 3.53e-04 2.19e-04 5.72e-05
1.30e+00 1.40e+00 1.95e-02 1.40e+00 1.95e-02 2.06e-07 4.24e-07 5.30e-04 3.10e-04 1.50e-04 2.24e-05
1.26e+00 1.21e+00 4.29e-02 1.24e+00 4.98e-02 3.53e-04 6.14e-03 5.92e-04 2.79e-04 1.53e-04 2.72e-05
1.29e+00 1.29e+00 1.03e-01 1.23e+00 1.18e-01 6.38e-04 9.04e-03 5.91e-04 2.43e-04 1.18e-04 1.52e-05
1.30e+00 1.36e+00 1.01e-01 1.32e+00 1.09e-01 5.06e-04 3.01e-03 5.25e-04 1.82e-04 1.18e-04 1.68e-05
1.30e+00 1.36e+00 4.47e-02 1.37e+00 4.60e-02 1.66e-04 6.49e-04 5.35e-04 2.30e-04 1.17e-04 1.94e-05
1.29e+00 1.38e+00 6.47e-02 1.37e+00 6.53e-02 1.14e-04 3.31e-04 3.44e-04 1.57e-04 9.90e-05 9.00e-06
1.27e+00 1.15e+00 4.52e-02 1.14e+00 4.65e-02 3.23e-05 7.64e-03 5.59e-04 2.60e-04 1.37e-04 2.11e-05
1.30e+00 1.35e+00 2.53e-02 1.35e+00 2.54e-02 5.85e-05 8.40e-05 4.13e-04 1.76e-04 1.33e-04 2.90e-05
1.27e+00 1.46e+00 4.29e-01 1.25e+00 4.77e-01 6.52e-04 1.00e-02 4.61e-04 1.08e-04 4.74e-05 6.78e-06
1.26e+00 1.30e+00 1.11e-02 1.30e+00 1.11e-02 8.33e-06 9.04e-06 6.62e-04 3.89e-04 1.53e-04 2.33e-05
1.26e+00 1.16e+00 5.22e-02 1.17e+00 5.33e-02 6.70e-05 9.62e-03 5.63e-04 3.08e-04 1.92e-04 2.80e-05
1.27e+00 1.31e+00 1.18e-02 1.31e+00 1.21e-02 2.15e-05 2.34e-05 5.80e-04 3.54e-04 2.29e-04 4.31e-05
1.29e+00 1.28e+00 4.92e-02 1.25e+00 5.88e-02 2.19e-04 3.67e-03 4.85e-04 1.76e-04 1.39e-04 2.37e-05
1.30e+00 1.29e+00 5.89e-02 1.32e+00 6.61e-02 5.61e-04 5.33e-03 5.00e-04 2.28e-04 1.51e-04 2.01e-05
1.26e+00 1.37e+00 8.40e-03 1.37e+00 8.67e-03 8.52e-43 1.13e-28 4.58e-04 3.04e-04 1.68e-04 5.06e-05
1.30e+00 1.34e+00 4.85e-02 1.34e+00 4.87e-02 3.92e-04 1.73e-03 5.40e-04 2.44e-04 1.05e-04 1.98e-05
1.26e+00 1.13e+00 1.31e-01 1.04e+00 1.59e-01 2.02e-05 2.64e-03 6.39e-04 1.59e-04 7.94e-05 1.44e-05
1.32e+00 1.35e+00 1.07e-01 1.38e+00 1.10e-01 2.81e-04 1.59e-03 3.62e-04 1.51e-04 6.74e-05 6.74e-06
1.26e+00 1.28e+00 1.68e-02 1.28e+00 1.74e-02 2.95e-04 4.92e-04 5.39e-04 1.89e-04 1.75e-04 1.69e-05
1.31e+00 1.34e+00 2.80e-02 1.34e+00 2.80e-02 2.43e-04 4.34e-04 5.30e-04 3.08e-04 1.67e-04 2.29e-05
1.29e+00 1.28e+00 4.32e-02 1.26e+00 4.61e-02 1.36e-04 3.14e-03 5.54e-04 2.16e-04 9.79e-05 1.35e-05
1.29e+00 1.24e+00 1.15e-02 1.24e+00 1.15e-02 1.05e-08 1.99e-03 5.44e-04 4.22e-04 1.53e-04 3.74e-05
1.30e+00 1.38e+00 1.28e-01 1.50e+00 1.72e-01 1.64e-04 2.30e-03 2.36e-04 9.22e-05 5.50e-05 8.08e-06
1.28e+00 1.31e+00 1.14e-02 1.31e+00 1.19e-02 6.03e-05 6.77e-05 6.06e-04 3.28e-04 2.42e-04 4.31e-05
1.31e+00 1.34e+00 5.58e-02 1.36e+00 6.03e-02 3.76e-04 2.63e-03 5.32e-04 2.06e-04 1.36e-04 2.33e-05
1.31e+00 1.42e+00 3.63e-02 1.41e+00 3.92e-02 5.26e-06 1.49e-05 4.99e-04 2.61e-04 1.30e-04 2.23e-05
1.28e+00 1.17e+00 1.69e-02 1.16e+00 1.94e-02 2.43e-09 3.02e-03 6.04e-04 3.46e-04 3.46e-04 2.79e-05
1.29e+00 1.30e+00 5.70e-02 1.25e+00 7.62e-02 3.94e-04 4.95e-03 5.69e-04 2.60e-04 1.62e-04 2.46e-05
1.28e+00 1.15e+00 2.05e-02 1.15e+00 2.06e-02 1.08e-09 2.88e-03 5.46e-04 2.14e-04 1.68e-04 2.80e-05
1.26e+00 1.28e+00 5.30e-03 1.28e+00 6.68e-03 1.04e-05 1.04e-05 6.67e-04 4.59e-04 4.59e-04 4.59e-04
1.30e+00 1.34e+00 5.96e-02 1.35e+00 6.10e-02 3.93e-04 2.39e-03 5.25e-04 2.11e-04 1.15e-04 1.98e-05
1.32e+00 1.31e+00 6.22e-02 1.28e+00 6.87e-02 3.86e-04 5.43e-03 4.90e-04 1.74e-04 1.16e-04 2.04e-05
1.30e+00 1.21e+00 2.93e-02 1.22e+00 3.10e-02 6.36e-07 4.69e-03 5.38e-04 2.77e-04 1.54e-04 2.05e-05
1.30e+00 1.41e+00 1.70e-02 1.41e+00 1.73e-02 5.39e-07 1.55e-06 5.50e-04 2.32e-04 1.75e-04 1.91e-05
1.26e+00 1.23e+00 4.55e-02 1.24e+00 4.67e-02 4.45e-04 4.03e-03 5.65e-04 2.11e-04 1.09e-04 1.36e-05
1.28e+00 1.16e+00 2.85e-02 1.15e+00 2.92e-02 8.49e-07 4.39e-03 5.18e-04 2.52e-04 1.61e-04 1.75e-05
1.30e+00 1.37e+00 8.65e-02 1.37e+00 8.65e-02 3.52e-04 1.77e-03 5.69e-04 2.38e-04 1.24e-04 1.04e-05
1.29e+00 1.18e+00 6.51e-02 1.22e+00 7.59e-02 1.93e-04 1.10e-02 5.24e-04 2.50e-04 1.61e-04 2.05e-05
1.31e+00 1.32e+00 3.85e-02 1.31e+00 3.88e-02 6.58e-04 2.94e-03 4.94e-04 2.26e-04 1.33e-04 1.99e-05
1.31e+00 1.40e+00 2.13e-02 1.40e+00 2.13e-02 2.75e-06 9.40e-06 5.36e-04 1.85e-04 1.69e-04 1.60e-05
1.31e+00 1.37e+00 5.76e-02 1.40e+00 6.38e-02 1.50e-04 1.32e-03 4.44e-04 1.72e-04 9.90e-05 1.60e-05
1.27e+00 1.38e+00 6.78e-02 1.34e+00 7.88e-02 1.42e-04 3.65e-04 4.99e-04 2.43e-04 1.38e-04 1.31e-05
1.27e+00 1.24e+00 3.79e-02 1.20e+00 5.39e-02 6.16e-04 5.56e-03 5.67e-04 2.70e-04 2.35e-04 3.11e-05
1.30e+00 1.32e+00 8.00e-02 1.30e+00 8.25e-02 6.47e-04 2.56e-03 5.26e-04 1.87e-04 8.99e-05 6.66e-06
1.29e+00 1.22e+00 5.11e-03 1.22e+00 6.02e-03 1.08e-37 1.06e-03 6.81e-04 3.53e-04 3.53e-04 3.53e-04
1.28e+00 1.52e+00 7.91e-03 1.52e+00 8.47e-03 4.89e-236 2.15e-177 6.02e-04 6.02e-04 6.02e-04 2.12e-05
1.26e+00 1.55e+00 8.10e-02 1.56e+00 8.20e-02 2.41e-16 3.40e-08 2.28e-07 1.19e-07 5.17e-08 6.01e-09
1.26e+00 1.32e+00 1.52e-02 1.32e+00 1.52e-02 1.64e-07 1.73e-07 4.58e-04 2.38e-04 1.96e-04 2.33e-05
1.30e+00 1.26e+00 9.10e-03 1.27e+00 1.07e-02 4.82e-07 1.58e-03 6.69e-04 5.21e-04 2.12e-04 3.03e-05
1.27e+00 1.55e+00 2.81e-02 1.55e+00 2.81e-02 4.95e-27 6.28e-12 4.89e-04 1.91e-04 1.28e-04 2.09e-05
1.27e+00 1.38e+00 5.91e-03 1.38e+00 7.35e-03 3.98e-69 3.98e-69 6.41e-04 5.73e-04 5.73e-04 4.83e-05
1.30e+00 1.21e+00 1.84e-01 1.06e+00 2.37e-01 2.18e-06 6.31e-03 5.64e-04 1.51e-04 9.34e-05 1.08e-05
1.27e+00 1.36e+00 1.24e-02 1.36e+00 1.24e-02 5.10e-19 5.10e-19 4.87e-04 4.84e-04 1.88e-04 3.25e-05
1.28e+00 1.32e+00 1.05e-01 1.32e+00 1.05e-01 5.82e-04 3.33e-03 6.55e-04 3.06e-04 1.53e-04 1.28e-05
1.31e+00 1.42e+00 5.40e-02 1.46e+00 7.02e-02 1.11e-04 2.11e-04 4.54e-04 2.05e-04 1.43e-04 1.56e-05
1.27e+00 1.02e+00 4.28e-02 1.01e+00 4.45e-02 2.53e-11 3.33e-03 6.29e-04 3.23e-04 1.42e-04 1.09e-05
1.30e+00 1.41e+00 1.63e-01 1.31e+00 1.91e-01 2.98e-04 1.44e-03 2.50e-04 1.02e-04 5.42e-05 6.57e-06
1.28e+00 1.26e+00 5.88e-02 1.28e+00 6.24e-02 6.66e-04 5.06e-03 5.11e-04 2.15e-04 1.18e-04 2.02e-05
1.27e+00 1.46e+00 1.08e-02 1.46e+00 1.09e-02 5.63e-24 6.54e-24 6.19e-04 3.67e-04 3.67e-04 3.11e-05
1.26e+00 1.27e+00 9.73e-03 1.27e+00 9.73e-03 4.42e-04 6.75e-04 5.73e-04 3.14e-04 3.14e-04 6.62e-05
1.28e+00 1.09e+00 1.25e-02 1.09e+00 1.25e-02 3.27e-21 2.06e-03 7.09e-04 4.31e-04 1.92e-04 3.92e-05
1.30e+00 1.36e+00 3.78e-02 1.36e+00 3.79e-02 1.98e-04 5.09e-04 5.59e-04 2.27e-04 1.43e-04 1.62e-05
1.26e+00 1.31e+00 6.56e-02 1.31e+00 6.57e-02 2.12e-04 8.54e-04 4.35e-04 1.56e-04 1.02e-04 7.81e-06
1.27e+00 1.25e+00 5.39e-02 1.27e+00 5.64e-02 6.74e-04 4.70e-03 5.35e-04 2.10e-04 1.15e-04 1.35e-05
1.29e+00 1.48e+00 4.61e-02 1.48e+00 4.61e-02 8.35e-09 1.69e-05 2.86e-04 1.21e-04 7.64e-05 1.04e-05
1.31e+00 1.22e+00 4.74e-02 1.23e+00 4.80e-02 8.99e-05 7.26e-03 5.15e-04 2.18e-04 1.33e-04 1.71e-05
1.28e+00 1.27e+00 2.28e-02 1.27e+00 2.28e-02 5.16e-04 2.39e-03 5.10e-04 2.39e-04 1.30e-04 1.44e-05
1.29e+00 1.46e+00 4.38e-03 1.46e+00 4.47e-03 7.11e-89 7.11e-89 6.19e-04 6.19e-04 6.19e-04 4.04e-05
1.27e+00 1.27e+00 1.55e-02 1.28e+00 1.65e-02 5.55e-04 1.21e-03 5.56e-04 3.58e-04 1.47e-04 4.23e-05
1.27e+00 1.37e+00 4.55e-02 1.34e+00 5.69e-02 2.02e-05 3.32e-05 4.75e-04 2.26e-04 1.51e-04 2.62e-05
1.28e+00 1.20e+00 1.24e-01 1.22e+00 1.25e-01 1.31e-04 9.11e-03 4.71e-04 1.87e-04 1.07e-04 1.39e-05
1.31e+00 1.45e+00 4.40e-02 1.45e+00 4.42e-02 1.18e-07 3.29e-05 3.18e-04 1.34e-04 7.90e-05 9.41e-06
1.29e+00 1.30e+00 4.48e-02 1.30e+00 4.48e-02 6.27e-04 2.86e-03 5.46e-04 2.36e-04 1.27e-04 1.66e-05
1.29e+00 1.06e+00 1.52e-02 1.06e+00 1.55e-02 5.92e-14 2.70e-03 5.82e-04 3.63e-04 2.51e-04 3.95e-05
1.31e+00 1.60e+00 1.92e-03 1.60e+00 1.92e-03 1.68e-139 1.90e-51 5.79e-04 5.79e-04 5.79e-04 1.16e-05
1.30e+00 1.08e+00 2.22e-02 1.08e+00 2.25e-02 1.35e-09 2.88e-03 6.75e-04 4.93e-04 2.11e-04 3.57e-05
1.27e+00 1.33e+00 1.97e-02 1.33e+00 2.02e-02 2.68e-06 3.05e-06 4.12e-04 2.33e-04 1.16e-04 3.79e-05
1.31e+00 1.27e+00 6.49e-02 1.24e+00 7.09e-02 1.61e-04 5.71e-03 5.18e-04 1.89e-04 1.16e-04 1.75e-05
1.31e+00 1.42e+00 1.59e-01 1.38e+00 1.64e-01 7.55e-04 4.13e-03 7.75e-04 3.11e-04 1.39e-04 1.44e-05
1.26e+00 1.06e+00 2.98e-02 1.05e+00 3.03e-02 1.93e-08 2.74e-03 5.65e-04 3.38e-04 1.84e-04 2.52e-05
1.26e+00 1.13e+00 2.25e-02 1.12e+00 2.32e-02 2.23e-17 1.02e-08 1.55e-09 9.13e-10 4.47e-10 6.80e-11
1.30e+00 1.33e+00 4.69e-02 1.33e+00 4.70e-02 4.24e-04 1.66e-03 5.12e-04 2.44e-04 1.09e-04 1.32e-05
1.28e+00 1.06e+00 8.32e-03 1.06e+00 8.34e-03 2.30e-50 1.44e-03 7.15e-04 2.95e-04 2.95e-04 3.59e-05
1.31e+00 1.55e+00 1.87e-02 1.55e+00 1.87e-02 6.55e-107 4.93e-92 5.94e-04 2.12e-04 2.03e-04 2.98e-05
1.26e+00 1.38e+00 4.94e-02 1.34e+00 6.14e-02 4.49e-06 5.36e-06 3.93e-04 1.83e-04 1.08e-04 2.62e-05
1.27e+00 1.29e+00 2.38e-02 1.29e+00 2.38e-02 3.97e-04 8.69e-04 5.84e-04 2.77e-04 1.50e-04 2.34e-05
1.28e+00 1.35e+00 1.53e-02 1.35e+00 1.53e-02 1.33e-15 1.33e-15 1.08e-07 6.20e-08 4.69e-08 5.79e-09
1.29e+00 1.77e+00 3.32e-01 1.65e+00 3.52e-01 1.08e-05 8.48e-04 4.27e-04 1.30e-04 4.61e-05 8.65e-06
1.31e+00 1.49e+00 1.02e-02 1.49e+00 1.04e-02 1.88e-23 1.91e-23 7.01e-04 2.89e-04 2.89e-04 7.75e-05
1.28e+00 1.58e+00 2.12e-02 1.58e+00 2.15e-02 3.32e-17 1.21e-08 1.90e-06 1.08e-06 5.91e-07 1.05e-07
1.25e+00 1.16e+00 5.19e-02 1.14e+00 5.57e-02 9.24e-05 7.72e-03 5.72e-04 2.35e-04 1.54e-04 1.76e-05
1.27e+00 1.44e+00 1.31e-02 1.44e+00 1.35e-02 5.18e-33 5.19e-33 3.61e-04 1.80e-04 1.80e-04 1.93e-05
1.29e+00 1.23e+00 4.40e-02 1.22e+00 4.57e-02 8.24e-05 4.26e-03 6.51e-04 2.60e-04 1.10e-04 1.71e-05
1.26e+00 1.08e+00 5.25e-02 1.07e+00 5.37e-02 2.48e-11 3.60e-03 5.70e-04 2.94e-04 1.68e-04 1.79e-05
1.28e+00 1.25e+00 4.36e-02 1.26e+00 4.43e-02 5.69e-04 4.92e-03 5.43e-04 2.23e-04 1.45e-04 1.35e-05
1.27e+00 1.59e+00 3.24e-02 1.60e+00 3.37e-02 8.28e-24 1.75e-06 4.75e-04 2.04e-04 1.05e-04 1.46e-05
1.28e+00 1.18e+00 1.59e-02 1.18e+00 1.59e-02 8.93e-10 2.49e-03 5.10e-04 2.39e-04 1.49e-04 2.78e-05
1.29e+00 1.33e+00 6.76e-02 1.34e+00 6.90e-02 3.20e-04 1.59e-03 5.41e-04 2.00e-04 1.10e-04 1.00e-05
1.31e+00 1.39e+00 3.13e-02 1.40e+00 3.19e-02 1.76e-05 6.22e-05 5.53e-04 2.14e-04 1.18e-04 1.92e-05
1.27e+00 1.46e+00 1.07e-02 1.46e+00 1.14e-02 5.56e-51 5.56e-51 3.65e-04 1.63e-04 1.23e-04 2.01e-05
1.27e+00 1.57e+00 2.55e-02 1.56e+00 2.61e-02 6.34e-30 1.81e-09 4.60e-04 2.46e-04 1.43e-04 1.48e-05
1.26e+00 1.16e+00 6.17e-02 1.21e+00 7.74e-02 3.79e-06 4.77e-03 6.28e-04 2.07e-04 1.66e-04 2.41e-05
1.27e+00 1.24e+00 5.98e-02 1.23e+00 6.03e-02 5.44e-04 7.05e-03 5.65e-04 2.48e-04 1.42e-04 1.46e-05
1.26e+00 1.46e+00 1.08e-02 1.46e+00 1.09e-02 5.20e-56 2.72e-41 3.65e-04 2.05e-04 8.24e-05 1.28e-05
1.28e+00 1.11e+00 6.64e-02 1.09e+00 7.03e-02 2.44e-05 1.02e-02 5.60e-04 2.28e-04 1.46e-04 2.14e-05
1.29e+00 1.49e+00 5.02e-02 1.46e+00 5.61e-02 2.08e-12 2.48e-12 5.04e-04 2.33e-04 6.84e-05 1.24e-05
1.27e+00 1.32e+00 5.49e-02 1.31e+00 5.53e-02 3.10e-04 1.34e-03 5.37e-04 2.02e-04 1.16e-04 9.95e-06
1.30e+00 1.28e+00 1.32e-01 1.23e+00 1.41e-01 2.77e-04 7.89e-03 5.71e-04 1.72e-04 7.54e-05 1.08e-05
1.27e+00 1.22e+00 5.08e-02 1.21e+00 5.24e-02 1.75e-04 5.59e-03 5.15e-04 2.08e-04 1.04e-04 2.08e-05
1.26e+00 1.32e+00 5.28e-03 1.32e+00 6.78e-03 1.14e-35 1.14e-35 6.57e-04 5.18e-04 5.18e-04 5.18e-04
1.28e+00 1.26e+00 6.39e-02 1.28e+00 6.59e-02 6.75e-04 5.46e-03 5.16e-04 2.25e-04 1.23e-04 1.37e-05
1.25e+00 1.10e+00 8.13e-02 1.07e+00 8.55e-02 7.53e-05 1.05e-02 5.37e-04 2.19e-04 1.22e-04 1.43e-05
1.28e+00 1.49e+00 2.74e-03 1.49e+00 2.86e-03 9.05e-168 9.05e-168 6.11e-04 6.11e-04 6.11e-04 5.52e-05
1.31e+00 1.33e+00 6.94e-02 1.32e+00 6.98e-02 5.90e-04 2.46e-03 5.10e-04 2.31e-04 9.39e-05 1.01e-05
1.29e+00 1.16e+00 8.45e-02 1.17e+00 8.48e-02 7.21e-06 7.18e-03 5.29e-04 2.09e-04 8.01e-05 1.04e-05
1.29e+00 1.32e+00 2.58e-02 1.32e+00 2.59e-02 3.28e-04 6.86e-04 4.01e-04 2.64e-04 1.42e-04 2.07e-05
1.26e+00 1.27e+00 4.95e-02 1.26e+00 5.06e-02 8.40e-04 4.53e-03 6.97e-04 3.42e-04 1.77e-04 1.69e-05
1.26e+00 2.05e+00 4.68e-01 2.39e+00 5.80e-01 8.47e-06 1.52e-03 2.43e-04 7.93e-05 4.61e-05 5.53e-06
1.28e+00 1.42e+00 1.30e-02 1.42e+00 1.30e-02 3.24e-27 5.93e-27 5.64e-04 2.09e-04 1.99e-04 2.22e-05
1.31e+00 1.30e+00 8.51e-03 1.30e+00 9.00e-03 7.02e-10 3.08e-09 1.45e-09 1.06e-09 4.74e-10 2.04e-10
1.28e+00 1.22e+00 3.32e-02 1.21e+00 3.39e-02 1.02e-04 4.78e-03 5.36e-04 2.89e-04 1.51e-04 2.06e-05
1.27e+00 1.30e+00 5.50e-02 1.31e+00 5.55e-02 3.45e-04 2.15e-03 5.21e-04 2.12e-04 1.39e-04 1.66e-05
1.30e+00 1.50e+00 5.65e-02 1.49e+00 5.84e-02 4.14e-06 9.86e-06 6.38e-04 2.16e-04 1.16e-04 1.29e-05
1.27e+00 1.17e+00 6.09e-02 1.20e+00 6.67e-02 3.17e-04 1.10e-02 5.73e-04 3.13e-04 1.85e-04 4.98e-05
1.27e+00 1.55e+00 7.88e-03 1.55e+00 9.07e-03 5.65e-233 3.31e-122 5.94e-04 5.19e-04 5.19e-04 1.79e-05
1.29e+00 1.41e+00 5.79e-02 1.42e+00 5.88e-02 6.69e-05 3.40e-04 5.79e-04 2.29e-04 1.14e-04 1.73e-05
1.28e+00 1.48e+00 1.86e-03 1.48e+00 1.90e-03 2.14e-112 2.14e-112 6.13e-04 6.13e-04 6.13e-04 2.47e-05
1.26e+00 1.27e+00 4.22e-02 1.26e+00 4.43e-02 6.43e-04 2.94e-03 5.49e-04 2.64e-04 1.30e-04 2.06e-05
1.32e+00 1.48e+00 6.23e-03 1.48e+00 6.26e-03 4.28e-22 4.32e-22 6.13e-04 2.00e-04 2.00e-04 1.33e-04
1.30e+00 1.26e+00 4.12e-02 1.25e+00 4.30e-02 1.40e-04 4.41e-03 5.56e-04 1.87e-04 9.83e-05 1.70e-05
1.26e+00 1.43e+00 1.53e-02 1.43e+00 1.53e-02 1.68e-28 1.68e-28 3.37e-04 1.76e-04 1.51e-04 1.78e-05
1.25e+00 1.32e+00 5.00e-03 1.32e+00 6.07e-03 2.13e-42 2.13e-42 6.57e-04 3.70e-04 3.70e-04 3.70e-04
1.29e+00 1.27e+00 4.22e-03 1.27e+00 4.25e-03 4.95e-06 7.35e-04 6.69e-04 6.69e-04 6.69e-04 2.02e-05
1.29e+00 1.22e+00 2.60e-03 1.22e+00 2.60e-03 4.41e-33 7.31e-04 6.81e-04 6.81e-04 6.81e-04 2.05e-05
1.29e+00 1.25e+00 4.02e-02 1.23e+00 4.39e-02 2.13e-04 3.65e-03 5.84e-04 2.25e-04 1.06e-04 2.05e-05
1.30e+00 1.28e+00 8.37e-03 1.28e+00 9.45e-03 6.90e-06 1.38e-03 6.67e-04 4.62e-04 1.17e-04 2.01e-05
1.27e+00 1.18e+00 1.62e-02 1.18e+00 1.67e-02 2.64e-09 2.62e-03 4.65e-04 2.33e-04 1.98e-04 2.78e-05
1.28e+00 1.58e+00 3.57e-02 1.58e+00 3.58e-02 5.83e-22 6.28e-08 4.91e-04 2.09e-04 1.06e-04 1.76e-05
1.26e+00 1.06e+00 1.34e-02 1.06e+00 1.34e-02 8.72e-31 2.38e-03 5.71e-04 2.33e-04 2.30e-04 5.75e-05
1.31e+00 1.34e+00 5.32e-02 1.38e+00 6.83e-02 4.17e-04 3.18e-03 5.03e-04 2.61e-04 2.00e-04 3.22e-05
1.30e+00 1.26e+00 6.82e-02 1.26e+00 6.84e-02 3.93e-04 5.25e-03 4.38e-04 1.82e-04 1.08e-04 8.52e-06
1.28e+00 1.27e+00 5.39e-02 1.24e+00 6.01e-02 2.99e-04 4.69e-03 4.69e-04 2.69e-04 1.27e-04 1.72e-05
1.26e+00 1.37e+00 1.27e-01 1.39e+00 1.29e-01 5.40e-06 5.51e-04 3.27e-04 1.38e-04 7.42e-05 6.55e-06
1.27e+00 1.22e+00 3.58e-01 1.00e+00 4.19e-01 4.28e-06 8.78e-03 5.64e-04 1.67e-04 5.46e-05 7.28e-06
1.27e+00 1.08e+00 6.28e-02 1.06e+00 6.46e-02 1.11e-06 5.30e-03 6.00e-04 2.66e-04 1.26e-04 1.08e-05
1.26e+00 1.42e+00 1.57e-02 1.42e+00 1.64e-02 1.79e-12 6.16e-07 3.93e-04 2.54e-04 1.08e-04 2.85e-05
1.28e+00 1.48e+00 1.63e-03 1.48e+00 1.66e-03 2.06e-141 2.06e-141 6.13e-04 6.13e-04 6.13e-04 6.13e-04
1.31e+00 1.37e+00 3.54e-02 1.37e+00 3.55e-02 1.05e-04 2.36e-04 5.09e-04 2.64e-04 1.26e-04 1.93e-05
1.28e+00 1.30e+00 6.09e-02 1.26e+00 7.36e-02 5.76e-04 4.85e-03 5.33e-04 2.63e-04 2.03e-04 3.18e-05
1.27e+00 1.26e+00 7.90e-02 1.24e+00 8.19e-02 8.13e-04 1.01e-02 6.99e-04 2.91e-04 1.65e-04 2.61e-05
1.27e+00 1.09e+00 3.99e-02 1.08e+00 4.08e-02 9.06e-07 6.40e-03 5.83e-04 2.93e-04 1.47e-04 1.43e-05
1.30e+00 1.37e+00 5.93e-02 1.39e+00 6.22e-02 1.53e-04 1.15e-03 5.54e-04 2.06e-04 1.23e-04 2.32e-05
1.27e+00 1.28e+00 4.27e-02 1.27e+00 4.34e-02 6.64e-04 3.28e-03 5.31e-04 2.20e-04 1.18e-04 1.69e-05
1.27e+00 1.20e+00 6.37e-02 1.15e+00 7.85e-02 6.09e-04 1.11e-02 5.78e-04 3.61e-04 1.79e-04 2.45e-05
1.30e+00 1.45e+00 1.45e-02 1.46e+00 1.54e-02 3.45e-09 4.49e-09 5.54e-04 3.08e-04 1.24e-04 1.87e-05
1.28e+00 1.09e+00 5.41e-03 1.09e+00 6.52e-03 1.39e-81 1.11e-03 7.09e-04 3.71e-04 3.71e-04 2.49e-05
1.27e+00 1.25e+00 1.48e-01 1.21e+00 1.53e-01 4.02e-04 1.07e-02 5.78e-04 1.85e-04 9.07e-05 1.51e-05
1.27e+00 1.18e+00 2.09e-02 1.18e+00 2.10e-02 2.86e-07 3.47e-03 5.52e-04 3.54e-04 1.98e-04 2.78e-05
1.28e+00 1.16e+00 6.72e-02 1.11e+00 8.23e-02 1.46e-04 1.13e-02 5.32e-04 2.63e-04 1.56e-04 2.13e-05
1.27e+00 1.11e+00 8.08e-02 1.06e+00 9.75e-02 2.49e-05 7.38e-03 5.35e-04 2.16e-04 1.15e-04 1.44e-05
1.27e+00 1.40e+00 3.84e-03 1.40e+00 3.99e-03 3.97e-138 9.72e-138 6.35e-04 6.35e-04 6.35e-04 2.24e-05
1.26e+00 1.28e+00 7.39e-03 1.28e+00 7.57e-03 1.72e-05 1.80e-05 5.61e-04 2.76e-04 1.61e-04 3.10e-05
1.29e+00 1.31e+00 7.62e-02 1.31e+00 7.62e-02 4.58e-04 2.37e-03 4.15e-04 1.79e-04 9.34e-05 7.78e-06
1.26e+00 1.13e+00 4.32e-02 1.10e+00 5.22e-02 6.81e-06 5.75e-03 5.58e-04 1.99e-04 1.21e-04 2.49e-05
1.32e+00 1.47e+00 4.94e-03 1.47e+00 6.28e-03 2.86e-92 2.86e-92 6.16e-04 3.93e-04 3.93e-04 3.93e-04
1.30e+00 1.60e+00 2.23e-03 1.60e+00 2.24e-03 1.98e-152 1.65e-66 5.79e-04 5.79e-04 5.79e-04 2.04e-05
1.27e+00 1.53e+00 2.95e-02 1.53e+00 2.96e-02 9.36e-14 1.28e-09 1.62e-07 7.69e-08 4.41e-08 5.13e-09
1.29e+00 1.49e+00 4.88e-03 1.49e+00 5.45e-03 3.16e-59 3.16e-59 6.11e-04 6.11e-04 2.12e-04 2.12e-04
1.29e+00 1.53e+00 1.17e-02 1.52e+00 1.59e-02 9.00e-270 3.60e-161 6.02e-04 3.60e-04 2.57e-04 1.48e-04
1.30e+00 1.34e+00 1.38e-02 1.34e+00 1.38e-02 8.06e-15 8.17e-15 4.22e-12 1.86e-12 1.31e-12 3.06e-13
1.30e+00 1.12e+00 1.81e-01 1.10e+00 1.82e-01 7.22e-06 1.56e-02 5.77e-04 2.15e-04 1.04e-04 1.48e-05
1.31e+00 1.41e+00 3.17e-02 1.42e+00 3.31e-02 3.63e-05 8.08e-05 5.22e-04 2.50e-04 2.15e-04 1.27e-05
1.30e+00 1.77e+00 3.34e-01 1.60e+00 3.75e-01 1.79e-04 3.23e-03 4.10e-04 1.73e-04 1.01e-04 1.33e-05
1.31e+00 1.36e+00 2.30e-02 1.36e+00 2.35e-02 2.43e-05 3.18e-05 3.94e-04 1.63e-04 1.45e-04 2.80e-05
1.28e+00 1.32e+00 1.22e-01 1.37e+00 1.32e-01 2.41e-05 1.03e-03 3.48e-04 1.27e-04 5.76e-05 9.21e-06
1.28e+00 1.47e+00 4.72e-03 1.47e+00 5.79e-03 1.13e-65 1.13e-65 6.16e-04 3.13e-04 3.13e-04 3.13e-04
1.27e+00 1.24e+00 1.00e-01 1.23e+00 1.01e-01 3.91e-04 6.54e-03 5.98e-04 2.19e-04 1.16e-04 1.02e-05
1.27e+00 1.43e+00 6.65e-02 1.47e+00 7.80e-02 4.63e-05 1.39e-04 4.88e-04 1.99e-04 1.03e-04 1.78e-05
1.32e+00 1.41e+00 3.57e-02 1.41e+00 3.58e-02 3.28e-05 1.20e-04 5.62e-04 2.51e-04 1.37e-04 1.91e-05
1.30e+00 1.36e+00 1.69e-02 1.36e+00 1.70e-02 3.94e-07 4.35e-06 5.75e-04 3.18e-04 1.59e-04 2.60e-05
1.25e+00 1.07e+00 3.39e-02 1.07e+00 3.42e-02 4.08e-07 5.28e-03 5.95e-04 2.65e-04 1.54e-04 1.43e-05
1.26e+00 1.27e+00 4.86e-02 1.26e+00 5.03e-02 1.01e-03 4.28e-03 7.66e-04 2.97e-04 1.82e-04 2.08e-05
1.31e+00 1.24e+00 7.29e-02 1.28e+00 8.17e-02 3.83e-04 8.54e-03 5.28e-04 2.22e-04 1.25e-04 1.35e-05
1.27e+00 1.13e+00 8.10e-02 1.11e+00 8.38e-02 8.68e-06 8.56e-03 5.67e-04 2.41e-04 1.63e-04 1.42e-05
1.26e+00 1.33e+00 1.02e-01 1.34e+00 1.03e-01 1.02e-04 7.91e-04 4.16e-04 1.57e-04 8.36e-05 7.38e-06
1.26e+00 1.30e+00 6.81e-03 1.30e+00 7.27e-03 3.58e-10 3.58e-10 6.62e-04 3.82e-04 3.82e-04 2.99e-05
1.29e+00 1.34e+00 3.51e-02 1.34e+00 3.51e-02 1.37e-04 4.06e-04 5.17e-04 2.46e-04 1.38e-04 1.31e-05
1.30e+00 1.35e+00 5.00e-02 1.36e+00 5.18e-02 2.27e-04 1.41e-03 5.09e-04 2.04e-04 1.39e-04 1.62e-05
1.29e+00 1.32e+00 8.22e-02 1.27e+00 9.61e-02 5.70e-04 5.29e-03 4.94e-04 2.33e-04 1.51e-04 1.71e-05
1.31e+00 1.37e+00 2.17e-02 1.37e+00 2.22e-02 9.28e-06 4.47e-05 5.50e-04 2.88e-04 1.52e-04 4.53e-05
1.31e+00 1.33e+00 7.59e-02 1.35e+00 7.84e-02 3.52e-04 1.87e-03 5.10e-04 1.91e-04 1.17e-04 1.34e-05
1.31e+00 1.26e+00 2.99e-02 1.27e+00 3.28e-02 2.24e-07 2.57e-03 6.22e-04 3.30e-04 2.59e-04 2.69e-05
1.26e+00 1.36e+00 1.35e-02 1.36e+00 1.37e-02 1.63e-14 1.64e-14 4.01e-04 1.96e-04 1.18e-04 2.83e-05
1.28e+00 1.35e+00 8.06e-02 1.33e+00 8.21e-02 1.81e-04 6.81e-04 5.50e-04 2.12e-04 1.03e-04 9.93e-06
1.28e+00 1.26e+00 2.00e-02 1.26e+00 2.00e-02 3.61e-04 3.29e-03 6.18e-04 2.57e-04 2.06e-04 2.36e-05
1.26e+00 1.09e+00 3.87e-02 1.08e+00 3.94e-02 5.23e-06 5.14e-03 5.65e-04 2.72e-04 1.39e-04 1.07e-05
1.27e+00 1.08e+00 2.40e-02 1.08e+00 2.40e-02 2.43e-07 4.06e-03 6.29e-04 4.65e-04 2.86e-04 2.86e-05
1.26e+00 1.23e+00 6.36e-02 1.25e+00 6.83e-02 6.48e-04 5.74e-03 5.45e-04 1.65e-04 1.03e-04 2.07e-05
1.29e+00 1.28e+00 5.60e-02 1.26e+00 5.84e-02 4.31e-04 4.22e-03 5.49e-04 1.80e-04 1.05e-04 1.36e-05
1.26e+00 1.54e+00 1.18e-02 1.54e+00 1.18e-02 1.64e-41 9.12e-25 2.77e-06 2.20e-06 1.02e-06 1.76e-07
1.29e+00 1.33e+00 6.75e-02 1.35e+00 7.09e-02 5.29e-04 3.68e-03 5.57e-04 2.75e-04 1.60e-04 2.09e-05
1.28e+00 1.06e+00 2.71e-02 1.06e+00 2.74e-02 6.22e-08 4.42e-03 5.39e-04 2.84e-04 1.44e-04 1.80e-05
1.27e+00 1.20e+00 1.75e-01 1.06e+00 2.23e-01 6.47e-05 1.06e-02 5.31e-04 1.60e-04 8.72e-05 1.45e-05
1.27e+00 1.41e+00 5.91e-03 1.41e+00 6.87e-03 4.84e-82 1.32e-80 6.33e-04 4.36e-04 4.36e-04 5.72e-05
1.30e+00 1.35e+00 3.63e-02 1.35e+00 3.63e-02 1.43e-04 5.16e-04 5.72e-04 1.96e-04 1.14e-04 1.64e-05
1.28e+00 1.43e+00 1.51e-02 1.43e+00 1.56e-02 2.27e-30 2.28e-30 7.27e-14 4.34e-14 2.25e-14 5.13e-15
1.27e+00 1.08e+00 1.15e-01 1.06e+00 1.17e-01 3.79e-16 3.69e-03 5.64e-04 3.27e-04 1.58e-04 1.44e-05
1.28e+00 1.43e+00 1.34e-02 1.43e+00 1.40e-02 3.46e-19 6.26e-19 6.08e-04 3.56e-04 1.51e-04 2.52e-05
1.32e+00 1.25e+00 5.73e-02 1.26e+00 5.77e-02 2.35e-04 6.84e-03 5.27e-04 2.16e-04 1.11e-04 1.35e-05
1.29e+00 1.54e+00 1.63e-02 1.54e+00 1.64e-02 2.02e-34 2.92e-18 4.45e-09 2.05e-09 1.10e-09 2.00e-10
1.26e+00 1.14e+00 5.00e-02 1.12e+00 5.55e-02 7.01e-05 7.75e-03 5.76e-04 2.30e-04 1.41e-04 3.18e-05
1.27e+00 1.08e+00 8.62e-02 1.07e+00 8.68e-02 1.25e-16 3.38e-03 6.88e-04 2.79e-04 1.43e-04 1.43e-05
1.31e+00 1.59e+00 9.59e-03 1.60e+00 1.14e-02 9.49e-118 1.77e-38 5.79e-04 1.98e-04 1.34e-04 2.04e-05
1.27e+00 1.29e+00 2.77e-01 1.05e+00 3.64e-01 1.35e-15 3.99e-03 5.11e-04 2.09e-04 1.48e-04 1.80e-05
1.28e+00 1.35e+00 1.08e-01 1.31e+00 1.14e-01 5.18e-04 1.96e-03 5.22e-04 1.94e-04 8.70e-05 6.69e-06
1.26e+00 1.12e+00 4.22e-02 1.11e+00 4.25e-02 3.24e-06 7.38e-03 5.74e-04 2.16e-04 1.60e-04 2.84e-05
1.27e+00 1.40e+00 1.54e-01 1.46e+00 1.64e-01 9.26e-06 1.23e-03 2.69e-04 8.98e-05 4.03e-05 7.33e-06
1.30e+00 1.56e+00 1.22e-02 1.56e+00 1.23e-02 2.44e-168 7.56e-73 5.91e-04 5.17e-04 1.22e-04 1.78e-05
1.29e+00 1.31e+00 1.72e-01 1.42e+00 2.03e-01 6.09e-08 1.28e-03 3.29e-04 1.14e-04 6.71e-05 1.02e-05
1.28e+00 1.34e+00 6.72e-02 1.38e+00 8.03e-02 5.40e-04 3.33e-03 5.27e-04 2.60e-04 1.63e-04 3.12e-05
1.26e+00 1.17e+00 7.59e-02 1.23e+00 9.38e-02 4.03e-04 7.27e-03 5.04e-04 1.93e-04 1.24e-04 2.42e-05
1.25e+00 1.17e+00 1.03e-01 1.05e+00 1.59e-01 5.72e-04 6.30e-03 5.02e-04 1.87e-04 1.14e-04 1.27e-05
1.26e+00 1.20e+00 6.44e-02 1.19e+00 6.55e-02 2.66e-04 8.22e-03 5.07e-04 2.27e-04 1.40e-04 1.75e-05
1.26e+00 1.24e+00 4.52e-02 1.25e+00 4.58e-02 6.49e-04 4.16e-03 5.65e-04 2.38e-04 1.33e-04 1.36e-05
1.28e+00 1.59e+00 3.66e-02 1.60e+00 3.79e-02 1.53e-20 7.24e-13 4.19e-04 2.01e-04 1.16e-04 1.46e-05
1.30e+00 1.38e+00 7.16e-02 1.43e+00 8.60e-02 5.25e-04 2.09e-03 5.96e-04 3.02e-04 1.80e-04 2.21e-05
1.28e+00 1.49e+00 4.86e-03 1.49e+00 6.17e-03 1.19e-137 1.19e-137 6.11e-04 3.77e-04 3.77e-04 3.77e-04
1.29e+00 1.49e+00 3.01e-03 1.49e+00 3.12e-03 1.14e-79 1.14e-79 6.11e-04 6.11e-04 6.11e-04 5.83e-05
1.29e+00 1.68e+00 1.86e-01 1.63e+00 1.93e-01 6.92e-07 2.91e-04 4.38e-04 1.61e-04 8.07e-05 9.32e-06
1.28e+00 1.15e+00 1.57e-02 1.15e+00 1.59e-02 4.45e-12 2.14e-03 6.97e-04 2.14e-04 1.23e-04 2.80e-05
1.26e+00 1.46e+00 1.09e-02 1.46e+00 1.09e-02 7.15e-58 7.09e-55 3.65e-04 2.34e-04 6.78e-05 9.16e-06
1.26e+00 1.21e+00 7.23e-02 1.21e+00 7.24e-02 6.77e-04 1.27e-02 8.09e-04 3.19e-04 1.87e-04 3.30e-05
1.27e+00 1.41e+00 6.41e-02 1.43e+00 6.76e-02 3.10e-11 1.24e-04 3.94e-04 1.33e-04 1.25e-04 9.91e-06
1.29e+00 1.30e+00 1.14e-01 1.33e+00 1.18e-01 4.17e-04 2.68e-03 4.02e-04 1.47e-04 7.33e-05 1.01e-05
1.26e+00 1.07e+00 1.57e-02 1.07e+00 1.60e-02 5.36e-15 3.00e-03 6.99e-04 3.30e-04 3.30e-04 5.02e-05
1.26e+00 1.32e+00 1.26e-01 1.22e+00 1.61e-01 4.20e-04 5.06e-03 3.55e-04 1.41e-04 8.42e-05 1.59e-05
1.26e+00 1.34e+00 7.40e-02 1.31e+00 8.18e-02 5.56e-04 1.62e-03 9.19e-04 4.06e-04 2.71e-04 2.95e-05
1.27e+00 1.28e+00 1.28e-02 1.29e+00 1.38e-02 2.46e-04 3.35e-04 6.54e-04 3.40e-04 3.40e-04 2.34e-05
1.25e+00 1.31e+00 1.16e-01 1.35e+00 1.23e-01 4.27e-06 8.04e-04 3.86e-04 1.43e-04 8.10e-05 9.54e-06
1.30e+00 1.63e+00 4.05e-01 1.66e+00 4.07e-01 3.62e-07 2.11e-03 3.89e-04 8.23e-05 3.69e-05 5.68e-06
1.30e+00 1.23e+00 5.93e-02 1.25e+00 6.15e-02 2.50e-04 7.47e-03 5.88e-04 2.60e-04 1.64e-04 1.37e-05
1.30e+00 1.25e+00 9.40e-03 1.25e+00 9.98e-03 1.20e-11 1.64e-03 6.74e-04 2.61e-04 2.61e-04 3.05e-05
1.30e+00 1.54e+00 5.98e-02 1.52e+00 6.27e-02 3.53e-07 1.29e-06 5.14e-04 2.10e-04 1.26e-04 1.40e-05
1.31e+00 1.33e+00 6.60e-02 1.29e+00 7.98e-02 5.92e-04 3.30e-03 5.41e-04 1.68e-04 8.74e-05 2.02e-05
1.30e+00 1.29e+00 5.03e-02 1.29e+00 5.03e-02 6.34e-04 4.68e-03 5.37e-04 2.40e-04 1.37e-04 1.67e-05
1.26e+00 1.56e+00 1.38e-02 1.56e+00 1.42e-02 1.72e-23 1.17e-11 4.63e-05 2.50e-05 1.25e-05 1.82e-06
1.29e+00 1.28e+00 5.63e-02 1.24e+00 6.70e-02 4.56e-04 5.78e-03 5.93e-04 3.02e-04 1.49e-04 3.12e-05
1.26e+00 1.11e+00 7.76e-02 1.05e+00 9.55e-02 5.76e-05 6.40e-03 5.94e-04 1.69e-04 1.08e-04 1.44e-05
1.28e+00 1.23e+00 9.48e-02 1.21e+00 9.76e-02 4.64e-04 9.48e-03 6.14e-04 2.13e-04 1.38e-04 1.33e-05
1.28e+00 1.22e+00 1.89e-02 1.22e+00 1.93e-02 7.49e-07 2.89e-03 6.44e-04 2.88e-04 1.47e-04 2.05e-05
1.29e+00 1.55e+00 1.47e-02 1.55e+00 1.48e-02 2.88e-35 1.34e-19 5.97e-10 3.26e-10 2.29e-10 2.43e-11
1.27e+00 1.48e+00 9.45e-04 1.48e+00 9.49e-04 3.97e-148 3.97e-148 6.13e-04 6.13e-04 6.13e-04 6.13e-04
1.26e+00 1.22e+00 2.96e-02 1.22e+00 2.97e-02 4.48e-05 2.54e-03 5.99e-04 2.67e-04 2.64e-04 1.37e-05
1.27e+00 1.06e+00 1.69e-02 1.05e+00 2.26e-02 4.72e-10 2.89e-03 7.16e-04 2.30e-04 2.30e-04 3.24e-05
1.31e+00 1.27e+00 1.82e-02 1.28e+00 2.09e-02 4.13e-05 2.33e-03 5.41e-04 3.27e-04 1.13e-04 1.69e-05
1.26e+00 1.22e+00 5.10e-02 1.23e+00 5.15e-02 3.94e-04 4.48e-03 5.58e-04 2.77e-04 1.06e-04 1.37e-05
1.28e+00 1.15e+00 9.10e-02 1.15e+00 9.11e-02 5.53e-05 1.07e-02 5.53e-04 2.49e-04 1.54e-04 1.40e-05
1.31e+00 1.29e+00 2.41e-01 1.03e+00 3.51e-01 2.35e-04 7.05e-03 3.70e-04 1.37e-04 6.86e-05 9.81e-06
1.31e+00 1.35e+00 5.49e-02 1.32e+00 6.04e-02 5.93e-04 2.34e-03 5.00e-04 2.06e-04 1.45e-04 1.69e-05
1.29e+00 1.30e+00 1.96e-02 1.30e+00 1.97e-02 4.31e-04 8.98e-04 4.97e-04 2.67e-04 1.35e-04 2.16e-05
1.27e+00 1.06e+00 1.83e-02 1.06e+00 1.86e-02 2.41e-23 3.00e-03 6.82e-04 2.87e-04 1.83e-04 2.87e-05
1.27e+00 1.36e+00 8.10e-02 1.33e+00 8.67e-02 1.54e-04 3.46e-04 5.94e-04 2.61e-04 1.31e-04 1.19e-05
1.26e+00 1.09e+00 3.19e-02 1.09e+00 3.21e-02 1.62e-06 5.29e-03 5.67e-04 2.85e-04 1.53e-04 1.43e-05
1.30e+00 1.49e+00 6.40e-02 1.48e+00 6.50e-02 1.07e-05 3.39e-05 6.37e-04 2.27e-04 1.27e-04 1.89e-05
1.26e+00 1.40e+00 1.71e-02 1.40e+00 1.73e-02 5.56e-23 5.56e-23 4.02e-04 1.93e-04 1.30e-04 2.35e-05
1.30e+00 1.47e+00 6.64e-02 1.48e+00 6.74e-02 1.56e-05 1.64e-04 2.86e-04 1.13e-04 7.29e-05 5.21e-06
1.26e+00 1.35e+00 5.70e-02 1.34e+00 5.75e-02 1.03e-04 2.88e-04 4.08e-04 1.90e-04 1.04e-04 9.88e-06
1.29e+00 1.34e+00 6.70e-02 1.38e+00 7.70e-02 4.20e-04 3.19e-03 5.24e-04 2.62e-04 1.89e-04 2.09e-05
1.31e+00 1.32e+00 2.15e-02 1.32e+00 2.15e-02 6.20e-04 1.42e-03 5.41e-04 2.21e-04 2.08e-04 1.65e-05
1.31e+00 1.17e+00 6.45e-02 1.22e+00 7.95e-02 3.05e-31 1.61e-03 6.81e-04 2.36e-04 1.64e-04 2.05e-05
1.26e+00 1.29e+00 5.20e-02 1.30e+00 5.28e-02 3.62e-04 1.89e-03 5.37e-04 1.90e-04 1.20e-04 1.67e-05
1.26e+00 1.39e+00 4.06e-02 1.39e+00 4.06e-02 9.16e-12 2.32e-05 3.90e-04 1.60e-04 1.16e-04 1.10e-05
1.31e+00 1.53e+00 5.68e-02 1.49e+00 7.19e-02 2.16e-07 5.30e-07 5.17e-04 2.35e-04 1.46e-04 1.58e-05
1.32e+00 1.08e+00 7.87e-03 1.08e+00 7.92e-03 6.37e-52 1.44e-03 7.11e-04 3.18e-04 3.18e-04 5.00e-05
1.31e+00 1.37e+00 6.96e-02 1.41e+00 7.98e-02 2.54e-04 2.15e-03 5.13e-04 1.94e-04 1.12e-04 1.64e-05
1.27e+00 1.56e+00 3.25e-02 1.56e+00 3.28e-02 2.57e-19 1.23e-06 4.87e-04 2.64e-04 1.04e-04 1.48e-05
1.31e+00 1.35e+00 1.91e-02 1.34e+00 2.03e-02 1.39e-04 1.90e-04 5.14e-04 2.78e-04 1.64e-04 2.62e-05
1.27e+00 1.04e+00 1.83e-02 1.03e+00 1.94e-02 1.23e-12 2.73e-03 5.75e-04 2.57e-04 1.84e-04 4.34e-05
1.27e+00 1.20e+00 9.68e-02 1.21e+00 9.78e-02 2.31e-04 1.02e-02 6.30e-04 2.13e-04 1.46e-04 1.67e-05
1.30e+00 1.31e+00 3.97e-02 1.31e+00 3.98e-02 6.26e-04 2.54e-03 5.14e-04 2.65e-04 1.29e-04 1.66e-05
1.27e+00 1.18e+00 1.36e-01 1.07e+00 1.73e-01 1.04e-04 9.31e-03 4.84e-04 1.58e-04 9.33e-05 1.44e-05
1.31e+00 1.16e+00 8.12e-02 1.10e+00 9.88e-02 1.30e-04 1.45e-02 5.40e-04 2.70e-04 1.64e-04 2.84e-05
1.30e+00 1.55e+00 1.21e-02 1.55e+00 1.21e-02 1.45e-220 5.63e-164 5.94e-04 3.31e-04 9.25e-05 4.77e-05
1.31e+00 1.15e+00 4.24e-02 1.15e+00 4.24e-02 3.25e-06 6.62e-03 5.22e-04 2.38e-04 1.30e-04 1.40e-05
1.31e+00 1.38e+00 5.60e-02 1.41e+00 6.29e-02 3.74e-04 1.42e-03 4.24e-04 2.49e-04 1.66e-04 2.23e-05
1.32e+00 1.44e+00 2.35e-02 1.46e+00 2.91e-02 3.98e-08 1.19e-07 4.63e-04 2.86e-04 1.74e-04 3.42e-05
1.31e+00 1.33e+00 1.44e-02 1.33e+00 1.44e-02 1.81e-04 2.27e-04 4.65e-04 2.35e-04 1.64e-04 1.52e-05
1.31e+00 1.30e+00 6.39e-02 1.28e+00 6.78e-02 4.05e-04 5.01e-03 5.52e-04 1.62e-04 9.09e-05 1.68e-05
1.31e+00 1.23e+00 5.41e-03 1.23e+00 6.69e-03 1.09e-33 1.19e-03 6.79e-04 4.85e-04 4.85e-04 2.73e-05
1.26e+00 1.04e+00 3.14e-02 1.04e+00 3.17e-02 5.74e-08 2.67e-03 5.49e-04 2.71e-04 1.26e-04 1.08e-05
1.30e+00 1.26e+00 6.30e-02 1.21e+00 7.80e-02 6.64e-04 8.69e-03 5.74e-04 3.08e-04 1.56e-04 2.48e-05
1.26e+00 1.05e+00 5.58e-02 1.04e+00 5.72e-02 1.64e-07 2.91e-03 5.74e-04 3.10e-04 1.37e-04 7.22e-06
1.26e+00 1.06e+00 1.71e-02 1.07e+00 1.80e-02 9.97e-12 3.21e-03 7.13e-04 3.26e-04 2.47e-04 2.15e-05
1.30e+00 1.41e+00 2.36e-02 1.41e+00 2.36e-02 3.05e-06 1.28e-05 5.56e-04 2.89e-04 1.49e-04 1.59e-05
1.26e+00 1.27e+00 8.43e-03 1.27e+00 9.24e-03 1.52e-04 1.71e-04 5.73e-04 5.39e-04 1.67e-04 9.50e-05
1.30e+00 1.32e+00 7.84e-02 1.34e+00 7.98e-02 4.93e-04 3.96e-03 5.26e-04 2.48e-04 1.32e-04 1.70e-05
1.30e+00 1.31e+00 5.94e-02 1.29e+00 6.37e-02 5.55e-04 3.45e-03 5.15e-04 1.65e-04 9.10e-05 1.35e-05
1.27e+00 1.24e+00 1.54e-01 1.35e+00 1.89e-01 1.19e-04 4.24e-03 3.68e-04 1.66e-04 9.96e-05 1.42e-05
1.27e+00 1.16e+00 7.74e-02 1.20e+00 8.81e-02 2.15e-04 1.06e-02 5.26e-04 2.21e-04 1.45e-04 2.18e-05
1.29e+00 1.33e+00 2.64e-02 1.33e+00 2.64e-02 1.08e-04 2.69e-04 5.88e-04 2.27e-04 1.64e-04 1.31e-05
1.29e+00 1.29e+00 1.20e-01 1.30e+00 1.21e-01 5.24e-04 4.07e-03 3.94e-04 1.48e-04 7.01e-05 8.09e-06
1.26e+00 1.08e+00 2.82e-02 1.08e+00 2.82e-02 2.05e-08 4.92e-03 5.86e-04 3.00e-04 1.25e-04 2.14e-05
1.26e+00 1.07e+00 4.38e-02 1.07e+00 4.40e-02 2.36e-15 2.89e-03 5.91e-04 3.01e-04 1.72e-04 2.87e-05
1.28e+00 1.28e+00 4.47e-02 1.29e+00 4.56e-02 5.66e-04 2.28e-03 5.44e-04 2.30e-04 1.10e-04 2.00e-05
1.27e+00 1.20e+00 6.02e-02 1.20e+00 6.03e-02 2.90e-04 8.63e-03 5.72e-04 2.35e-04 1.36e-04 2.20e-05
1.31e+00 1.39e+00 7.90e-02 1.40e+00 8.01e-02 3.05e-04 1.87e-03 5.55e-04 2.14e-04 1.32e-04 1.42e-05
1.27e+00 1.38e+00 1.62e-01 1.48e+00 1.92e-01 1.06e-04 2.43e-03 2.36e-04 7.81e-05 4.17e-05 6.95e-06
1.29e+00 1.35e+00 6.64e-02 1.37e+00 6.92e-02 3.39e-04 1.69e-03 5.53e-04 2.27e-04 1.36e-04 1.70e-05
1.30e+00 1.37e+00 1.39e-02 1.37e+00 1.39e-02 5.09e-10 5.12e-10 5.50e-04 2.55e-04 2.36e-04 5.50e-05
1.30e+00 1.42e+00 2.36e-02 1.42e+00 2.36e-02 7.82e-10 8.38e-10 3.58e-04 1.79e-04 9.36e-05 1.42e-05
1.29e+00 1.41e+00 7.13e-02 1.40e+00 7.16e-02 1.09e-04 4.70e-04 5.21e-04 2.22e-04 1.48e-04 1.34e-05
1.30e+00 1.53e+00 1.40e-02 1.53e+00 1.47e-02 1.15e-49 1.65e-24 2.94e-05 1.69e-05 6.97e-06 1.39e-06
1.27e+00 1.12e+00 3.82e-02 1.11e+00 3.93e-02 6.34e-07 6.20e-03 5.64e-04 2.41e-04 1.28e-04 2.48e-05
1.29e+00 1.27e+00 4.19e-02 1.28e+00 4.23e-02 5.72e-04 4.50e-03 5.27e-04 2.18e-04 1.11e-04 1.68e-05
1.29e+00 1.17e+00 1.75e-02 1.16e+00 1.96e-02 3.67e-10 3.05e-03 5.55e-04 3.35e-04 1.40e-04 3.84e-05
1.27e+00 1.19e+00 5.79e-02 1.21e+00 6.23e-02 2.35e-04 8.78e-03 5.02e-04 2.27e-04 1.68e-04 2.41e-05
1.29e+00 1.46e+00 6.29e-02 1.47e+00 6.44e-02 3.31e-05 1.42e-04 7.57e-04 2.74e-04 1.39e-04 1.99e-05
1.27e+00 1.18e+00 6.48e-02 1.20e+00 6.87e-02 2.29e-04 1.02e-02 8.87e-04 3.06e-04 1.66e-04 3.11e-05
1.26e+00 1.32e+00 3.87e-03 1.32e+00 4.15e-03 5.47e-46 5.47e-46 6.57e-04 6.57e-04 6.57e-04 1.29e-04
1.32e+00 1.32e+00 1.19e-02 1.32e+00 1.25e-02 4.52e-19 1.61e-18 5.91e-19 2.91e-19 2.50e-19 2.08e-20
1.30e+00 1.31e+00 8.97e-02 1.27e+00 1.00e-01 5.79e-04 5.57e-03 5.38e-04 2.32e-04 1.23e-04 1.06e-05
1.30e+00 1.36e+00 1.95e-02 1.36e+00 1.98e-02 1.45e-06 1.52e-05 5.13e-04 3.12e-04 1.36e-04 2.60e-05
1.31e+00 1.35e+00 5.99e-02 1.38e+00 6.85e-02 3.00e-04 2.72e-03 5.05e-04 2.52e-04 1.45e-04 3.11e-05
1.26e+00 1.44e+00 6.22e-03 1.44e+00 6.52e-03 1.84e-82 1.98e-82 6.25e-04 2.73e-04 2.73e-04 1.04e-04
1.32e+00 1.47e+00 6.15e-02 1.47e+00 6.15e-02 4.82e-05 1.59e-04 5.27e-04 1.78e-04 9.59e-05 1.37e-05
1.29e+00 1.54e+00 1.50e-02 1.54e+00 1.52e-02 7.37e-41 2.98e-22 1.55e-07 8.98e-08 5.58e-08 8.71e-09
1.27e+00 1.57e+00 2.80e-02 1.57e+00 2.84e-02 2.73e-25 3.44e-10 4.73e-04 2.75e-04 1.60e-04 3.25e-05
1.28e+00 1.25e+00 5.22e-02 1.21e+00 6.46e-02 3.53e-04 5.07e-03 5.79e-04 2.29e-04 1.35e-04 1.73e-05
1.30e+00 1.30e+00 5.56e-02 1.31e+00 5.70e-02 6.23e-04 3.84e-03 5.03e-04 2.15e-04 1.04e-04 1.68e-05
1.29e+00 1.26e+00 2.22e-02 1.27e+00 2.33e-02 2.74e-04 3.43e-03 5.48e-04 3.09e-04 1.45e-04 2.02e-05
1.28e+00 1.33e+00 8.63e-03 1.33e+00 8.69e-03 1.63e-10 1.63e-10 6.54e-04 3.09e-04 3.09e-04 2.63e-05
1.30e+00 1.37e+00 3.38e-02 1.38e+00 3.44e-02 2.20e-05 1.40e-04 5.31e-04 2.83e-04 1.74e-04 1.61e-05
1.26e+00 1.36e+00 6.49e-02 1.34e+00 6.91e-02 2.29e-04 4.98e-04 3.91e-04 2.30e-04 1.22e-04 1.32e-05
1.27e+00 1.18e+00 7.18e-02 1.20e+00 7.43e-02 3.28e-04 9.45e-03 5.55e-04 2.10e-04 1.30e-04 2.52e-05
1.31e+00 1.39e+00 1.66e-02 1.39e+00 1.68e-02 1.10e-08 1.26e-08 5.45e-04 2.34e-04 1.60e-04 2.24e-05
1.30e+00 1.40e+00 6.09e-02 1.43e+00 7.01e-02 1.74e-04 8.42e-04 5.55e-04 2.09e-04 1.13e-04 1.71e-05
1.30e+00 1.11e+00 1.14e-01 1.07e+00 1.22e-01 9.21e-07 3.74e-03 6.02e-04 3.26e-04 8.24e-05 1.07e-05
1.26e+00 1.21e+00 5.80e-02 1.22e+00 5.85e-02 4.10e-04 5.55e-03 5.54e-04 2.29e-04 1.14e-04 2.08e-05
1.29e+00 1.33e+00 2.30e-02 1.33e+00 2.30e-02 9.90e-05 1.44e-04 4.27e-04 2.00e-04 1.14e-04 2.53e-05
1.29e+00 1.39e+00 5.25e-02 1.41e+00 5.49e-02 8.41e-05 4.61e-04 4.97e-04 2.32e-04 1.18e-04 1.96e-05
1.30e+00 1.26e+00 3.76e-02 1.26e+00 3.77e-02 2.24e-04 4.36e-03 5.13e-04 2.46e-04 1.05e-04 1.35e-05
1.29e+00 1.51e+00 1.78e-02 1.52e+00 2.02e-02 4.42e-91 4.10e-82 6.02e-04 5.30e-04 5.30e-04 3.03e-05
1.27e+00 1.39e+00 1.46e-02 1.39e+00 1.53e-02 1.68e-17 1.68e-17 5.55e-04 3.21e-04 1.38e-04 2.89e-05
1.31e+00 1.46e+00 5.32e-02 1.47e+00 5.39e-02 4.87e-07 6.01e-05 3.17e-04 1.25e-04 7.49e-05 7.13e-06
1.29e+00 1.23e+00 3.16e-02 1.22e+00 3.32e-02 9.20e-05 3.11e-03 5.72e-04 2.91e-04 1.13e-04 1.71e-05
1.26e+00 1.20e+00 2.65e-01 1.05e+00 3.04e-01 5.18e-05 1.03e-02 5.11e-04 1.58e-04 6.84e-05 1.08e-05
1.30e+00 1.52e+00 1.53e-02 1.52e+00 1.56e-02 5.58e-37 4.08e-25 2.10e-04 1.26e-04 7.29e-05 1.37e-05
1.28e+00 1.34e+00 8.54e-02 1.29e+00 1.01e-01 6.82e-04 3.39e-03 5.08e-04 2.66e-04 1.40e-04 1.40e-05
1.27e+00 1.27e+00 1.50e-01 1.37e+00 1.79e-01 2.10e-07 1.31e-03 3.66e-04 1.68e-04 9.21e-05 1.84e-05
1.31e+00 1.60e+00 9.43e-03 1.60e+00 9.53e-03 4.47e-80 4.51e-20 5.79e-04 1.48e-04 1.16e-04 1.75e-05
1.29e+00 1.23e+00 7.40e-02 1.22e+00 7.43e-02 6.13e-04 1.02e-02 5.94e-04 2.69e-04 1.46e-04 2.24e-05
1.29e+00 1.49e+00 5.55e-03 1.49e+00 5.59e-03 9.11e-97 9.11e-97 6.11e-04 6.11e-04 6.11e-04 1.84e-05
1.26e+00 1.33e+00 5.34e-03 1.33e+00 5.66e-03 4.68e-39 4.68e-39 6.54e-04 6.54e-04 2.40e-04 6.24e-05
1.29e+00 1.38e+00 1.48e-02 1.38e+00 1.49e-02 3.69e-11 3.72e-11 6.05e-04 3.16e-04 2.19e-04 1.93e-05
1.29e+00 1.29e+00 7.11e-02 1.33e+00 8.08e-02 3.90e-04 3.51e-03 5.03e-04 2.43e-04 1.46e-04 2.33e-05
1.31e+00 1.43e+00 4.48e-02 1.43e+00 4.50e-02 4.73e-05 1.66e-04 5.32e-04 2.96e-04 1.42e-04 1.26e-05
1.26e+00 1.37e+00 2.26e-01 1.55e+00 2.90e-01 1.76e-06 4.93e-03 4.18e-04 2.18e-04 1.19e-04 1.49e-05
1.25e+00 1.13e+00 3.63e-02 1.13e+00 3.65e-02 7.43e-06 6.10e-03 5.50e-04 2.26e-04 1.37e-04 1.76e-05
1.29e+00 1.21e+00 9.26e-02 1.19e+00 9.48e-02 2.08e-04 6.66e-03 5.50e-04 1.32e-04 7.66e-05 1.39e-05
1.26e+00 1.36e+00 5.73e-03 1.36e+00 7.38e-03 8.29e-91 8.29e-91 4.69e-04 4.27e-04 4.27e-04 2.36e-05
1.27e+00 1.21e+00 1.49e-01 1.17e+00 1.54e-01 2.57e-04 1.33e-02 6.01e-04 2.40e-04 1.20e-04 1.46e-05
1.30e+00 1.24e+00 1.03e-01 1.25e+00 1.04e-01 4.07e-04 9.20e-03 5.18e-04 1.86e-04 1.12e-04 1.36e-05
1.27e+00 1.27e+00 4.68e-02 1.30e+00 5.74e-02 4.10e-04 2.77e-03 5.26e-04 1.76e-04 1.26e-04 2.99e-05
1.29e+00 1.34e+00 6.36e-02 1.38e+00 7.36e-02 3.47e-04 2.62e-03 5.16e-04 2.58e-04 1.71e-04 2.09e-05
1.30e+00 1.29e+00 1.35e-02 1.29e+00 1.37e-02 3.44e-04 1.66e-03 4.67e-04 2.24e-04 1.35e-04 3.31e-05
1.30e+00 1.60e+00 6.65e-03 1.60e+00 7.13e-03 9.44e-110 1.16e-22 5.79e-04 5.79e-04 5.79e-04 2.04e-05
1.26e+00 1.43e+00 1.81e-02 1.43e+00 1.86e-02 2.93e-11 2.51e-07 3.83e-04 1.67e-04 1.41e-04 1.59e-05
1.27e+00 1.16e+00 3.61e-02 1.15e+00 3.73e-02 1.21e-05 6.19e-03 5.60e-04 3.01e-04 1.72e-04 1.75e-05
1.30e+00 1.20e+00 7.97e-02 1.19e+00 8.10e-02 9.60e-05 6.07e-03 5.06e-04 1.58e-04 7.74e-05 1.06e-05
1.27e+00 1.17e+00 1.29e-02 1.16e+00 1.55e-02 5.30e-14 2.27e-03 6.95e-04 3.25e-04 3.25e-04 3.14e-05
1.28e+00 1.53e+00 1.59e-02 1.53e+00 1.65e-02 1.72e-29 1.65e-15 2.50e-10 1.66e-10 7.28e-11 7.66e-12
1.26e+00 1.32e+00 1.03e-01 1.33e+00 1.04e-01 6.63e-04 5.65e-03 6.45e-04 3.27e-04 1.76e-04 1.29e-05
1.26e+00 1.17e+00 6.37e-02 1.19e+00 6.81e-02 9.49e-05 5.72e-03 6.02e-04 1.47e-04 8.40e-05 1.75e-05
1.29e+00 1.30e+00 4.34e-02 1.31e+00 4.41e-02 5.87e-04 2.44e-03 5.24e-04 2.29e-04 1.13e-04 1.33e-05
1.31e+00 1.55e+00 1.90e-02 1.55e+00 1.95e-02 2.28e-77 2.34e-55 4.18e-04 3.64e-04 1.79e-04 2.39e-05
1.27e+00 1.22e+00 5.84e-02 1.21e+00 5.90e-02 1.72e-05 1.35e-03 1.65e-04 7.67e-05 4.28e-05 2.99e-06
1.28e+00 1.14e+00 5.80e-02 1.09e+00 7.37e-02 1.09e-05 5.85e-03 5.49e-04 1.68e-04 1.21e-04 1.78e-05
1.30e+00 1.28e+00 9.11e-03 1.28e+00 9.11e-03 3.52e-05 1.38e-03 6.67e-04 2.95e-04 2.95e-04 5.70e-05
1.28e+00 1.23e+00 5.88e-02 1.25e+00 6.17e-02 4.28e-04 6.34e-03 5.78e-04 1.79e-04 1.10e-04 1.38e-05
1.27e+00 1.12e+00 1.02e-01 1.08e+00 1.11e-01 1.51e-05 6.69e-03 5.83e-04 1.93e-04 1.00e-04 1.07e-05
1.29e+00 1.49e+00 5.63e-03 1.49e+00 6.45e-03 2.16e-107 2.16e-107 6.11e-04 6.11e-04 3.04e-04 3.04e-04
1.27e+00 1.40e+00 1.23e-02 1.40e+00 1.31e-02 3.66e-22 1.32e-21 6.07e-04 2.81e-04 2.81e-04 1.60e-05
1.29e+00 1.31e+00 1.41e-01 1.28e+00 1.45e-01 7.83e-04 8.26e-03 5.98e-04 1.93e-04 9.63e-05 1.20e-05
1.28e+00 1.22e+00 4.29e-02 1.22e+00 4.29e-02 9.88e-05 5.29e-03 5.69e-04 2.33e-04 1.34e-04 1.71e-05
1.30e+00 1.39e+00 2.09e-02 1.40e+00 2.15e-02 3.41e-07 1.59e-06 6.35e-04 2.71e-04 1.47e-04 2.24e-05
1.30e+00 1.52e+00 6.87e-02 1.53e+00 6.97e-02 3.68e-06 8.60e-05 2.59e-04 1.33e-04 7.84e-05 7.54e-06
1.28e+00 1.29e+00 7.73e-02 1.27e+00 8.09e-02 6.90e-04 5.37e-03 5.38e-04 1.78e-04 1.16e-04 1.45e-05
1.26e+00 1.22e+00 2.84e-01 8.50e-01 4.65e-01 1.16e-05 5.02e-03 3.05e-04 9.29e-05 5.57e-05 7.43e-06
1.27e+00 1.39e+00 3.15e-01 1.22e+00 3.57e-01 4.63e-04 1.17e-02 4.52e-04 1.64e-04 8.56e-05 6.85e-06
1.30e+00 1.45e+00 2.43e-01 1.35e+00 2.65e-01 3.90e-04 2.00e-03 4.84e-04 1.53e-04 6.82e-05 6.50e-06
1.29e+00 1.24e+00 5.55e-02 1.24e+00 5.57e-02 2.00e-04 6.47e-03 5.59e-04 2.07e-04 1.14e-04 1.38e-05
1.28e+00 1.16e+00 3.84e-02 1.17e+00 3.95e-02 5.46e-08 6.07e-03 5.85e-04 2.99e-04 1.98e-04 6.27e-05
1.26e+00 1.24e+00 2.27e-02 1.24e+00 2.29e-02 4.77e-04 3.35e-03 5.71e-04 3.74e-04 1.90e-04 2.38e-05
1.27e+00 1.18e+00 8.28e-02 1.22e+00 9.37e-02 2.13e-04 7.16e-03 5.05e-04 1.87e-04 1.28e-04 1.38e-05
1.31e+00 1.35e+00 6.57e-02 1.38e+00 7.31e-02 1.91e-04 2.21e-03 4.65e-04 1.78e-04 1.13e-04 1.94e-05
1.27e+00 1.15e+00 4.45e-02 1.10e+00 6.54e-02 2.96e-06 8.13e-03 5.65e-04 3.34e-04 2.63e-04 2.84e-05
1.31e+00 1.37e+00 5.84e-02 1.40e+00 6.77e-02 2.92e-04 1.79e-03 5.22e-04 2.42e-04 1.30e-04 4.09e-05
1.28e+00 1.40e+00 1.83e-01 1.25e+00 2.36e-01 1.46e-04 2.32e-03 2.14e-04 7.76e-05 5.22e-05 5.64e-06
1.31e+00 1.36e+00 2.21e-02 1.36e+00 2.22e-02 3.85e-05 5.15e-05 4.08e-04 2.29e-04 1.18e-04 1.41e-05
1.26e+00 1.37e+00 1.52e-02 1.37e+00 1.52e-02 4.16e-16 4.17e-16 4.01e-04 2.03e-04 1.77e-04 1.84e-05
1.28e+00 1.48e+00 6.74e-03 1.48e+00 8.19e-03 2.88e-36 2.97e-36 6.13e-04 5.76e-04 5.76e-04 4.93e-05
1.27e+00 1.28e+00 1.60e-01 1.40e+00 1.99e-01 9.84e-06 3.22e-03 3.06e-04 1.45e-04 7.06e-05 1.07e-05
1.30e+00 1.24e+00 6.14e-02 1.21e+00 7.02e-02 5.38e-04 8.48e-03 5.20e-04 2.67e-04 1.51e-04 2.46e-05
1.31e+00 1.28e+00 9.06e-03 1.28e+00 9.06e-03 2.70e-05 1.39e-03 6.67e-04 3.02e-04 3.02e-04 5.36e-05
1.26e+00 1.39e+00 1.54e-02 1.39e+00 1.54e-02 3.15e-16 6.17e-11 3.55e-04 1.82e-04 1.82e-04 1.97e-05
1.30e+00 1.23e+00 1.04e-02 1.23e+00 1.08e-02 1.21e-13 1.85e-03 6.79e-04 2.93e-04 1.84e-04 2.05e-05
1.26e+00 1.45e+00 1.33e-02 1.45e+00 1.33e-02 4.18e-33 5.74e-31 2.84e-04 1.17e-04 1.15e-04 2.82e-05
1.31e+00 1.40e+00 4.80e-02 1.41e+00 4.90e-02 7.59e-05 4.43e-04 5.16e-04 2.17e-04 1.15e-04 1.27e-05
1.26e+00 1.09e+00 9.29e-02 1.07e+00 9.56e-02 7.23e-08 4.65e-03 6.48e-04 2.40e-04 1.25e-04 1.07e-05
1.26e+00 1.17e+00 1.57e-01 1.08e+00 1.79e-01 1.37e-07 2.95e-03 6.07e-04 1.43e-04 1.43e-04 1.43e-05
1.29e+00 1.31e+00 7.10e-02 1.27e+00 8.22e-02 6.96e-04 5.66e-03 5.44e-04 2.56e-04 1.47e-04 2.46e-05
1.29e+00 1.28e+00 7.56e-02 1.29e+00 7.58e-02 8.47e-04 6.10e-03 6.40e-04 2.38e-04 1.51e-04 1.73e-05
1.29e+00 1.27e+00 3.85e-02 1.27e+00 3.85e-02 6.33e-04 4.29e-03 5.32e-04 2.66e-04 1.18e-04 2.36e-05
1.27e+00 1.19e+00 1.65e-02 1.19e+00 1.66e-02 3.92e-14 1.85e-09 4.06e-10 1.85e-10 9.69e-11 2.25e-11
1.30e+00 1.26e+00 1.22e-02 1.26e+00 1.26e-02 7.74e-08 2.25e-03 5.98e-04 4.89e-04 2.94e-04 7.76e-05
1.31e+00 1.56e+00 2.35e-01 1.72e+00 2.84e-01 3.46e-05 5.39e-04 5.66e-05 2.28e-05 1.30e-05 1.63e-06
1.27e+00 1.22e+00 3.89e-02 1.21e+00 3.96e-02 3.27e-06 2.93e-03 6.84e-04 2.58e-04 1.58e-04 2.75e-05
1.26e+00 1.07e+00 1.93e-02 1.07e+00 1.94e-02 1.74e-15 3.23e-03 6.41e-04 3.55e-04 1.65e-04 2.15e-05
1.26e+00 1.24e+00 4.05e-02 1.25e+00 4.20e-02 5.93e-04 4.24e-03 5.45e-04 2.20e-04 1.25e-04 1.36e-05
1.28e+00 1.37e+00 6.55e-02 1.40e+00 7.21e-02 3.37e-04 1.57e-03 6.05e-04 3.22e-04 1.61e-04 3.45e-05
1.26e+00 1.11e+00 7.92e-02 1.04e+00 1.04e-01 1.27e-05 5.71e-03 4.69e-04 1.88e-04 1.19e-04 1.80e-05
1.30e+00 1.41e+00 1.21e-01 1.36e+00 1.31e-01 2.16e-04 5.61e-04 5.11e-04 1.75e-04 1.07e-04 9.70e-06
1.31e+00 1.14e+00 4.29e-02 1.13e+00 4.34e-02 2.05e-06 7.50e-03 5.85e-04 2.96e-04 1.52e-04 2.11e-05
1.30e+00 1.65e+00 3.04e-01 1.35e+00 4.26e-01 4.54e-04 2.11e-03 3.98e-04 1.63e-04 8.48e-05 1.30e-05
1.30e+00 1.16e+00 2.99e-02 1.15e+00 3.11e-02 4.69e-07 4.68e-03 5.08e-04 2.56e-04 1.68e-04 2.10e-05
1.32e+00 1.48e+00 2.03e-01 1.55e+00 2.16e-01 8.20e-06 2.96e-03 4.45e-04 1.40e-04 8.66e-05 8.95e-06
1.26e+00 1.11e+00 3.63e-02 1.10e+00 3.79e-02 3.56e-06 4.35e-03 5.58e-04 2.74e-04 1.17e-04 1.78e-05
1.29e+00 1.38e+00 1.66e-01 1.32e+00 1.76e-01 5.59e-04 2.92e-03 4.88e-04 1.78e-04 7.59e-05 6.60e-06
1.32e+00 1.35e+00 5.13e-02 1.36e+00 5.28e-02 4.40e-04 2.05e-03 4.99e-04 2.02e-04 1.24e-04 1.63e-05
1.28e+00 1.88e+00 5.04e-01 1.41e+00 6.89e-01 8.81e-05 2.88e-04 4.10e-04 9.54e-05 5.41e-05 2.54e-05
1.28e+00 1.43e+00 1.61e-02 1.43e+00 1.61e-02 3.63e-18 5.45e-18 5.89e-04 3.66e-04 1.51e-04 2.52e-05
1.29e+00 1.33e+00 5.13e-02 1.35e+00 5.50e-02 2.93e-04 1.78e-03 5.21e-04 2.31e-04 1.38e-04 2.31e-05
1.30e+00 1.15e+00 2.84e-02 1.15e+00 2.84e-02 4.34e-08 4.33e-03 5.43e-04 2.49e-04 1.30e-04 1.75e-05
1.28e+00 1.17e+00 6.97e-02 1.21e+00 7.87e-02 2.14e-04 1.23e-02 5.39e-04 2.51e-04 1.61e-04 2.06e-05
1.31e+00 1.31e+00 3.63e-02 1.31e+00 3.64e-02 6.54e-04 3.06e-03 5.40e-04 2.65e-04 1.16e-04 1.66e-05
1.35e+00 1.35e+00 1.87e-02 1.35e+00 1.88e-02 4.61e-04 1.18e-03 4.27e-04 2.85e-04 1.28e-04 1.93e-05
1.35e+00 1.30e+00 9.01e-03 1.30e+00 1.02e-02 2.07e-21 1.35e-16 5.30e-17 5.06e-17 1.55e-17 1.60e-18
1.33e+00 1.51e+00 4.55e-02 1.48e+00 5.46e-02 1.64e-09 2.15e-09 5.46e-04 1.39e-04 9.86e-05 1.23e-05
1.35e+00 1.45e+00 8.04e-02 1.48e+00 8.71e-02 5.47e-06 4.96e-04 2.62e-04 9.20e-05 5.73e-05 5.21e-06
1.34e+00 1.28e+00 5.43e-03 1.28e+00 6.06e-03 2.07e-15 9.37e-04 6.67e-04 6.67e-04 2.28e-04 2.35e-05
1.34e+00 1.36e+00 6.47e-02 1.33e+00 7.20e-02 6.50e-04 3.61e-03 5.37e-04 1.87e-04 1.23e-04 1.33e-05
1.35e+00 1.31e+00 6.28e-03 1.31e+00 7.76e-03 6.70e-36 2.97e-29 1.45e-29 1.31e-29 1.31e-29 8.75e-31
1.34e+00 1.51e+00 1.75e-02 1.51e+00 1.77e-02 8.04e-18 8.32e-18 5.62e-04 3.42e-04 1.68e-04 2.49e-05
1.34e+00 1.45e+00 3.19e-02 1.45e+00 3.21e-02 7.52e-07 3.35e-06 2.97e-04 1.41e-04 8.28e-05 1.13e-05
1.36e+00 1.41e+00 3.60e-02 1.40e+00 3.64e-02 1.80e-04 4.44e-04 3.40e-04 1.28e-04 9.20e-05 1.71e-05
1.36e+00 1.40e+00 3.01e-01 1.30e+00 3.19e-01 3.75e-04 1.25e-02 4.22e-04 1.16e-04 6.65e-05 9.98e-06
1.37e+00 1.49e+00 2.58e-02 1.49e+00 2.59e-02 5.91e-06 2.90e-05 5.74e-04 3.04e-04 1.60e-04 1.23e-05
1.37e+00 1.46e+00 3.69e-02 1.46e+00 3.69e-02 1.34e-05 2.38e-05 3.06e-04 1.39e-04 9.23e-05 1.27e-05
1.34e+00 1.41e+00 1.16e-01 1.38e+00 1.19e-01 7.98e-04 5.10e-03 6.73e-04 2.90e-04 1.52e-04 1.34e-05
1.35e+00 1.60e+00 5.39e-03 1.60e+00 5.86e-03 1.33e-308 2.67e-181 5.79e-04 5.79e-04 5.79e-04 2.62e-05
1.32e+00 1.34e+00 9.62e-03 1.34e+00 9.90e-03 1.13e-73 1.18e-73 5.86e-73 2.77e-73 2.77e-73 2.36e-74
1.38e+00 1.46e+00 8.11e-02 1.48e+00 8.46e-02 2.95e-04 1.76e-03 4.61e-04 1.86e-04 1.02e-04 1.28e-05
1.35e+00 1.31e+00 2.55e-01 1.49e+00 3.14e-01 2.21e-05 2.24e-03 2.49e-04 1.04e-04 6.23e-05 6.73e-06
1.33e+00 1.38e+00 1.17e-01 1.42e+00 1.24e-01 5.22e-05 7.20e-04 3.27e-04 1.12e-04 5.49e-05 6.10e-06
1.38e+00 1.32e+00 6.19e-03 1.32e+00 6.80e-03 2.51e-22 1.13e-03 6.57e-04 3.76e-04 3.76e-04 8.25e-05
1.35e+00 1.35e+00 2.31e-01 1.26e+00 2.47e-01 1.65e-04 7.91e-03 5.16e-04 1.79e-04 7.43e-05 6.75e-06
1.37e+00 1.51e+00 6.78e-02 1.51e+00 6.78e-02 1.97e-07 6.62e-05 2.77e-04 1.02e-04 5.96e-05 4.70e-06
1.32e+00 1.46e+00 2.07e-02 1.47e+00 2.24e-02 1.28e-08 1.86e-08 5.48e-04 1.86e-04 1.42e-04 1.86e-05
1.32e+00 1.36e+00 3.40e-01 9.70e-01 5.19e-01 1.07e-04 6.03e-03 2.02e-04 7.71e-05 4.32e-05 9.25e-06
1.36e+00 1.44e+00 2.57e-02 1.45e+00 2.88e-02 5.52e-06 7.72e-06 5.56e-04 2.78e-04 1.75e-04 2.50e-05
1.34e+00 1.44e+00 2.00e-02 1.44e+00 2.04e-02 6.83e-09 8.79e-09 5.90e-04 3.55e-04 1.91e-04 4.08e-05
1.33e+00 1.32e+00 3.48e-02 1.31e+00 3.55e-02 6.07e-04 3.58e-03 5.73e-04 2.25e-04 1.36e-04 1.99e-05
1.31e+00 1.25e+00 6.24e-02 1.24e+00 6.27e-02 2.18e-04 7.96e-03 5.63e-04 2.15e-04 1.16e-04 1.37e-05
1.33e+00 1.46e+00 9.83e-03 1.46e+00 1.03e-02 2.14e-25 2.41e-25 6.19e-04 2.71e-04 2.71e-04 2.49e-05
1.33e+00 1.39e+00 1.48e-01 1.48e+00 1.73e-01 3.54e-05 2.39e-03 2.49e-04 8.30e-05 4.50e-05 6.92e-06
1.33e+00 1.50e+00 1.12e-02 1.49e+00 1.23e-02 2.51e-144 2.51e-144 6.11e-04 6.11e-04 6.11e-04 1.26e-04
1.33e+00 1.22e+00 6.69e-02 1.24e+00 7.06e-02 1.06e-04 9.13e-03 5.30e-04 2.01e-04 1.33e-04 2.04e-05
1.35e+00 1.08e+00 3.36e-02 1.08e+00 3.39e-02 3.22e-16 3.01e-03 6.47e-04 3.11e-04 1.39e-04 1.43e-05
1.36e+00 1.34e+00 1.24e-01 1.29e+00 1.33e-01 2.32e-04 7.42e-03 4.95e-04 1.43e-04 6.49e-05 6.83e-06
1.33e+00 1.33e+00 1.23e-01 1.30e+00 1.25e-01 4.84e-04 8.60e-03 4.52e-04 1.75e-04 9.59e-05 1.37e-05
1.32e+00 1.49e+00 2.47e-01 1.76e+00 3.63e-01 1.09e-04 4.00e-03 4.24e-04 1.58e-04 7.24e-05 8.04e-06
1.36e+00 1.40e+00 1.06e-01 1.42e+00 1.07e-01 2.15e-04 1.15e-03 3.15e-04 1.36e-04 6.51e-05 6.10e-06
1.36e+00 1.38e+00 2.13e-02 1.39e+00 2.28e-02 2.51e-19 5.79e-19 3.44e-19 1.95e-19 8.00e-20 2.38e-20
1.32e+00 1.54e+00 1.19e-02 1.55e+00 1.35e-02 0.00e+00 3.67e-299 5.94e-04 5.94e-04 1.22e-04 6.26e-05
1.32e+00 1.14e+00 4.38e-02 1.12e+00 4.80e-02 2.96e-08 8.14e-03 5.62e-04 2.54e-04 1.77e-04 2.83e-05
1.33e+00 1.33e+00 9.81e-02 1.30e+00 1.04e-01 7.60e-04 9.35e-03 6.29e-04 2.72e-04 1.43e-04 1.68e-05
1.33e+00 1.32e+00 2.01e-01 1.29e+00 2.03e-01 4.77e-04 7.84e-03 4.61e-04 1.47e-04 6.34e-05 6.68e-06
1.32e+00 1.38e+00 4.28e-02 1.39e+00 4.42e-02 1.90e-04 6.85e-04 4.88e-04 1.89e-04 1.19e-04 2.25e-05
1.32e+00 1.38e+00 2.58e-02 1.38e+00 2.62e-02 3.27e-05 1.33e-04 5.47e-04 2.38e-04 1.77e-04 1.61e-05
1.33e+00 1.52e+00 3.26e-02 1.49e+00 4.12e-02 1.63e-20 1.67e-20 6.11e-04 1.32e-04 7.67e-05 3.38e-05
1.33e+00 1.54e+00 3.79e-02 1.52e+00 4.31e-02 3.77e-14 4.42e-14 3.66e-04 2.24e-04 1.12e-04 1.82e-05
1.32e+00 1.27e+00 1.20e-01 1.31e+00 1.26e-01 6.52e-04 7.74e-03 4.86e-04 1.67e-04 8.16e-05 1.02e-05
1.37e+00 1.43e+00 4.54e-02 1.43e+00 4.56e-02 6.49e-05 1.63e-04 3.21e-04 1.31e-04 7.73e-05 9.91e-06
1.35e+00 1.41e+00 5.23e-02 1.41e+00 5.23e-02 1.65e-04 1.08e-03 5.03e-04 2.04e-04 1.24e-04 1.91e-05
1.36e+00 1.12e+00 1.73e-01 1.04e+00 1.92e-01 6.68e-05 3.65e-03 7.18e-04 1.12e-04 5.77e-05 7.22e-06
