3.14e-01 3.68e-01 5.36e-02 3.70e-01 5.36e-02 1.56e-06 1.76e-06 4.82e-04 2.51e-04 1.34e-04 2.23e-05
3.28e-01 4.20e-01 9.83e-02 4.10e-01 9.88e-02 2.22e-12 4.80e-07 3.16e-05 1.33e-05 1.27e-05 1.43e-06
3.07e-01 3.87e-01 4.60e-03 3.90e-01 5.33e-03 3.66e-58 2.07e-21 5.94e-04 5.94e-04 2.30e-04 2.30e-04
3.68e-01 3.82e-01 3.05e-01 3.40e-01 3.08e-01 6.86e-05 1.98e-03 4.67e-04 3.00e-04 1.34e-04 9.93e-06
3.56e-01 3.90e-01 5.44e-04 3.90e-01 5.45e-04 1.71e-48 1.71e-48 6.24e-05 6.24e-05 6.24e-05 6.24e-05
3.47e-01 3.30e-01 1.86e-03 3.30e-01 1.89e-03 5.46e-07 4.44e-05 4.28e-05 4.28e-05 4.28e-05 1.72e-06
3.41e-01 3.90e-01 2.36e-03 3.90e-01 2.40e-03 1.07e-30 1.63e-27 5.94e-04 5.94e-04 5.94e-04 3.28e-05
3.61e-01 1.00e+00 9.65e-01 4.00e-01 1.14e+00 5.95e-09 7.35e-09 2.12e-05 8.54e-06 2.35e-06 4.27e-07
3.56e-01 2.82e-01 6.37e-02 2.50e-01 7.12e-02 1.04e-12 1.11e-03 2.89e-04 1.65e-04 6.12e-05 1.10e-05
3.56e-01 3.96e-01 5.75e-03 4.00e-01 6.99e-03 1.88e-12 1.88e-12 6.13e-04 4.53e-04 4.53e-04 3.70e-05
3.56e-01 3.57e-01 6.29e-03 3.60e-01 7.04e-03 4.55e-04 6.76e-04 5.34e-04 3.14e-04 3.14e-04 2.15e-05
3.62e-01 3.52e-01 1.08e-02 3.50e-01 1.09e-02 3.03e-04 1.23e-03 5.14e-04 2.79e-04 2.79e-04 5.43e-05
3.39e-01 1.14e+00 1.03e+00 3.90e-01 1.27e+00 1.57e-10 7.09e-10 3.27e-05 5.91e-06 3.28e-06 4.93e-07
3.53e-01 3.90e-01 1.54e-03 3.90e-01 1.55e-03 1.19e-18 1.19e-18 6.23e-04 6.23e-04 6.23e-04 6.23e-04
3.64e-01 3.82e-01 6.72e-03 3.80e-01 7.02e-03 5.05e-05 5.18e-05 5.74e-04 3.09e-04 3.09e-04 1.24e-04
3.50e-01 3.00e-01 4.34e-03 3.00e-01 4.36e-03 1.21e-27 5.09e-04 4.13e-04 4.13e-04 4.13e-04 3.94e-05
3.53e-01 2.60e-01 1.52e-05 2.60e-01 1.52e-05 0.00e+00 2.45e-05 2.45e-05 2.45e-05 2.45e-05 2.45e-05
3.55e-01 5.11e-01 6.56e-02 5.20e-01 6.62e-02 6.02e-07 4.38e-05 1.13e-04 4.26e-05 2.56e-05 2.13e-06
3.44e-01 3.29e-01 8.30e-03 3.30e-01 8.43e-03 1.25e-04 1.00e-03 4.74e-04 2.81e-04 1.98e-04 4.29e-05
3.62e-01 3.90e-01 3.35e-04 3.90e-01 3.36e-04 5.62e-21 5.62e-21 6.24e-05 6.24e-05 6.24e-05 6.24e-05
3.54e-01 2.36e+00 1.40e-01 2.36e+00 1.40e-01 9.67e-08 3.84e-07 8.43e-06 3.48e-06 2.21e-06 3.16e-07
3.50e-01 3.44e-01 4.95e-03 3.40e-01 6.54e-03 3.26e-05 8.00e-05 4.58e-05 3.43e-05 3.43e-05 3.43e-05
3.41e-01 3.46e-01 6.73e-03 3.50e-01 7.73e-03 3.40e-04 4.08e-04 5.14e-04 3.26e-04 3.26e-04 4.14e-05
3.47e-01 3.78e-01 3.89e-03 3.80e-01 4.25e-03 2.50e-15 2.51e-15 5.74e-04 5.74e-04 5.74e-04 1.24e-04
3.57e-01 3.45e-01 8.11e-03 3.50e-01 9.48e-03 2.49e-04 1.19e-03 5.14e-04 4.89e-04 1.14e-04 1.11e-04
3.40e-01 3.80e-01 8.15e-03 3.80e-01 8.15e-03 9.39e-09 9.44e-09 5.74e-04 2.60e-04 2.60e-04 2.89e-05
3.57e-01 4.08e-01 4.20e-03 4.10e-01 4.64e-03 2.58e-39 1.38e-33 6.32e-04 6.32e-04 1.68e-04 1.68e-04
3.60e-01 1.79e+00 9.21e-01 3.40e-01 1.71e+00 2.90e-06 3.64e-05 8.93e-06 3.96e-06 2.54e-06 3.96e-07
3.46e-01 4.31e-01 3.21e-01 3.80e-01 3.25e-01 7.34e-06 8.20e-06 5.74e-04 3.29e-04 9.52e-05 1.44e-05
3.58e-01 4.01e-01 5.74e-02 4.20e-01 6.04e-02 2.06e-16 1.50e-04 6.42e-04 2.94e-04 2.94e-04 1.29e-05
3.46e-01 4.21e-01 8.43e-03 4.20e-01 8.50e-03 3.78e-24 1.19e-06 6.42e-04 6.42e-04 6.42e-04 2.26e-05
3.45e-01 2.62e-01 1.31e-02 2.60e-01 1.32e-02 1.66e-17 7.21e-04 3.32e-04 1.57e-04 1.57e-04 1.17e-05
3.44e-01 3.88e-01 4.30e-03 3.90e-01 4.62e-03 2.45e-20 1.06e-10 5.94e-04 5.94e-04 5.94e-04 1.46e-04
3.46e-01 3.04e-01 9.44e-03 3.10e-01 1.13e-02 2.46e-08 1.13e-03 4.18e-04 1.66e-04 1.66e-04 2.73e-05
3.37e-01 4.10e-01 4.68e-08 4.10e-01 4.68e-08 1.24e-137 1.82e-17 6.36e-04 6.36e-04 6.36e-04 6.36e-04
3.61e-01 4.65e-01 1.76e-02 4.70e-01 1.84e-02 4.84e-19 8.58e-10 4.85e-04 2.16e-04 1.45e-04 2.02e-05
3.57e-01 4.93e-01 4.67e-03 4.90e-01 5.64e-03 1.04e-68 2.75e-17 7.73e-04 7.73e-04 3.61e-04 3.61e-04
3.47e-01 3.10e-01 2.22e-04 3.10e-01 2.22e-04 2.21e-37 3.70e-05 3.70e-05 3.70e-05 3.70e-05 3.70e-05
3.63e-01 3.08e-01 1.13e-02 3.10e-01 1.14e-02 1.54e-14 8.95e-04 4.33e-04 2.76e-04 1.35e-04 4.35e-05
3.58e-01 3.76e-01 2.12e-01 3.60e-01 2.13e-01 5.30e-04 1.40e-03 5.10e-04 3.01e-04 1.18e-04 1.61e-05
3.41e-01 3.50e-01 1.04e-03 3.50e-01 1.04e-03 3.15e-06 3.17e-06 4.89e-05 4.89e-05 4.89e-05 4.89e-05
3.53e-01 3.33e-01 1.21e-02 3.40e-01 1.41e-02 1.65e-04 1.57e-03 4.74e-04 2.20e-04 2.20e-04 2.16e-05
3.64e-01 3.79e-01 3.05e-03 3.80e-01 3.22e-03 2.63e-06 2.63e-06 5.89e-05 5.89e-05 5.89e-05 7.10e-06
3.52e-01 3.53e-01 9.92e-03 3.50e-01 1.04e-02 4.95e-04 8.87e-04 5.14e-04 2.25e-04 2.25e-04 3.88e-05
3.46e-01 3.73e-01 4.58e-03 3.70e-01 5.48e-03 2.15e-34 2.15e-34 5.55e-05 5.55e-05 2.40e-05 2.40e-05
3.58e-01 3.74e-01 1.88e-01 3.60e-01 1.89e-01 5.20e-04 1.36e-03 4.57e-04 1.99e-04 1.29e-04 1.34e-05
3.39e-01 3.50e-01 7.28e-04 3.50e-01 7.28e-04 1.08e-06 1.08e-06 5.14e-04 5.14e-04 5.14e-04 5.14e-04
3.53e-01 3.39e-01 6.79e-03 3.40e-01 6.87e-03 9.14e-05 8.51e-04 4.94e-04 2.11e-04 1.37e-04 1.37e-04
3.55e-01 3.77e-01 9.10e-03 3.80e-01 9.68e-03 5.87e-05 6.37e-05 5.74e-04 4.56e-04 2.14e-04 2.02e-05
3.60e-01 3.83e-01 4.37e-03 3.80e-01 5.07e-03 7.02e-28 7.02e-28 5.89e-05 5.89e-05 2.04e-05 2.04e-05
3.54e-01 1.94e+00 9.06e-01 2.46e+00 1.04e+00 2.54e-06 6.74e-06 4.89e-06 2.05e-06 1.18e-06 1.92e-07
3.46e-01 4.00e-01 4.95e-03 4.00e-01 4.96e-03 1.18e-22 1.27e-16 6.13e-04 6.13e-04 1.11e-04 8.63e-05
3.46e-01 4.10e-01 1.67e-04 4.10e-01 1.67e-04 2.72e-173 2.72e-173 6.32e-04 6.32e-04 6.32e-04 6.32e-04
3.43e-01 1.05e+00 8.12e-01 5.20e-01 9.69e-01 9.32e-06 6.82e-05 4.41e-05 1.29e-05 6.78e-06 1.36e-06
3.59e-01 3.43e-01 4.74e-03 3.40e-01 5.78e-03 1.42e-05 7.41e-04 4.94e-04 2.48e-04 2.48e-04 2.48e-04
3.51e-01 4.14e-01 4.86e-03 4.10e-01 6.18e-03 3.59e-69 4.04e-68 6.32e-04 3.91e-04 3.91e-04 3.91e-04
3.42e-01 4.28e-01 3.71e-02 4.10e-01 4.12e-02 1.07e-15 7.28e-06 5.98e-05 3.13e-05 2.29e-05 4.81e-06
3.46e-01 3.99e-01 4.20e-03 4.00e-01 4.45e-03 8.17e-30 5.28e-20 6.13e-04 6.13e-04 6.13e-04 1.33e-04
3.54e-01 3.82e-01 5.42e-03 3.80e-01 5.77e-03 8.49e-08 8.49e-08 5.74e-04 5.74e-04 2.19e-04 5.48e-05
3.48e-01 3.34e-01 6.29e-03 3.30e-01 7.52e-03 9.92e-05 9.32e-04 4.74e-04 3.93e-04 3.93e-04 2.38e-05
3.40e-01 2.32e+00 7.05e-01 2.58e+00 7.53e-01 3.25e-176 2.21e-103 8.44e-12 8.44e-12 8.44e-12 1.10e-12
3.50e-01 3.60e-01 1.87e-04 3.60e-01 1.87e-04 8.48e-09 8.48e-09 5.21e-05 5.21e-05 5.21e-05 5.21e-05
3.63e-01 3.80e-01 9.56e-04 3.80e-01 9.58e-04 1.18e-07 1.18e-07 5.89e-05 5.89e-05 5.89e-05 5.89e-05
3.59e-01 2.80e-01 1.14e-02 2.80e-01 1.14e-02 4.62e-58 3.42e-05 2.92e-05 2.92e-05 2.92e-05 1.32e-06
3.39e-01 4.06e-01 4.81e-03 4.10e-01 6.00e-03 2.22e-90 2.72e-24 6.32e-04 3.56e-04 3.56e-04 3.56e-04
3.63e-01 3.92e-01 4.31e-03 3.90e-01 4.96e-03 5.51e-38 5.51e-38 6.24e-05 6.24e-05 2.04e-05 2.04e-05
3.48e-01 3.11e-01 4.40e-03 3.10e-01 4.61e-03 1.27e-12 5.49e-04 4.33e-04 4.33e-04 4.33e-04 2.18e-05
3.58e-01 3.97e-01 9.98e-03 4.00e-01 1.04e-02 6.58e-07 6.78e-07 6.13e-04 2.68e-04 2.68e-04 4.62e-05
3.43e-01 2.57e-01 2.00e-02 2.50e-01 2.13e-02 1.02e-25 7.21e-04 3.12e-04 2.97e-04 2.97e-04 5.34e-05
3.50e-01 4.13e-01 6.50e-03 4.10e-01 7.12e-03 1.18e-21 5.94e-07 6.36e-04 3.04e-04 3.04e-04 2.24e-05
3.58e-01 4.01e-01 2.54e-03 4.00e-01 2.63e-03 7.82e-50 7.82e-50 6.13e-04 6.13e-04 6.13e-04 4.62e-05
3.53e-01 4.02e-01 2.17e-01 3.80e-01 2.18e-01 9.36e-05 1.25e-04 4.44e-04 1.90e-04 1.82e-04 1.44e-05
3.60e-01 3.56e-01 7.29e-03 3.60e-01 8.21e-03 5.34e-04 9.70e-04 5.34e-04 3.81e-04 3.81e-04 5.37e-05
3.55e-01 2.89e-01 2.00e-02 2.80e-01 2.19e-02 5.11e-07 1.86e-03 3.09e-04 2.13e-04 1.05e-04 3.55e-05
3.62e-01 2.56e+00 6.51e-02 2.56e+00 6.52e-02 5.44e-81 5.44e-81 3.87e-06 1.52e-06 1.52e-06 2.14e-07
3.56e-01 3.50e-01 2.91e-05 3.50e-01 2.91e-05 2.09e-05 4.89e-05 4.89e-05 4.89e-05 4.89e-05 4.89e-05
3.61e-01 6.27e-01 6.49e-01 4.00e-01 6.87e-01 9.73e-07 1.22e-06 5.99e-05 1.98e-05 1.74e-05 1.19e-06
3.57e-01 3.60e-01 1.99e-04 3.60e-01 1.99e-04 3.67e-05 3.67e-05 5.21e-05 5.21e-05 5.21e-05 5.21e-05
3.37e-01 3.93e-01 5.85e-03 3.90e-01 6.71e-03 6.74e-21 8.95e-19 5.94e-04 3.61e-04 3.61e-04 5.07e-05
3.52e-01 3.32e-01 4.12e-03 3.30e-01 4.65e-03 1.99e-10 5.46e-05 4.28e-05 4.28e-05 1.18e-05 1.18e-05
3.38e-01 4.49e-01 2.59e-03 4.50e-01 2.66e-03 4.73e-208 1.14e-15 7.06e-04 7.06e-04 7.06e-04 4.96e-05
3.54e-01 3.20e-01 5.83e-04 3.20e-01 5.84e-04 6.16e-32 4.00e-05 3.98e-05 3.98e-05 3.98e-05 3.98e-05
3.39e-01 4.65e-01 5.80e-02 4.80e-01 6.00e-02 5.71e-08 8.88e-05 1.97e-04 7.15e-05 6.28e-05 6.50e-06
3.58e-01 3.08e-01 3.90e-03 3.10e-01 4.32e-03 2.09e-65 4.55e-05 3.70e-05 3.70e-05 3.70e-05 8.56e-06
3.61e-01 2.18e+00 3.19e-01 2.24e+00 3.24e-01 6.19e-10 9.47e-08 1.50e-05 6.14e-06 3.90e-06 4.87e-07
3.40e-01 4.34e-01 1.75e-02 4.30e-01 1.78e-02 1.68e-18 2.07e-07 4.67e-05 2.04e-05 2.04e-05 1.46e-06
3.62e-01 2.49e-01 4.46e-03 2.50e-01 4.61e-03 3.85e-85 2.54e-05 2.23e-05 2.23e-05 2.23e-05 3.14e-06
3.46e-01 3.97e-01 5.73e-03 4.00e-01 6.33e-03 1.82e-18 2.84e-17 6.13e-04 3.11e-04 3.11e-04 5.85e-05
3.51e-01 4.29e-01 9.46e-03 4.30e-01 9.55e-03 2.76e-52 1.62e-06 6.70e-04 6.70e-04 6.70e-04 4.71e-05
3.56e-01 3.93e-01 3.60e-02 4.00e-01 3.67e-02 1.15e-44 1.64e-05 3.63e-04 3.63e-04 3.63e-04 1.82e-05
3.58e-01 5.64e-01 5.48e-01 3.90e-01 5.75e-01 7.82e-06 1.79e-05 4.50e-05 1.91e-05 8.73e-06 1.01e-06
3.39e-01 2.30e-01 7.77e-07 2.30e-01 7.77e-07 1.83e-313 1.83e-05 1.83e-05 1.83e-05 1.83e-05 1.83e-05
3.46e-01 3.81e-01 4.60e-03 3.80e-01 4.74e-03 3.01e-13 3.52e-13 5.74e-04 5.74e-04 1.24e-04 4.33e-05
3.45e-01 3.08e-01 8.71e-03 3.10e-01 8.93e-03 2.39e-07 9.62e-04 4.33e-04 2.85e-04 1.72e-04 1.74e-05
3.57e-01 3.66e-01 8.93e-03 3.70e-01 9.80e-03 3.97e-04 4.83e-04 5.54e-04 4.96e-04 1.64e-04 1.06e-04
3.40e-01 3.40e-01 2.30e-03 3.40e-01 2.33e-03 4.82e-04 4.99e-04 4.94e-04 4.94e-04 4.94e-04 2.48e-05
3.49e-01 3.11e-01 1.19e-02 3.10e-01 1.19e-02 2.14e-06 1.28e-03 4.33e-04 2.37e-04 1.20e-04 1.52e-05
3.56e-01 3.59e-01 1.19e-02 3.60e-01 1.19e-02 4.47e-04 6.89e-04 5.34e-04 2.52e-04 2.52e-04 2.42e-05
3.49e-01 3.76e-01 6.83e-02 4.10e-01 7.63e-02 2.19e-12 4.35e-04 6.36e-04 5.75e-04 1.28e-04 1.92e-05
3.56e-01 4.14e-01 5.18e-02 4.20e-01 5.22e-02 8.30e-07 1.86e-04 5.17e-04 2.55e-04 7.52e-05 6.54e-06
3.46e-01 3.60e-01 5.49e-03 3.60e-01 5.51e-03 7.27e-05 7.34e-05 5.34e-04 5.34e-04 1.29e-04 9.67e-05
3.36e-01 3.80e-01 9.02e-04 3.80e-01 9.06e-04 6.17e-77 6.17e-77 5.89e-05 5.89e-05 5.89e-05 5.89e-05
3.44e-01 2.94e-01 6.98e-03 2.90e-01 7.86e-03 1.35e-25 4.95e-05 3.17e-05 1.75e-05 1.75e-05 1.75e-05
3.47e-01 2.96e-01 2.80e-02 2.90e-01 2.86e-02 4.93e-06 1.87e-03 3.39e-04 2.15e-04 9.47e-05 1.38e-05
3.57e-01 2.58e-01 3.87e-03 2.60e-01 4.28e-03 0.00e+00 3.00e-05 2.45e-05 2.45e-05 2.45e-05 5.54e-06
3.49e-01 3.70e-01 5.08e-03 3.70e-01 5.09e-03 3.14e-07 3.14e-07 5.54e-04 5.54e-04 1.03e-04 8.92e-05
3.45e-01 4.09e-01 1.42e-01 4.40e-01 1.46e-01 5.42e-12 1.08e-04 1.07e-04 5.23e-05 2.29e-05 4.11e-06
3.46e-01 3.00e-01 2.13e-03 3.00e-01 2.18e-03 1.31e-59 3.60e-05 3.43e-05 3.43e-05 3.43e-05 1.72e-06
3.62e-01 3.85e-01 6.68e-03 3.90e-01 8.44e-03 1.26e-05 1.28e-05 5.91e-04 5.76e-04 5.76e-04 5.35e-05
3.55e-01 4.65e-01 5.56e-03 4.60e-01 7.18e-03 4.20e-96 1.07e-07 7.23e-04 6.21e-04 6.21e-04 6.21e-04
3.61e-01 4.21e-01 2.14e-01 4.00e-01 2.15e-01 5.39e-07 5.68e-07 6.13e-04 2.99e-04 2.99e-04 4.93e-05
3.35e-01 3.60e-01 1.04e-03 3.60e-01 1.04e-03 1.89e-17 1.89e-17 5.34e-04 5.34e-04 5.34e-04 5.34e-04
3.36e-01 4.06e-01 4.99e-03 4.10e-01 6.60e-03 2.84e-53 4.32e-09 6.32e-04 4.86e-04 4.86e-04 4.86e-04
3.46e-01 2.40e-01 1.77e-03 2.40e-01 1.80e-03 0.00e+00 2.09e-05 2.03e-05 2.03e-05 2.03e-05 2.03e-05
3.56e-01 3.20e-01 1.53e-02 3.20e-01 1.53e-02 3.45e-05 1.73e-03 3.90e-04 2.16e-04 1.73e-04 2.05e-05
3.54e-01 3.70e-01 1.21e-04 3.70e-01 1.21e-04 2.55e-13 2.55e-13 5.55e-05 5.55e-05 5.55e-05 5.55e-05
3.37e-01 3.80e-01 1.48e-04 3.80e-01 1.48e-04 5.80e-92 5.80e-92 5.89e-05 5.89e-05 5.89e-05 5.89e-05
3.63e-01 3.97e-01 1.84e-01 4.00e-01 1.84e-01 1.66e-05 1.19e-04 2.05e-04 3.61e-05 3.50e-05 2.06e-06
3.40e-01 3.42e-01 3.67e-03 3.40e-01 4.00e-03 4.37e-05 4.37e-05 4.58e-05 4.58e-05 4.58e-05 8.75e-06
3.58e-01 3.20e-01 8.64e-04 3.20e-01 8.65e-04 7.23e-32 4.01e-05 3.98e-05 3.98e-05 3.98e-05 3.98e-05
3.38e-01 3.00e-01 1.24e-03 3.00e-01 1.25e-03 3.26e-33 3.49e-05 3.43e-05 3.43e-05 3.43e-05 3.43e-05
3.57e-01 7.40e-01 7.94e-01 3.90e-01 8.68e-01 3.36e-11 7.75e-09 5.10e-05 2.31e-05 2.31e-05 1.28e-06
3.50e-01 3.30e-01 1.74e-04 3.30e-01 1.74e-04 3.88e-09 4.74e-04 4.74e-04 4.74e-04 4.74e-04 4.74e-04
3.48e-01 3.50e-01 3.35e-05 3.50e-01 3.35e-05 3.79e-05 3.79e-05 4.89e-05 4.89e-05 4.89e-05 4.89e-05
3.40e-01 3.31e-01 5.34e-02 3.20e-01 5.45e-02 2.93e-04 2.24e-03 4.08e-04 1.60e-04 1.09e-04 1.82e-05
3.63e-01 3.88e-01 6.67e-02 4.20e-01 7.42e-02 1.51e-07 3.45e-04 6.46e-04 1.88e-04 1.88e-04 1.30e-05
3.45e-01 4.80e-01 2.96e-01 4.30e-01 3.01e-01 7.30e-09 2.01e-06 4.62e-05 1.28e-05 1.14e-05 1.21e-06
3.60e-01 4.13e-01 1.64e-02 4.20e-01 1.80e-02 6.06e-11 2.17e-07 6.43e-04 2.39e-04 2.10e-04 2.26e-05
3.60e-01 4.37e-01 6.14e-02 4.10e-01 6.72e-02 5.61e-06 3.32e-04 4.89e-04 2.09e-04 1.13e-04 1.61e-05
3.42e-01 4.85e-01 5.14e-01 3.50e-01 5.31e-01 2.09e-04 5.50e-04 2.07e-04 9.09e-05 4.49e-05 3.37e-06
3.60e-01 7.12e-01 7.54e-01 3.90e-01 8.19e-01 1.95e-06 2.51e-06 5.35e-05 2.63e-05 7.91e-06 9.49e-07
3.56e-01 4.64e-01 4.24e-01 3.80e-01 4.32e-01 1.27e-04 1.92e-04 3.55e-04 1.72e-04 7.28e-05 4.41e-06
3.80e-01 3.37e-01 1.00e-02 3.40e-01 1.05e-02 2.87e-10 1.26e-03 4.94e-04 2.38e-04 2.38e-04 2.23e-05
3.93e-01 3.23e-01 5.03e-03 3.20e-01 5.88e-03 1.79e-61 6.87e-04 4.53e-04 2.21e-04 2.21e-04 2.21e-04
4.03e-01 4.00e-01 1.20e-03 4.00e-01 1.21e-03 4.89e-05 6.62e-05 6.59e-05 6.59e-05 6.59e-05 6.59e-05
3.75e-01 2.68e-01 1.69e-02 2.70e-01 1.70e-02 2.13e-14 9.71e-04 3.43e-04 1.52e-04 1.02e-04 3.45e-05
3.75e-01 2.99e-01 9.19e-03 3.00e-01 9.21e-03 7.48e-19 9.59e-04 4.13e-04 2.18e-04 2.18e-04 3.32e-05
4.01e-01 3.89e-01 4.05e-03 3.90e-01 4.09e-03 3.68e-05 7.12e-04 5.94e-04 5.94e-04 5.94e-04 4.18e-05
3.85e-01 4.40e-01 5.41e-03 4.40e-01 5.41e-03 1.12e-26 6.79e-11 6.88e-04 6.88e-04 1.42e-04 1.38e-04
3.80e-01 3.19e-01 6.25e-03 3.20e-01 6.40e-03 1.21e-21 7.32e-04 4.53e-04 1.82e-04 1.82e-04 9.12e-05
3.65e-01 4.33e-01 4.46e-02 4.30e-01 4.47e-02 1.12e-04 2.73e-04 4.71e-04 2.03e-04 9.58e-05 1.69e-05
4.01e-01 3.42e-01 7.52e-03 3.40e-01 7.77e-03 2.67e-20 9.89e-04 4.94e-04 3.15e-04 1.49e-04 2.48e-05
3.70e-01 2.44e-01 5.76e-02 2.30e-01 5.94e-02 1.33e-46 3.13e-04 2.74e-04 2.74e-04 2.74e-04 1.51e-05
3.80e-01 3.23e-01 4.46e-03 3.20e-01 5.20e-03 9.53e-41 6.22e-04 4.53e-04 4.53e-04 1.69e-04 1.69e-04
3.71e-01 3.70e-01 6.91e-04 3.70e-01 6.93e-04 4.85e-05 5.55e-05 5.55e-05 5.55e-05 5.55e-05 5.55e-05
3.91e-01 3.91e-01 3.35e-02 3.90e-01 3.35e-02 5.68e-04 7.61e-04 6.23e-04 6.23e-04 1.53e-04 1.22e-04
3.71e-01 3.62e-01 4.49e-03 3.60e-01 4.91e-03 1.44e-04 7.02e-04 5.34e-04 5.34e-04 1.53e-04 1.53e-04
3.90e-01 4.72e-01 3.62e-03 4.70e-01 3.94e-03 3.96e-188 1.12e-27 7.40e-04 7.40e-04 7.40e-04 1.38e-04
3.81e-01 3.14e-01 8.68e-02 2.40e-01 1.14e-01 4.95e-09 6.64e-04 2.93e-04 2.09e-04 1.05e-04 8.83e-06
3.86e-01 4.49e-01 4.31e-03 4.50e-01 4.40e-03 6.42e-37 1.81e-08 7.06e-04 7.06e-04 7.06e-04 4.25e-05
3.73e-01 3.63e-01 9.45e-03 3.60e-01 9.83e-03 3.43e-04 1.25e-03 5.34e-04 2.20e-04 2.20e-04 3.76e-05
3.73e-01 2.86e-01 1.49e-02 2.80e-01 1.63e-02 2.54e-12 1.48e-03 3.63e-04 2.34e-04 1.22e-04 1.50e-05
3.66e-01 3.33e-01 1.12e-02 3.30e-01 1.16e-02 9.41e-06 1.42e-03 4.31e-04 2.50e-04 1.71e-04 2.38e-05
3.94e-01 3.32e-01 8.10e-03 3.30e-01 8.25e-03 3.18e-17 9.86e-04 4.74e-04 2.88e-04 1.76e-04 3.81e-05
3.62e-01 3.80e-01 2.01e-04 3.80e-01 2.01e-04 1.62e-12 1.62e-12 5.89e-05 5.89e-05 5.89e-05 5.89e-05
3.66e-01 3.50e-01 1.35e-04 3.50e-01 1.35e-04 3.08e-09 4.89e-05 4.89e-05 4.89e-05 4.89e-05 4.89e-05
3.75e-01 4.21e-01 2.02e-02 4.20e-01 2.03e-02 3.66e-06 3.27e-05 5.30e-04 2.98e-04 2.16e-04 3.93e-05
4.02e-01 3.46e-01 6.82e-03 3.50e-01 7.74e-03 1.84e-19 9.97e-04 5.14e-04 3.70e-04 3.70e-04 3.62e-05
3.95e-01 4.30e-01 8.09e-03 4.30e-01 8.10e-03 1.63e-11 1.01e-06 6.70e-04 6.70e-04 1.18e-04 1.04e-04
3.83e-01 2.30e-01 3.55e-03 2.30e-01 3.55e-03 6.80e-36 1.84e-05 1.83e-05 1.83e-05 1.83e-05 1.83e-05
3.98e-01 3.93e-01 8.24e-02 4.20e-01 8.67e-02 1.21e-05 8.69e-04 6.23e-04 2.52e-04 1.42e-04 1.61e-05
3.80e-01 2.35e+00 6.36e-02 2.36e+00 6.38e-02 8.62e-09 6.70e-08 8.85e-06 4.09e-06 2.82e-06 3.32e-07
3.68e-01 2.49e+00 1.91e-02 2.49e+00 1.93e-02 2.70e-14 2.72e-14 4.47e-06 2.73e-06 1.26e-06 2.53e-07
3.75e-01 3.50e-01 8.85e-05 3.50e-01 8.85e-05 1.99e-22 4.89e-05 4.89e-05 4.89e-05 4.89e-05 4.89e-05
3.74e-01 3.34e-01 1.29e-02 3.30e-01 1.35e-02 3.35e-06 1.67e-03 4.74e-04 2.60e-04 2.60e-04 1.90e-05
3.65e-01 3.67e-01 4.35e-03 3.70e-01 5.03e-03 3.70e-05 4.63e-05 5.55e-05 5.55e-05 1.89e-05 1.89e-05
3.69e-01 3.29e-01 2.22e-03 3.30e-01 2.27e-03 3.41e-38 4.51e-05 4.28e-05 4.28e-05 4.28e-05 2.36e-06
3.71e-01 3.40e-01 1.08e-04 3.40e-01 1.08e-04 1.89e-41 4.94e-04 4.94e-04 4.94e-04 4.94e-04 4.94e-04
3.71e-01 3.80e-01 1.32e-03 3.80e-01 1.33e-03 7.71e-06 7.71e-06 5.89e-05 5.89e-05 5.89e-05 5.89e-05
3.84e-01 3.15e-01 5.00e-03 3.20e-01 6.99e-03 1.09e-115 7.57e-05 3.87e-05 3.71e-05 3.71e-05 3.71e-05
3.74e-01 3.90e-01 2.19e-04 3.90e-01 2.19e-04 1.19e-10 1.19e-10 6.24e-05 6.24e-05 6.24e-05 6.24e-05
3.99e-01 3.51e-01 1.12e-02 3.50e-01 1.13e-02 7.41e-08 1.47e-03 5.14e-04 2.87e-04 1.27e-04 1.81e-05
3.93e-01 3.56e-01 5.00e-03 3.60e-01 6.51e-03 2.92e-18 9.22e-04 5.34e-04 3.84e-04 3.84e-04 3.84e-04
3.96e-01 3.87e-01 1.22e-01 4.10e-01 1.24e-01 3.77e-04 3.91e-03 4.86e-04 1.78e-04 1.28e-04 2.81e-05
3.69e-01 3.90e-01 7.16e-04 3.90e-01 7.17e-04 6.99e-16 6.99e-16 6.24e-05 6.24e-05 6.24e-05 6.24e-05
3.80e-01 3.64e-01 5.10e-03 3.60e-01 6.41e-03 2.75e-06 8.94e-04 5.34e-04 3.52e-04 3.52e-04 3.52e-04
3.92e-01 4.41e-01 9.78e-03 4.40e-01 9.80e-03 2.13e-08 6.18e-07 6.88e-04 3.15e-04 3.15e-04 5.18e-05
3.95e-01 3.48e-01 4.00e-03 3.50e-01 4.47e-03 9.11e-37 6.11e-05 4.89e-05 4.89e-05 4.89e-05 1.23e-05
3.79e-01 3.44e-01 5.16e-03 3.40e-01 6.68e-03 8.20e-12 8.79e-04 4.94e-04 3.77e-04 3.77e-04 3.77e-04
3.81e-01 4.29e-01 2.23e-03 4.30e-01 2.30e-03 4.39e-75 4.39e-75 7.71e-05 7.71e-05 7.71e-05 4.65e-06
3.94e-01 3.90e-01 4.75e-04 3.90e-01 4.75e-04 4.05e-05 6.25e-05 6.24e-05 6.24e-05 6.24e-05 6.24e-05
3.87e-01 3.70e-01 1.79e-03 3.70e-01 1.82e-03 1.98e-12 5.73e-05 5.55e-05 5.55e-05 5.55e-05 5.55e-05
3.95e-01 3.84e-01 5.08e-03 3.80e-01 6.21e-03 1.70e-04 9.26e-04 5.74e-04 3.41e-04 3.41e-04 3.41e-04
3.75e-01 2.93e-01 3.33e-02 2.90e-01 3.35e-02 1.58e-08 2.00e-03 3.53e-04 1.46e-04 1.22e-04 1.97e-05
3.97e-01 3.28e-01 3.80e-03 3.30e-01 4.16e-03 1.47e-62 5.17e-05 4.28e-05 4.28e-05 4.28e-05 9.03e-06
3.85e-01 3.90e-01 3.46e-04 3.90e-01 3.46e-04 3.10e-05 3.10e-05 6.24e-05 6.24e-05 6.24e-05 6.24e-05
3.81e-01 2.32e+00 2.29e-02 2.32e+00 2.29e-02 9.39e-30 1.83e-27 1.19e-05 5.26e-06 3.37e-06 5.39e-07
3.78e-01 4.15e-01 1.99e-02 4.20e-01 2.06e-02 2.45e-19 1.38e-05 6.42e-04 6.42e-04 2.94e-04 2.94e-04
3.65e-01 3.03e-01 1.53e-02 3.00e-01 1.56e-02 2.00e-07 1.62e-03 3.77e-04 2.28e-04 1.41e-04 2.49e-05
3.79e-01 3.47e-01 4.68e-03 3.50e-01 5.57e-03 7.72e-13 7.43e-04 5.14e-04 5.14e-04 2.27e-04 2.27e-04
4.00e-01 4.11e-01 8.30e-03 4.10e-01 8.37e-03 3.51e-04 3.60e-04 6.36e-04 3.55e-04 3.55e-04 4.48e-05
3.72e-01 3.50e-01 3.67e-03 3.50e-01 3.70e-03 5.10e-09 5.96e-04 5.14e-04 5.14e-04 5.14e-04 2.84e-05
3.77e-01 4.00e-01 1.47e-04 4.00e-01 1.47e-04 2.27e-22 2.27e-22 6.13e-04 6.13e-04 6.13e-04 6.13e-04
3.77e-01 3.88e-01 6.01e-03 3.90e-01 6.47e-03 1.95e-04 2.03e-04 5.94e-04 2.81e-04 2.81e-04 7.46e-05
4.00e-01 4.10e-01 1.02e-02 4.10e-01 1.02e-02 3.65e-04 4.22e-04 6.32e-04 3.30e-04 3.30e-04 5.08e-05
3.64e-01 3.50e-01 5.57e-05 3.50e-01 5.57e-05 1.53e-13 4.89e-05 4.89e-05 4.89e-05 4.89e-05 4.89e-05
3.83e-01 3.10e-01 1.20e-03 3.10e-01 1.21e-03 1.47e-160 4.40e-04 4.33e-04 4.33e-04 4.33e-04 4.33e-04
3.97e-01 3.55e-01 3.84e-02 3.60e-01 3.87e-02 9.77e-07 1.60e-03 5.31e-04 2.35e-04 2.08e-04 3.47e-05
3.81e-01 3.73e-01 6.93e-03 3.70e-01 7.68e-03 3.67e-04 1.04e-03 5.54e-04 3.87e-04 3.87e-04 3.62e-05
3.95e-01 3.93e-01 6.90e-03 3.90e-01 7.47e-03 4.94e-04 8.82e-04 5.94e-04 3.79e-04 3.79e-04 2.98e-05
3.74e-01 2.95e-01 9.17e-02 2.30e-01 1.13e-01 2.71e-10 1.43e-04 3.39e-05 1.53e-05 1.21e-05 1.33e-06
3.70e-01 3.95e-01 4.98e-03 3.90e-01 6.72e-03 9.00e-19 9.00e-19 6.24e-05 5.14e-05 5.14e-05 5.14e-05
3.88e-01 3.59e-01 1.37e-02 3.60e-01 1.38e-02 4.61e-05 1.71e-03 4.00e-04 1.83e-04 1.37e-04 2.42e-05
3.75e-01 3.60e-01 1.98e-03 3.60e-01 2.02e-03 6.82e-13 5.44e-05 5.21e-05 5.21e-05 5.21e-05 2.36e-06
3.75e-01 3.90e-01 1.67e-03 3.90e-01 1.69e-03 1.80e-07 1.80e-07 5.94e-04 5.94e-04 5.94e-04 5.94e-04
3.92e-01 3.27e-01 4.41e-03 3.30e-01 5.14e-03 6.46e-220 5.82e-05 4.28e-05 4.28e-05 1.55e-05 1.55e-05
3.67e-01 4.00e-01 1.38e-03 4.00e-01 1.40e-03 3.27e-60 3.27e-60 6.59e-05 6.59e-05 6.59e-05 6.59e-05
3.76e-01 4.12e-01 3.03e-01 3.70e-01 3.06e-01 3.59e-04 1.27e-03 5.54e-04 2.20e-04 2.20e-04 1.67e-05
3.65e-01 2.91e-01 5.14e-02 2.70e-01 5.56e-02 6.18e-11 1.34e-03 2.90e-04 1.29e-04 7.26e-05 2.48e-05
3.83e-01 3.94e-01 5.55e-02 3.90e-01 5.56e-02 2.08e-04 2.27e-04 6.23e-04 3.32e-04 3.32e-04 2.50e-05
3.82e-01 3.02e-01 4.09e-02 2.90e-01 4.25e-02 1.23e-08 2.24e-03 3.49e-04 1.32e-04 1.08e-04 1.18e-05
3.94e-01 3.67e-01 4.54e-03 3.70e-01 5.38e-03 1.37e-13 7.80e-04 5.54e-04 5.54e-04 2.26e-04 2.26e-04
4.03e-01 4.02e-01 4.26e-03 4.00e-01 4.88e-03 5.12e-05 7.26e-05 6.59e-05 6.59e-05 2.09e-05 2.09e-05
3.98e-01 2.80e-01 1.55e-03 2.80e-01 1.56e-03 1.13e-114 2.99e-05 2.92e-05 2.92e-05 2.92e-05 2.92e-05
3.67e-01 4.62e-01 8.59e-02 5.10e-01 9.85e-02 7.36e-05 9.44e-04 6.43e-04 2.42e-04 8.99e-05 1.38e-05
3.63e-01 2.57e-01 4.50e-03 2.60e-01 5.24e-03 3.79e-123 3.35e-05 2.45e-05 2.45e-05 9.11e-06 9.11e-06
3.80e-01 2.65e-01 4.99e-03 2.70e-01 6.84e-03 2.49e-189 5.03e-05 2.68e-05 2.36e-05 2.36e-05 2.36e-05
3.87e-01 4.30e-01 1.03e-03 4.30e-01 1.04e-03 9.85e-108 9.85e-108 7.71e-05 7.71e-05 7.71e-05 7.71e-05
3.66e-01 3.29e-01 2.57e-03 3.30e-01 2.66e-03 6.20e-26 5.10e-04 4.74e-04 4.74e-04 4.74e-04 3.57e-05
3.91e-01 3.91e-01 6.07e-02 4.20e-01 6.73e-02 2.19e-08 1.87e-04 6.42e-04 2.42e-04 2.42e-04 2.58e-05
3.75e-01 2.99e-01 2.49e-03 3.00e-01 2.56e-03 3.82e-104 4.42e-04 4.13e-04 4.13e-04 4.13e-04 2.90e-05
3.72e-01 3.90e-01 2.35e-04 3.90e-01 2.35e-04 2.66e-10 2.66e-10 6.24e-05 6.24e-05 6.24e-05 6.24e-05
3.82e-01 2.50e-01 5.55e-06 2.50e-01 5.55e-06 4.61e-175 2.23e-05 2.23e-05 2.23e-05 2.23e-05 2.23e-05
3.71e-01 4.10e-01 9.34e-04 4.10e-01 9.37e-04 1.98e-27 1.98e-27 6.96e-05 6.96e-05 6.96e-05 6.96e-05
3.98e-01 3.60e-01 8.16e-04 3.60e-01 8.19e-04 1.43e-50 5.38e-04 5.34e-04 5.34e-04 5.34e-04 5.34e-04
3.67e-01 3.11e-01 1.77e-02 3.10e-01 1.77e-02 7.07e-07 1.90e-03 4.05e-04 2.02e-04 1.04e-04 2.61e-05
3.90e-01 4.60e-01 2.88e-01 4.10e-01 2.93e-01 3.31e-05 8.16e-05 3.74e-05 1.45e-05 7.38e-06 9.83e-07
3.69e-01 3.02e-01 8.72e-03 3.00e-01 8.89e-03 1.67e-15 9.27e-04 4.13e-04 2.74e-04 1.74e-04 2.07e-05
3.98e-01 4.00e-01 1.55e-03 4.00e-01 1.57e-03 5.28e-05 5.29e-05 6.59e-05 6.59e-05 6.59e-05 6.59e-05
3.90e-01 3.92e-01 4.28e-03 3.90e-01 4.91e-03 5.72e-04 5.72e-04 5.94e-04 5.94e-04 1.91e-04 1.91e-04
3.94e-01 4.39e-01 9.02e-02 4.50e-01 9.08e-02 2.94e-06 4.01e-04 6.47e-04 2.32e-04 1.72e-04 1.66e-05
3.93e-01 3.28e-01 4.17e-03 3.30e-01 4.73e-03 6.39e-114 5.51e-05 4.28e-05 4.28e-05 1.25e-05 1.25e-05
3.66e-01 2.94e-01 1.09e-02 2.90e-01 1.16e-02 3.96e-25 8.23e-04 3.92e-04 3.18e-04 3.18e-04 3.55e-05
3.75e-01 4.23e-01 5.85e-03 4.20e-01 6.68e-03 1.52e-19 1.07e-13 6.51e-04 3.76e-04 3.76e-04 5.24e-05
3.96e-01 3.81e-01 8.25e-03 3.80e-01 8.31e-03 1.54e-04 1.18e-03 5.74e-04 3.26e-04 2.40e-04 2.60e-05
3.67e-01 3.53e-01 7.32e-03 3.50e-01 7.75e-03 1.15e-04 1.00e-03 5.14e-04 3.33e-04 3.33e-04 3.10e-05
3.77e-01 3.47e-01 7.59e-02 4.20e-01 1.06e-01 1.95e-08 2.10e-03 3.75e-04 2.22e-04 1.06e-04 2.19e-05
3.86e-01 3.90e-01 1.75e-03 3.90e-01 1.78e-03 3.83e-04 3.96e-04 5.94e-04 5.94e-04 5.94e-04 5.94e-04
3.79e-01 2.96e-01 1.10e-02 3.00e-01 1.17e-02 1.20e-17 1.23e-03 3.77e-04 2.12e-04 1.62e-04 2.70e-05
3.91e-01 3.81e-01 6.00e-03 3.80e-01 6.03e-03 1.56e-04 8.83e-04 5.74e-04 1.79e-04 1.79e-04 1.33e-04
3.90e-01 3.94e-01 4.84e-03 3.90e-01 6.11e-03 6.17e-05 6.33e-05 6.24e-05 3.73e-05 3.73e-05 3.73e-05
3.88e-01 4.11e-01 5.70e-02 4.40e-01 6.41e-02 2.70e-13 3.47e-04 6.88e-04 2.56e-04 2.56e-04 2.42e-05
4.00e-01 4.19e-01 3.80e-02 4.20e-01 3.80e-02 3.24e-05 6.05e-05 5.47e-04 1.90e-04 1.90e-04 8.25e-06
3.99e-01 3.62e-01 5.48e-03 3.60e-01 5.79e-03 1.10e-09 7.80e-04 5.34e-04 5.34e-04 1.91e-04 5.37e-05
3.91e-01 2.68e-01 3.68e-03 2.70e-01 4.01e-03 6.06e-201 3.19e-05 2.68e-05 2.68e-05 2.68e-05 5.25e-06
3.84e-01 3.40e-01 4.02e-05 3.40e-01 4.02e-05 4.09e-90 4.58e-05 4.58e-05 4.58e-05 4.58e-05 4.58e-05
3.93e-01 4.17e-01 1.10e-02 4.20e-01 1.14e-02 5.66e-05 6.10e-05 6.42e-04 2.45e-04 1.71e-04 5.49e-05
3.75e-01 3.90e-01 3.19e-04 3.90e-01 3.19e-04 2.10e-09 2.10e-09 6.24e-05 6.24e-05 6.24e-05 6.24e-05
4.01e-01 4.20e-01 1.29e-04 4.20e-01 1.29e-04 1.47e-09 1.47e-09 7.33e-05 7.33e-05 7.33e-05 7.33e-05
4.02e-01 3.69e-01 3.56e-03 3.70e-01 3.86e-03 1.81e-32 6.52e-05 5.55e-05 5.55e-05 5.55e-05 9.75e-06
3.79e-01 2.83e-01 1.55e-02 2.80e-01 1.58e-02 6.07e-13 1.46e-03 3.16e-04 1.29e-04 9.54e-05 2.99e-05
3.69e-01 4.27e-01 6.26e-02 4.20e-01 6.31e-02 1.36e-12 1.37e-06 1.65e-05 7.19e-06 4.56e-06 7.02e-07
3.66e-01 1.43e+00 5.01e-03 1.43e+00 6.07e-03 0.00e+00 0.00e+00 3.94e-04 2.08e-04 2.08e-04 2.08e-04
4.01e-01 7.32e-01 7.84e-01 3.70e-01 8.63e-01 3.12e-05 5.25e-04 9.54e-05 3.40e-05 1.37e-05 1.10e-06
3.94e-01 4.76e-01 4.34e-01 3.80e-01 4.45e-01 2.37e-04 9.13e-04 3.16e-04 1.59e-04 1.24e-04 3.27e-06
3.67e-01 4.61e-01 8.58e-03 4.60e-01 8.61e-03 4.17e-32 6.22e-07 7.23e-04 3.56e-04 2.54e-04 2.54e-05
3.83e-01 3.79e-01 3.25e-03 3.80e-01 3.45e-03 3.75e-04 6.51e-04 5.74e-04 5.74e-04 5.74e-04 7.79e-05
3.95e-01 3.94e-01 5.00e-03 3.90e-01 6.17e-03 4.63e-04 7.87e-04 5.94e-04 3.49e-04 3.49e-04 3.49e-04
3.76e-01 3.60e-01 5.39e-06 3.60e-01 5.39e-06 5.06e-12 5.21e-05 5.21e-05 5.21e-05 5.21e-05 5.21e-05
3.78e-01 3.60e-01 5.72e-04 3.60e-01 5.73e-04 3.50e-17 5.23e-05 5.21e-05 5.21e-05 5.21e-05 5.21e-05
3.75e-01 3.29e-01 5.91e-02 3.30e-01 5.91e-02 5.14e-06 1.97e-03 4.21e-04 2.00e-04 1.19e-04 1.19e-05
3.75e-01 4.10e-01 5.76e-04 4.10e-01 5.76e-04 2.26e-32 2.26e-32 6.96e-05 6.96e-05 6.96e-05 6.96e-05
3.77e-01 3.60e-01 5.96e-05 3.60e-01 5.96e-05 6.25e-10 5.21e-05 5.21e-05 5.21e-05 5.21e-05 5.21e-05
3.75e-01 3.80e-01 7.97e-04 3.80e-01 8.00e-04 2.95e-05 2.95e-05 5.89e-05 5.89e-05 5.89e-05 5.89e-05
3.90e-01 4.10e-01 4.17e-04 4.10e-01 4.17e-04 3.74e-10 3.74e-10 6.96e-05 6.96e-05 6.96e-05 6.96e-05
3.82e-01 2.88e-01 3.72e-03 2.90e-01 4.05e-03 2.54e-119 3.79e-05 3.17e-05 3.17e-05 3.17e-05 6.21e-06
3.64e-01 3.17e-01 2.17e-02 3.20e-01 2.19e-02 1.90e-06 1.71e-03 3.94e-04 2.23e-04 1.46e-04 3.42e-05
3.87e-01 3.85e-01 5.18e-03 3.90e-01 6.99e-03 5.74e-04 9.46e-04 5.94e-04 5.28e-04 5.28e-04 5.28e-04
3.65e-01 3.10e-01 1.55e-03 3.10e-01 1.57e-03 2.45e-58 3.80e-05 3.70e-05 3.70e-05 3.70e-05 3.70e-05
3.66e-01 3.61e-01 7.32e-03 3.60e-01 7.45e-03 3.72e-04 8.38e-04 5.34e-04 2.55e-04 1.50e-04 2.42e-05
3.91e-01 3.34e-01 8.36e-03 3.30e-01 9.21e-03 2.41e-13 1.10e-03 4.74e-04 4.05e-04 1.33e-04 8.33e-05
3.81e-01 3.71e-01 3.93e-03 3.70e-01 4.03e-03 7.36e-05 6.61e-04 5.54e-04 5.54e-04 5.54e-04 2.51e-05
3.86e-01 4.10e-01 2.07e-03 4.10e-01 2.12e-03 4.30e-14 4.30e-14 6.32e-04 6.32e-04 6.32e-04 3.18e-05
3.67e-01 3.80e-01 7.69e-04 3.80e-01 7.71e-04 7.26e-13 7.26e-13 5.89e-05 5.89e-05 5.89e-05 5.89e-05
3.70e-01 2.49e-01 5.45e-03 2.50e-01 5.54e-03 1.51e-37 4.45e-04 3.12e-04 3.12e-04 8.79e-05 4.40e-05
3.86e-01 2.50e-01 1.22e-05 2.50e-01 1.22e-05 1.20e-202 2.23e-05 2.23e-05 2.23e-05 2.23e-05 2.23e-05
3.68e-01 2.59e-01 4.03e-03 2.60e-01 4.23e-03 3.82e-87 4.05e-04 3.32e-04 3.32e-04 3.32e-04 6.34e-05
3.92e-01 4.30e-01 3.72e-04 4.30e-01 3.73e-04 5.37e-36 5.37e-36 6.70e-04 6.70e-04 6.70e-04 6.70e-04
3.84e-01 2.91e-01 5.13e-02 2.80e-01 5.25e-02 1.53e-76 4.29e-05 2.92e-05 1.35e-05 1.35e-05 2.35e-06
3.67e-01 4.11e-01 2.87e-03 4.10e-01 3.00e-03 2.14e-96 2.14e-96 6.32e-04 6.32e-04 6.32e-04 6.35e-05
3.82e-01 2.60e-01 3.01e-03 2.60e-01 3.04e-03 2.95e-62 3.66e-04 3.32e-04 3.32e-04 3.32e-04 1.17e-05
3.97e-01 3.24e-01 9.98e-03 3.20e-01 1.09e-02 1.62e-08 1.17e-03 4.53e-04 4.28e-04 1.53e-04 1.82e-05
3.97e-01 3.70e-01 4.08e-04 3.70e-01 4.08e-04 1.34e-17 5.55e-04 5.54e-04 5.54e-04 5.54e-04 5.54e-04
3.68e-01 1.08e+00 9.77e-01 3.50e-01 1.22e+00 3.42e-05 2.39e-04 3.21e-05 6.67e-06 3.96e-06 6.25e-07
3.98e-01 3.19e-01 1.38e-02 3.20e-01 1.38e-02 2.41e-13 1.56e-03 3.51e-04 1.64e-04 1.50e-04 3.42e-05
3.83e-01 3.01e-01 2.32e-02 3.00e-01 2.32e-02 2.02e-11 1.71e-03 3.63e-04 1.83e-04 9.33e-05 1.45e-05
3.65e-01 3.50e-01 1.95e-03 3.50e-01 1.99e-03 1.06e-06 5.09e-05 4.89e-05 4.89e-05 4.89e-05 2.21e-06
3.66e-01 3.68e-01 4.17e-03 3.70e-01 4.74e-03 3.88e-05 4.81e-05 5.55e-05 5.55e-05 1.62e-05 1.62e-05
3.78e-01 3.60e-01 1.28e-05 3.60e-01 1.28e-05 4.74e-13 5.21e-05 5.21e-05 5.21e-05 5.21e-05 5.21e-05
3.82e-01 3.07e-01 1.08e-02 3.10e-01 1.12e-02 9.20e-16 1.20e-03 4.33e-04 2.18e-04 1.31e-04 2.18e-05
3.79e-01 3.88e-01 4.75e-03 3.90e-01 5.11e-03 1.63e-04 1.64e-04 5.94e-04 5.94e-04 1.76e-04 2.98e-05
3.68e-01 3.37e-01 8.01e-03 3.40e-01 8.61e-03 3.74e-07 1.03e-03 4.94e-04 3.30e-04 1.39e-04 6.46e-05
3.81e-01 4.77e-01 2.72e-02 4.80e-01 2.74e-02 2.26e-06 5.52e-06 6.75e-04 1.83e-04 1.83e-04 2.03e-05
3.99e-01 5.08e-01 3.35e-01 4.30e-01 3.44e-01 8.24e-05 1.98e-04 1.77e-04 9.11e-05 4.13e-05 2.43e-06
3.86e-01 2.11e+00 9.49e-01 3.90e-01 1.97e+00 1.14e-05 6.25e-05 7.99e-06 3.62e-06 2.75e-06 6.24e-07
3.70e-01 3.72e-01 1.06e-02 3.70e-01 1.07e-02 5.51e-04 9.26e-04 5.54e-04 2.90e-04 1.25e-04 6.69e-05
4.24e-01 3.55e-01 1.02e-01 3.50e-01 1.02e-01 3.90e-07 2.63e-03 4.21e-04 1.78e-04 1.68e-04 2.07e-05
4.32e-01 4.40e-01 5.58e-04 4.40e-01 5.59e-04 1.72e-05 1.73e-05 8.10e-05 8.10e-05 8.10e-05 8.10e-05
4.18e-01 4.73e-01 4.67e-03 4.70e-01 5.67e-03 2.43e-113 2.43e-113 9.30e-05 9.30e-05 4.44e-05 4.44e-05
4.17e-01 3.37e-01 8.72e-03 3.40e-01 9.26e-03 9.05e-27 1.13e-03 4.94e-04 3.58e-04 1.79e-04 8.44e-05
4.12e-01 4.20e-01 6.62e-04 4.20e-01 6.63e-04 1.53e-05 1.53e-05 7.33e-05 7.33e-05 7.33e-05 7.33e-05
4.20e-01 3.44e-01 4.96e-03 3.40e-01 6.62e-03 1.36e-242 8.15e-05 4.58e-05 3.59e-05 3.59e-05 3.59e-05
4.32e-01 3.34e-01 5.01e-03 3.30e-01 6.67e-03 2.53e-99 7.67e-05 4.28e-05 3.40e-05 3.40e-05 3.40e-05
4.17e-01 4.20e-01 8.06e-04 4.20e-01 8.08e-04 4.77e-05 4.77e-05 7.33e-05 7.33e-05 7.33e-05 7.33e-05
4.24e-01 3.22e-01 1.35e-02 3.20e-01 1.36e-02 1.60e-10 1.55e-03 3.87e-04 1.89e-04 1.25e-04 3.42e-05
4.11e-01 4.45e-01 4.98e-03 4.50e-01 6.73e-03 3.59e-18 3.59e-18 7.06e-04 5.85e-04 5.85e-04 5.85e-04
4.12e-01 4.00e-01 1.11e-03 4.00e-01 1.12e-03 6.79e-07 6.68e-05 6.59e-05 6.59e-05 6.59e-05 6.59e-05
4.12e-01 4.02e-01 4.70e-03 4.00e-01 5.30e-03 1.71e-04 8.48e-04 6.13e-04 6.13e-04 2.22e-04 2.22e-04
4.03e-01 3.90e-01 1.53e-03 3.90e-01 1.55e-03 1.50e-07 6.08e-04 5.94e-04 5.94e-04 5.94e-04 5.94e-04
4.10e-01 4.70e-01 1.80e-03 4.70e-01 1.83e-03 7.58e-135 7.58e-135 9.30e-05 9.30e-05 9.30e-05 3.27e-06
4.12e-01 4.32e-01 4.31e-03 4.30e-01 4.96e-03 2.63e-12 2.63e-12 7.71e-05 7.71e-05 2.52e-05 2.52e-05
4.15e-01 4.19e-01 8.43e-03 4.20e-01 8.53e-03 4.71e-04 6.73e-04 6.42e-04 3.20e-04 2.10e-04 2.58e-05
4.31e-01 4.70e-01 1.93e-04 4.70e-01 1.93e-04 9.98e-41 9.98e-41 9.30e-05 9.30e-05 9.30e-05 9.30e-05
4.34e-01 4.09e-01 2.85e-02 4.00e-01 2.98e-02 8.61e-05 2.01e-03 6.43e-04 4.78e-04 1.81e-04 9.69e-06
4.19e-01 3.08e-01 1.35e-02 3.10e-01 1.37e-02 1.89e-10 1.48e-03 3.74e-04 1.89e-04 1.09e-04 2.39e-05
4.17e-01 4.20e-01 2.20e-04 4.20e-01 2.20e-04 5.45e-05 5.45e-05 7.33e-05 7.33e-05 7.33e-05 7.33e-05
4.15e-01 2.88e-01 1.03e-02 2.90e-01 1.05e-02 2.02e-07 1.04e-03 3.92e-04 2.03e-04 2.03e-04 4.34e-05
4.15e-01 4.30e-01 7.96e-04 4.30e-01 7.97e-04 4.57e-07 4.57e-07 6.70e-04 6.70e-04 6.70e-04 6.70e-04
4.13e-01 5.01e-01 3.46e-03 5.00e-01 3.58e-03 1.00e-79 1.96e-12 7.89e-04 7.89e-04 7.89e-04 9.91e-05
4.31e-01 3.75e-01 7.29e-03 3.70e-01 8.64e-03 2.42e-17 1.26e-03 5.54e-04 5.32e-04 5.32e-04 7.52e-05
4.14e-01 3.33e-01 4.54e-03 3.30e-01 5.38e-03 6.40e-110 6.66e-04 4.74e-04 4.74e-04 1.93e-04 1.93e-04
4.14e-01 4.03e-01 2.36e-01 4.20e-01 2.36e-01 5.81e-04 4.04e-03 4.88e-04 2.26e-04 1.07e-04 1.49e-05
4.10e-01 2.50e-01 3.46e-04 2.50e-01 3.46e-04 6.61e-32 2.23e-05 2.23e-05 2.23e-05 2.23e-05 2.23e-05
4.17e-01 3.48e-01 8.31e-02 4.20e-01 1.10e-01 3.62e-04 2.38e-03 3.48e-04 2.13e-04 1.19e-04 1.88e-05
4.22e-01 3.40e-01 4.01e-05 3.40e-01 4.01e-05 1.76e-286 4.58e-05 4.58e-05 4.58e-05 4.58e-05 4.58e-05
4.06e-01 4.00e-01 2.34e-04 4.00e-01 2.34e-04 2.69e-05 6.60e-05 6.59e-05 6.59e-05 6.59e-05 6.59e-05
4.16e-01 3.30e-01 2.98e-03 3.30e-01 2.99e-03 4.62e-75 5.20e-04 4.74e-04 4.74e-04 4.74e-04 1.90e-05
4.05e-01 3.49e-01 2.99e-03 3.50e-01 3.09e-03 3.19e-44 5.69e-04 5.14e-04 5.14e-04 5.14e-04 4.91e-05
4.09e-01 3.21e-01 3.31e-03 3.20e-01 3.53e-03 1.63e-97 5.18e-04 4.53e-04 4.53e-04 4.53e-04 6.61e-05
4.17e-01 4.04e-01 1.41e-02 4.00e-01 1.47e-02 3.31e-04 1.72e-03 6.13e-04 2.83e-04 2.59e-04 5.55e-05
4.14e-01 4.64e-01 8.57e-03 4.60e-01 9.58e-03 1.69e-09 2.18e-08 7.23e-04 6.72e-04 2.03e-04 1.53e-04
4.08e-01 4.00e-01 2.61e-04 4.00e-01 2.61e-04 1.37e-05 6.60e-05 6.59e-05 6.59e-05 6.59e-05 6.59e-05
4.31e-01 3.70e-01 5.47e-04 3.70e-01 5.48e-04 1.01e-87 5.56e-04 5.54e-04 5.54e-04 5.54e-04 5.54e-04
4.15e-01 2.80e-01 1.81e-03 2.80e-01 1.84e-03 8.13e-89 3.02e-05 2.92e-05 2.92e-05 2.92e-05 1.03e-06
4.11e-01 3.40e-01 1.28e-03 3.40e-01 1.28e-03 1.99e-105 5.02e-04 4.94e-04 4.94e-04 4.94e-04 4.94e-04
4.08e-01 4.30e-01 2.26e-04 4.30e-01 2.26e-04 4.30e-21 4.30e-21 7.71e-05 7.71e-05 7.71e-05 7.71e-05
4.05e-01 4.13e-01 5.15e-03 4.10e-01 6.04e-03 3.23e-04 3.33e-04 6.32e-04 3.15e-04 3.15e-04 3.15e-04
4.29e-01 4.30e-01 3.99e-04 4.30e-01 3.99e-04 7.21e-05 7.21e-05 7.71e-05 7.71e-05 7.71e-05 7.71e-05
4.32e-01 4.31e-01 2.44e-03 4.30e-01 2.53e-03 6.13e-05 7.83e-05 7.71e-05 7.71e-05 7.71e-05 5.43e-06
4.21e-01 4.40e-01 2.54e-04 4.40e-01 2.54e-04 7.27e-09 7.27e-09 8.10e-05 8.10e-05 8.10e-05 8.10e-05
4.08e-01 4.89e-01 2.58e-03 4.90e-01 2.68e-03 1.56e-188 9.30e-56 7.73e-04 7.73e-04 7.73e-04 6.21e-05
4.24e-01 3.45e-01 6.86e-03 3.50e-01 8.62e-03 8.09e-35 1.13e-03 5.14e-04 4.94e-04 4.94e-04 4.91e-05
4.12e-01 4.98e-01 3.34e-01 4.20e-01 3.43e-01 3.18e-05 6.82e-05 3.07e-05 1.91e-05 7.59e-06 1.48e-06
4.31e-01 4.83e-01 6.80e-02 5.20e-01 7.72e-02 1.15e-166 2.48e-04 8.19e-04 8.19e-04 8.19e-04 4.52e-05
4.13e-01 3.98e-01 9.85e-03 4.00e-01 1.00e-02 2.06e-04 1.45e-03 6.13e-04 2.71e-04 2.71e-04 5.85e-05
4.03e-01 3.54e-01 4.91e-03 3.50e-01 6.34e-03 1.26e-39 8.60e-04 5.14e-04 3.46e-04 3.46e-04 3.46e-04
4.12e-01 4.20e-01 3.61e-04 4.20e-01 3.62e-04 1.35e-05 1.35e-05 7.33e-05 7.33e-05 7.33e-05 7.33e-05
4.24e-01 1.10e+00 9.80e-01 4.00e-01 1.20e+00 1.22e-05 1.16e-04 1.55e-05 3.56e-06 2.45e-06 3.33e-07
4.33e-01 2.50e-01 3.56e-04 2.50e-01 3.56e-04 8.55e-17 2.23e-05 2.23e-05 2.23e-05 2.23e-05 2.23e-05
4.05e-01 3.31e-01 5.17e-03 3.30e-01 5.24e-03 4.52e-48 6.50e-04 4.74e-04 4.74e-04 1.17e-04 5.95e-05
4.05e-01 3.93e-01 4.71e-03 3.90e-01 5.75e-03 1.33e-04 8.86e-04 5.94e-04 5.94e-04 2.92e-04 2.92e-04
4.22e-01 3.07e-01 7.27e-03 3.10e-01 7.71e-03 3.92e-11 8.14e-04 4.33e-04 2.59e-04 2.59e-04 2.61e-05
4.06e-01 3.64e-01 5.07e-03 3.60e-01 6.22e-03 9.96e-23 8.70e-04 5.34e-04 3.25e-04 3.25e-04 3.25e-04
4.02e-01 3.20e-01 3.57e-05 3.20e-01 3.57e-05 0.00e+00 3.98e-05 3.98e-05 3.98e-05 3.98e-05 3.98e-05
4.10e-01 3.06e-01 5.52e-03 3.10e-01 6.92e-03 1.12e-45 7.81e-04 4.33e-04 3.24e-04 3.24e-04 1.74e-05
4.05e-01 3.34e-01 1.08e-02 3.40e-01 1.21e-02 6.09e-16 1.46e-03 4.92e-04 2.18e-04 2.08e-04 2.47e-05
4.02e-01 3.91e-01 2.73e-03 3.90e-01 2.82e-03 3.99e-05 6.45e-04 5.94e-04 5.94e-04 5.94e-04 5.07e-05
4.27e-01 4.39e-01 5.61e-02 4.20e-01 5.93e-02 5.28e-04 3.00e-03 7.28e-04 2.69e-04 1.83e-04 2.85e-05
4.17e-01 4.51e-01 3.03e-03 4.50e-01 3.14e-03 1.23e-19 1.23e-19 7.06e-04 7.06e-04 7.06e-04 7.45e-05
4.13e-01 2.60e-01 1.84e-03 2.60e-01 1.87e-03 3.15e-216 2.54e-05 2.45e-05 2.45e-05 2.45e-05 9.85e-07
4.10e-01 3.58e-01 4.31e-03 3.60e-01 4.64e-03 7.27e-24 6.80e-04 5.34e-04 5.34e-04 1.32e-04 1.32e-04
4.04e-01 3.47e-01 9.10e-02 2.70e-01 1.19e-01 7.66e-05 1.81e-03 3.26e-04 1.50e-04 7.26e-05 1.06e-05
4.13e-01 3.98e-01 4.16e-03 4.00e-01 4.72e-03 1.28e-09 8.49e-05 6.59e-05 6.59e-05 1.92e-05 1.92e-05
4.24e-01 3.73e-01 1.15e-01 2.60e-01 1.62e-01 7.49e-06 1.62e-03 2.49e-04 1.54e-04 1.04e-04 1.17e-05
4.16e-01 2.77e-01 1.57e-02 2.80e-01 1.59e-02 1.18e-06 1.35e-03 3.52e-04 2.05e-04 1.06e-04 3.72e-05
4.11e-01 3.83e-01 7.38e-03 3.80e-01 7.99e-03 5.12e-07 1.19e-03 5.74e-04 4.33e-04 4.33e-04 4.33e-05
4.04e-01 4.01e-01 8.57e-03 4.00e-01 8.59e-03 4.85e-04 1.05e-03 6.13e-04 2.83e-04 2.83e-04 3.08e-05
4.20e-01 4.04e-01 8.27e-02 4.60e-01 9.97e-02 1.95e-04 2.61e-03 4.40e-04 1.97e-04 1.23e-04 1.85e-05
4.00e-01 3.69e-01 4.71e-03 3.70e-01 4.94e-03 5.14e-13 7.31e-04 5.54e-04 5.54e-04 1.42e-04 3.62e-05
4.09e-01 3.16e-01 2.15e-02 3.20e-01 2.19e-02 2.08e-06 2.26e-03 3.78e-04 1.87e-04 1.05e-04 2.51e-05
4.17e-01 4.84e-01 6.82e-03 4.80e-01 7.98e-03 6.85e-20 1.26e-11 7.57e-04 6.65e-04 6.65e-04 5.70e-05
4.21e-01 4.40e-01 1.85e-03 4.40e-01 1.89e-03 2.14e-07 2.14e-07 8.10e-05 8.10e-05 8.10e-05 3.26e-06
4.09e-01 5.03e-01 1.11e-01 5.20e-01 1.12e-01 9.53e-06 2.23e-04 5.70e-04 2.45e-04 9.79e-05 1.05e-05
4.35e-01 3.90e-01 9.44e-04 3.90e-01 9.45e-04 1.40e-39 6.29e-05 6.24e-05 6.24e-05 6.24e-05 6.24e-05
4.27e-01 3.60e-01 5.30e-03 3.60e-01 5.30e-03 2.23e-29 7.35e-04 5.34e-04 5.34e-04 1.05e-04 9.67e-05
4.32e-01 4.11e-01 4.29e-03 4.10e-01 4.42e-03 5.54e-07 7.84e-04 6.32e-04 6.32e-04 6.32e-04 3.50e-05
4.22e-01 4.50e-01 2.98e-04 4.50e-01 2.99e-04 1.77e-20 1.77e-20 8.49e-05 8.49e-05 8.49e-05 8.49e-05
4.09e-01 3.49e-01 1.70e-01 3.40e-01 1.70e-01 2.85e-10 1.87e-03 4.69e-04 2.88e-04 1.24e-04 2.48e-05
4.09e-01 3.98e-01 5.10e-03 4.00e-01 5.61e-03 6.73e-05 8.69e-04 6.30e-04 6.30e-04 2.22e-04 2.22e-04
4.26e-01 3.62e-01 1.01e-02 3.60e-01 1.04e-02 1.02e-11 1.37e-03 5.34e-04 2.55e-04 2.55e-04 5.10e-05
4.14e-01 4.40e-01 1.53e-03 4.40e-01 1.55e-03 2.75e-19 2.75e-19 6.88e-04 6.88e-04 6.88e-04 6.88e-04
4.23e-01 4.05e-01 5.16e-03 4.00e-01 7.06e-03 2.96e-06 1.19e-03 6.13e-04 5.73e-04 5.73e-04 5.73e-04
4.35e-01 3.75e-01 5.05e-03 3.80e-01 7.02e-03 2.02e-48 1.14e-04 5.82e-05 5.55e-05 5.55e-05 5.55e-05
4.30e-01 3.82e-01 2.92e-02 3.80e-01 2.92e-02 5.18e-06 2.30e-03 5.31e-04 3.09e-04 1.10e-04 2.60e-05
4.03e-01 4.00e-01 1.70e-03 4.00e-01 1.72e-03 4.51e-05 6.66e-05 6.59e-05 6.59e-05 6.59e-05 6.59e-05
4.04e-01 3.96e-01 5.02e-03 4.00e-01 6.42e-03 3.43e-04 1.04e-03 6.13e-04 4.19e-04 4.19e-04 4.19e-04
4.19e-01 3.70e-01 3.47e-04 3.70e-01 3.47e-04 8.45e-57 5.55e-05 5.55e-05 5.55e-05 5.55e-05 5.55e-05
4.22e-01 3.50e-01 7.92e-03 3.50e-01 7.93e-03 7.83e-24 1.03e-03 5.14e-04 2.48e-04 2.25e-04 2.07e-05
