4.11e-01 4.43e-01 4.75e-03 4.40e-01 5.80e-03 6.12e-09 6.12e-09 1.73e+00 8.78e-01 8.78e-01 8.78e-01
4.04e-01 3.19e-01 1.07e-02 3.20e-01 1.07e-02 5.48e-12 8.49e+01 3.16e+01 1.89e+01 6.66e+00 9.52e-01
4.28e-01 3.16e-01 4.92e-03 3.20e-01 6.13e-03 3.16e-31 2.33e+01 1.46e+01 8.64e+00 8.64e+00 8.64e+00
4.02e-01 4.11e-01 2.88e-03 4.10e-01 3.02e-03 3.53e+00 3.53e+00 1.44e+01 1.44e+01 1.44e+01 1.45e+00
4.12e-01 4.20e-01 1.85e-04 4.20e-01 1.85e-04 2.06e+00 2.06e+00 8.77e+00 8.77e+00 8.77e+00 8.77e+00
4.07e-01 4.20e-01 7.79e-04 4.20e-01 7.81e-04 7.42e-02 7.42e-02 1.73e+01 1.73e+01 1.73e+01 1.73e+01
4.03e-01 2.60e-01 1.93e-02 2.60e-01 1.93e-02 9.85e-07 7.58e+01 3.33e+01 2.36e+01 1.37e+01 2.34e+00
4.34e-01 3.69e-01 6.60e-03 3.70e-01 6.76e-03 1.54e-19 1.89e+01 1.09e+01 5.17e+00 5.17e+00 2.64e+00
4.28e-01 4.60e-01 3.87e-04 4.60e-01 3.87e-04 3.67e-49 3.67e-49 6.27e+00 6.27e+00 6.27e+00 6.27e+00
4.32e-01 2.99e-01 1.05e-02 3.00e-01 1.05e-02 4.16e-05 1.70e+01 1.34e+01 1.34e+01 2.83e+00 8.75e-01
4.12e-01 2.96e-01 1.74e-02 3.00e-01 1.79e-02 3.49e-09 1.64e+02 3.14e+01 1.75e+01 1.63e+01 4.41e+00
4.10e-01 2.80e-01 1.78e-03 2.80e-01 1.81e-03 2.27e-288 2.46e+01 2.37e+01 2.37e+01 2.37e+01 2.37e+01
4.34e-01 3.65e-01 6.52e-03 3.70e-01 8.17e-03 5.01e-21 3.41e+01 1.58e+01 1.53e+01 1.53e+01 1.51e+00
4.02e-01 3.38e-01 5.49e-03 3.40e-01 5.97e-03 3.72e-26 1.96e+01 1.29e+01 5.57e+00 5.57e+00 1.10e+00
4.07e-01 3.53e-01 7.26e-03 3.50e-01 8.06e-03 1.91e-09 5.40e+01 2.48e+01 2.18e+01 2.18e+01 1.75e+00
4.33e-01 3.36e-01 6.79e-02 4.00e-01 9.35e-02 2.33e+00 1.09e+02 5.74e+00 2.57e+00 1.68e+00 2.24e-01
4.27e-01 3.52e-01 6.88e-03 3.50e-01 7.25e-03 9.87e-23 1.91e+01 1.02e+01 6.29e+00 6.29e+00 2.35e+00
4.13e-01 4.60e-01 2.51e-03 4.60e-01 2.53e-03 5.43e-24 5.43e-24 1.57e+00 1.57e+00 1.57e+00 8.67e-02
4.22e-01 3.70e-01 7.60e-03 3.70e-01 7.61e-03 2.85e-09 4.01e+01 2.07e+01 9.69e+00 8.55e+00 7.30e-01
4.08e-01 3.88e-01 4.06e-03 3.90e-01 4.57e-03 2.16e-09 5.20e+00 4.12e+00 4.12e+00 4.12e+00 1.10e+00
4.25e-01 4.70e-01 2.81e-04 4.70e-01 2.81e-04 1.57e-63 1.57e-63 3.06e+00 3.06e+00 3.06e+00 3.06e+00
4.21e-01 4.00e-01 1.88e-03 4.00e-01 1.90e-03 1.22e-06 2.03e+01 1.96e+01 1.96e+01 1.96e+01 6.89e-01
4.35e-01 2.82e-01 4.20e-03 2.80e-01 4.78e-03 1.94e-75 3.04e+01 2.35e+01 2.35e+01 6.96e+00 6.96e+00
4.16e-01 3.62e-01 3.77e-03 3.60e-01 4.09e-03 2.42e-29 1.63e+01 1.36e+01 1.36e+01 1.36e+01 2.73e+00
4.30e-01 3.15e-01 8.17e-03 3.20e-01 9.47e-03 5.78e-27 6.57e+01 2.70e+01 2.62e+01 6.38e+00 5.70e+00
4.07e-01 3.78e-01 4.12e-03 3.80e-01 4.66e-03 7.31e-21 4.19e+00 3.28e+00 3.28e+00 9.23e-01 9.23e-01
4.26e-01 3.05e-01 5.17e-03 3.00e-01 6.94e-03 9.10e-10 2.62e+01 1.38e+01 1.21e+01 1.21e+01 1.21e+01
4.03e-01 3.99e-01 3.88e-03 4.00e-01 4.06e-03 6.24e+00 1.06e+01 9.03e+00 9.03e+00 9.03e+00 1.54e+00
4.21e-01 2.71e-01 4.03e-02 2.60e-01 4.19e-02 2.04e+00 5.01e+01 2.29e+01 1.07e+01 1.07e+01 1.27e+00
4.12e-01 3.42e-01 6.25e-02 4.00e-01 8.50e-02 4.59e+00 4.94e+01 5.74e+00 2.06e+00 1.05e+00 1.75e-01
4.12e-01 3.09e-01 1.72e-02 3.10e-01 1.72e-02 1.68e-04 1.22e+02 2.44e+01 1.40e+01 6.94e+00 1.84e+00
4.07e-01 4.19e-01 6.83e-02 4.60e-01 7.97e-02 3.62e-01 2.61e+01 1.33e+01 5.37e+00 3.19e+00 5.87e-01
4.23e-01 3.30e-01 1.57e-02 3.30e-01 1.57e-02 8.78e-06 1.13e+02 2.51e+01 1.23e+01 1.23e+01 1.56e+00
4.23e-01 3.58e-01 1.29e-02 3.60e-01 1.30e-02 4.87e-05 8.93e+01 2.14e+01 9.92e+00 6.52e+00 1.13e+00
4.28e-01 3.93e-01 5.78e-02 4.10e-01 6.03e-02 5.31e+00 3.59e+01 5.97e+00 2.39e+00 6.94e-01 1.16e-01
4.33e-01 3.50e-01 9.10e-04 3.50e-01 9.13e-04 4.30e-170 1.17e+01 1.16e+01 1.16e+01 1.16e+01 1.16e+01
4.61e-01 3.36e-01 1.42e-02 3.40e-01 1.47e-02 1.03e-02 2.28e+01 6.98e+00 3.76e+00 3.00e+00 6.07e-01
4.35e-01 2.69e-01 2.39e-02 2.60e-01 2.57e-02 1.23e-03 9.48e+01 2.23e+01 1.40e+01 6.88e+00 5.00e-01
4.36e-01 3.29e-01 1.00e-02 3.30e-01 1.00e-02 1.19e-19 7.59e+01 2.99e+01 1.73e+01 1.73e+01 3.45e+00
4.42e-01 4.90e-01 8.96e-03 4.90e-01 8.96e-03 1.16e-08 3.80e-04 5.89e-01 2.37e-01 1.60e-01 4.74e-02
4.66e-01 3.10e-01 1.66e-03 3.10e-01 1.68e-03 3.52e-94 2.50e+01 2.43e+01 2.43e+01 2.43e+01 2.43e+01
4.63e-01 3.57e-01 3.93e-02 3.70e-01 4.16e-02 1.38e-01 1.90e+02 1.93e+01 9.70e+00 5.61e+00 5.39e-01
4.62e-01 4.12e-01 4.21e-03 4.10e-01 4.75e-03 6.86e-55 2.42e+01 1.87e+01 1.87e+01 5.46e+00 5.46e+00
4.56e-01 3.28e-01 7.22e-03 3.30e-01 7.45e-03 1.09e-07 1.98e+01 1.07e+01 5.75e+00 2.85e+00 5.37e-01
4.64e-01 3.71e-01 7.26e-02 3.80e-01 7.32e-02 1.02e+00 6.90e+01 5.52e+00 1.98e+00 8.11e-01 9.74e-02
4.67e-01 3.19e-01 2.90e-02 3.10e-01 3.04e-02 7.49e-03 2.24e+01 1.19e+01 9.36e+00 9.36e+00 4.20e-01
4.51e-01 2.89e-01 9.11e-02 2.30e-01 1.09e-01 1.51e+00 1.11e+02 1.22e+01 6.19e+00 2.91e+00 3.73e-01
4.37e-01 3.36e-01 7.87e-03 3.40e-01 8.97e-03 3.14e-14 2.27e+01 9.97e+00 8.81e+00 2.25e+00 1.60e+00
4.61e-01 5.82e-01 5.22e-03 5.80e-01 5.76e-03 1.24e-200 3.38e-47 2.64e+00 2.64e+00 1.10e+00 1.72e-01
4.60e-01 3.81e-01 3.51e-03 3.80e-01 3.64e-03 3.01e-64 8.49e+00 7.37e+00 7.37e+00 7.37e+00 1.00e+00
4.59e-01 4.59e-01 2.93e-03 4.60e-01 3.08e-03 4.98e+00 5.50e+00 5.67e+00 5.67e+00 5.67e+00 5.98e-01
4.65e-01 4.80e-01 1.15e-04 4.80e-01 1.15e-04 4.01e-04 4.01e-04 7.80e+00 7.80e+00 7.80e+00 7.80e+00
4.72e-01 4.95e-01 5.00e-03 5.00e-01 6.92e-03 5.29e-06 5.29e-06 2.14e+00 1.97e+00 1.97e+00 1.97e+00
4.53e-01 4.68e-01 1.15e-02 4.70e-01 1.16e-02 1.61e+00 1.81e+00 7.92e+00 4.34e+00 2.95e+00 5.18e-01
4.62e-01 3.76e-01 5.11e-03 3.80e-01 6.72e-03 5.56e-64 1.70e+01 9.47e+00 7.42e+00 7.42e+00 7.42e+00
4.64e-01 4.28e-01 5.49e-03 4.30e-01 5.73e-03 7.72e-07 9.86e+00 6.68e+00 6.68e+00 2.38e+00 8.06e-01
4.46e-01 4.60e-01 4.89e-04 4.60e-01 4.90e-04 1.48e-02 1.48e-02 1.12e+01 1.12e+01 1.12e+01 1.12e+01
4.62e-01 3.62e-01 6.98e-03 3.60e-01 7.39e-03 9.58e-25 4.89e+01 2.82e+01 1.39e+01 1.39e+01 1.70e+00
4.68e-01 5.01e-01 3.06e-03 5.00e-01 3.23e-03 6.43e-24 1.46e-09 1.27e+00 1.27e+00 1.27e+00 1.53e-01
4.40e-01 3.70e-01 8.93e-02 4.20e-01 1.02e-01 1.09e+00 2.73e+01 8.27e+00 1.99e+00 1.08e+00 2.08e-01
4.68e-01 3.94e-01 1.52e-02 3.90e-01 1.58e-02 8.69e-04 9.40e+01 2.44e+01 1.43e+01 6.40e+00 1.48e+00
4.41e-01 3.76e-01 6.40e-03 3.80e-01 7.42e-03 7.53e-19 3.64e+01 1.94e+01 1.39e+01 1.39e+01 1.07e+00
4.53e-01 4.42e-01 3.70e-02 4.50e-01 3.79e-02 1.17e+01 2.92e+01 1.28e+01 8.35e+00 2.89e+00 3.86e-01
4.53e-01 3.34e-01 7.89e-03 3.30e-01 8.94e-03 8.54e-15 2.31e+01 1.06e+01 9.20e+00 9.20e+00 1.34e+00
4.59e-01 4.08e-01 3.61e-03 4.10e-01 3.91e-03 3.13e-33 1.38e+01 1.17e+01 1.17e+01 1.17e+01 2.11e+00
4.67e-01 3.81e-01 6.42e-03 3.80e-01 6.54e-03 5.51e-34 1.89e+01 1.15e+01 4.69e+00 4.69e+00 2.49e+00
4.44e-01 3.33e-01 6.04e-03 3.30e-01 6.74e-03 1.63e-12 1.97e+01 1.14e+01 6.77e+00 6.77e+00 1.32e+00
4.35e-01 4.10e-01 3.62e-02 4.20e-01 3.76e-02 1.10e+00 1.57e+01 7.32e+00 4.67e+00 2.10e+00 1.84e-01
4.36e-01 4.50e-01 7.32e-04 4.50e-01 7.34e-04 2.33e-02 2.33e-02 7.13e+00 7.13e+00 7.13e+00 7.13e+00
4.57e-01 4.50e-01 4.31e-05 4.50e-01 4.31e-05 4.33e-01 1.58e+00 1.58e+00 1.58e+00 1.58e+00 1.58e+00
4.63e-01 4.50e-01 1.44e-03 4.50e-01 1.45e-03 1.60e-01 1.08e+01 1.05e+01 1.05e+01 1.05e+01 1.05e+01
4.52e-01 4.50e-01 1.30e-03 4.50e-01 1.32e-03 1.02e+01 1.36e+01 1.33e+01 1.33e+01 1.33e+01 1.33e+01
4.63e-01 3.72e-01 4.28e-03 3.70e-01 4.91e-03 4.27e-221 9.14e+00 6.94e+00 6.94e+00 2.23e+00 2.23e+00
4.63e-01 4.18e-01 1.85e-02 4.20e-01 1.86e-02 6.86e-02 2.32e+01 8.22e+00 4.13e+00 1.45e+00 3.72e-01
4.70e-01 4.80e-01 8.39e-04 4.80e-01 8.42e-04 5.98e-06 5.98e-06 9.44e+00 9.44e+00 9.44e+00 9.44e+00
4.45e-01 4.50e-01 1.10e-03 4.50e-01 1.10e-03 6.35e+00 6.35e+00 1.34e+01 1.34e+01 1.34e+01 1.34e+01
4.63e-01 4.19e-01 3.64e-02 4.30e-01 3.81e-02 7.62e-01 6.99e+01 1.78e+01 9.06e+00 4.77e+00 4.77e-01
4.57e-01 4.04e-01 5.68e-03 4.00e-01 6.83e-03 1.18e-11 1.97e+01 1.13e+01 7.59e+00 7.59e+00 6.23e-01
4.54e-01 3.32e-01 5.74e-03 3.30e-01 6.22e-03 1.81e-18 1.88e+01 1.19e+01 5.54e+00 5.54e+00 1.31e+00
4.61e-01 3.27e-01 6.33e-02 3.10e-01 6.56e-02 1.47e+00 1.60e+02 1.24e+01 5.01e+00 2.16e+00 3.86e-01
4.68e-01 4.19e-01 6.94e-03 4.20e-01 7.03e-03 3.00e-08 1.58e+01 1.04e+01 3.46e+00 3.46e+00 1.89e+00
4.41e-01 3.43e-01 1.28e-02 3.50e-01 1.44e-02 9.14e-12 9.62e+01 2.79e+01 1.45e+01 1.45e+01 1.57e+00
4.58e-01 4.92e-01 4.14e-03 4.90e-01 4.69e-03 9.09e-50 9.09e-50 4.74e+00 4.74e+00 1.33e+00 1.33e+00
4.65e-01 5.12e-01 4.09e-03 5.10e-01 4.60e-03 4.57e-37 4.57e-37 7.46e-01 7.46e-01 7.46e-01 2.02e-01
4.51e-01 3.94e-01 6.13e-02 4.00e-01 6.16e-02 7.20e-01 4.26e+01 6.02e+00 2.49e+00 7.47e-01 1.66e-01
4.66e-01 5.01e-01 3.83e-03 5.00e-01 3.89e-03 9.41e-11 9.43e-11 1.48e+00 1.48e+00 1.48e+00 7.44e-02
4.63e-01 3.38e-01 5.89e-03 3.40e-01 6.16e-03 1.11e-17 1.94e+01 1.25e+01 5.07e+00 5.07e+00 1.82e+00
4.36e-01 4.50e-01 1.68e-04 4.50e-01 1.69e-04 1.38e-03 1.38e-03 8.00e+00 8.00e+00 8.00e+00 8.00e+00
4.38e-01 4.37e-01 3.35e-02 4.20e-01 3.74e-02 3.32e+00 1.87e+01 3.87e+00 1.66e+00 9.56e-01 1.49e-01
4.52e-01 3.84e-01 3.73e-02 3.90e-01 3.79e-02 5.81e-02 1.04e+02 2.13e+01 1.02e+01 4.84e+00 4.97e-01
4.55e-01 4.42e-01 4.04e-03 4.40e-01 4.53e-03 7.43e-01 6.95e+00 5.52e+00 5.52e+00 5.52e+00 1.44e+00
4.67e-01 5.10e-01 1.54e-04 5.10e-01 1.55e-04 4.13e-79 4.13e-79 2.53e+00 2.53e+00 2.53e+00 2.53e+00
4.67e-01 4.60e-01 1.30e-03 4.60e-01 1.31e-03 4.76e+00 1.46e+01 1.43e+01 1.43e+01 1.43e+01 1.43e+01
4.66e-01 4.19e-01 5.56e-03 4.20e-01 5.74e-03 2.76e-10 1.26e+01 8.54e+00 8.54e+00 2.96e+00 1.12e+00
4.62e-01 3.40e-01 9.08e-03 3.40e-01 9.08e-03 3.39e-09 1.97e+01 8.67e+00 4.58e+00 4.58e+00 7.85e-01
4.51e-01 4.30e-01 3.82e-03 4.30e-01 3.82e-03 4.78e-04 1.31e+01 1.12e+01 1.12e+01 1.12e+01 9.61e-01
4.40e-01 3.89e-01 3.22e-03 3.90e-01 3.38e-03 6.00e-26 1.33e+01 1.18e+01 1.18e+01 1.18e+01 1.48e+00
4.60e-01 4.69e-01 3.34e-03 4.70e-01 3.57e-03 6.92e-01 6.92e-01 4.79e+00 4.79e+00 4.79e+00 6.98e-01
4.61e-01 4.57e-01 4.73e-03 4.60e-01 5.81e-03 7.91e+00 1.36e+01 9.01e+00 4.62e+00 4.62e+00 4.62e+00
4.36e-01 4.31e-01 2.25e-03 4.30e-01 2.32e-03 6.55e+00 1.60e+01 1.55e+01 1.55e+01 1.55e+01 9.32e-01
4.41e-01 4.03e-01 4.61e-03 4.00e-01 5.50e-03 2.18e-27 2.71e+01 1.89e+01 1.89e+01 8.18e+00 8.18e+00
4.34e-01 4.10e-01 7.72e-02 4.50e-01 8.67e-02 2.44e+00 6.81e+00 9.39e+00 5.28e+00 2.41e+00 4.25e-01
4.54e-01 3.66e-01 7.60e-03 3.70e-01 8.75e-03 1.94e-25 4.02e+01 1.83e+01 1.57e+01 1.57e+01 2.58e+00
4.55e-01 4.16e-01 8.79e-03 4.10e-01 1.05e-02 1.35e-02 3.96e+01 1.56e+01 1.54e+01 4.69e+00 6.25e-01
4.39e-01 4.25e-01 5.00e-03 4.20e-01 7.04e-03 8.52e-01 1.69e+01 8.55e+00 8.42e+00 8.42e+00 8.42e+00
4.52e-01 3.50e-01 4.98e-04 3.50e-01 4.98e-04 5.42e-158 2.15e+01 2.15e+01 2.15e+01 2.15e+01 2.15e+01
4.58e-01 4.28e-01 3.02e-02 4.20e-01 3.12e-02 1.36e+00 1.82e+01 3.55e+00 1.68e+00 1.25e+00 1.74e-01
4.63e-01 3.79e-01 3.29e-03 3.80e-01 3.44e-03 1.18e-87 1.54e+01 1.36e+01 1.36e+01 1.36e+01 1.71e+00
4.59e-01 3.60e-01 7.84e-03 3.60e-01 7.84e-03 1.03e-19 5.15e+01 2.82e+01 1.05e+01 1.02e+01 1.28e+00
4.60e-01 3.54e-01 7.12e-03 3.50e-01 8.10e-03 4.32e-17 2.07e+01 9.44e+00 8.63e+00 8.63e+00 7.11e-01
4.56e-01 2.91e-01 2.92e-03 2.90e-01 3.05e-03 2.36e-23 2.04e+01 1.85e+01 1.85e+01 1.85e+01 1.86e+00
4.39e-01 3.89e-01 3.23e-03 3.90e-01 3.27e-03 3.27e-23 9.10e+00 8.13e+00 8.13e+00 8.13e+00 2.45e-01
4.55e-01 3.00e-01 8.11e-03 3.00e-01 8.11e-03 4.77e-03 1.69e+01 1.23e+01 1.23e+01 2.71e+00 1.97e+00
4.44e-01 3.65e-01 1.44e-02 3.70e-01 1.52e-02 9.80e-06 9.95e+01 2.56e+01 1.46e+01 6.23e+00 1.22e+00
4.69e-01 3.60e-01 8.22e-04 3.60e-01 8.24e-04 4.30e-175 1.31e+01 1.30e+01 1.30e+01 1.30e+01 1.30e+01
4.56e-01 4.65e-01 3.75e-02 4.70e-01 3.77e-02 1.38e+01 4.38e+01 1.21e+01 5.86e+00 3.45e+00 4.02e-01
4.67e-01 3.55e-01 8.36e-03 3.60e-01 9.98e-03 1.51e-36 5.32e+01 2.14e+01 2.12e+01 5.80e+00 4.51e+00
4.61e-01 3.36e-01 1.73e-02 3.40e-01 1.77e-02 2.29e-06 1.12e+02 2.25e+01 1.12e+01 7.80e+00 1.17e+00
4.35e-01 3.79e-01 1.56e-02 3.80e-01 1.56e-02 5.68e-02 9.69e+01 2.08e+01 1.18e+01 9.64e+00 1.39e+00
4.35e-01 3.46e-01 5.88e-03 3.50e-01 7.13e-03 2.12e-48 2.89e+01 1.54e+01 1.20e+01 1.20e+01 1.09e+00
4.40e-01 3.21e-01 2.67e-03 3.20e-01 2.77e-03 1.78e-176 2.51e+01 2.32e+01 2.32e+01 2.32e+01 1.86e+00
4.57e-01 3.81e-01 6.76e-03 3.80e-01 6.88e-03 6.68e-18 3.63e+01 2.10e+01 9.41e+00 9.41e+00 5.29e+00
4.34e-01 3.66e-01 6.82e-03 3.70e-01 7.91e-03 1.28e-14 5.58e+01 2.53e+01 2.46e+01 2.46e+01 1.40e+00
4.35e-01 5.08e-01 4.17e-03 5.10e-01 4.73e-03 5.25e-180 5.25e-180 4.41e+00 4.41e+00 1.29e+00 1.29e+00
4.34e-01 4.64e-01 4.92e-03 4.60e-01 6.21e-03 1.33e-08 1.33e-08 1.47e+00 9.04e-01 9.04e-01 9.04e-01
4.69e-01 3.81e-01 4.92e-02 3.90e-01 5.00e-02 5.86e-05 3.14e+01 6.83e+00 2.62e+00 1.71e+00 1.82e-01
4.63e-01 4.04e-01 6.92e-03 4.00e-01 8.06e-03 9.92e-52 1.98e+01 1.13e+01 8.43e+00 8.43e+00 8.43e+00
4.62e-01 3.07e-01 1.55e-02 3.10e-01 1.57e-02 3.64e-07 1.18e+02 2.70e+01 1.62e+01 1.06e+01 1.65e+00
4.61e-01 5.30e-01 2.15e-03 5.30e-01 2.18e-03 7.60e-60 6.91e-57 9.88e-01 9.88e-01 9.88e-01 4.47e-02
4.60e-01 3.81e-01 2.90e-03 3.80e-01 3.01e-03 5.35e-75 8.38e+00 7.62e+00 7.62e+00 7.62e+00 7.28e-01
4.36e-01 4.01e-01 3.87e-03 4.00e-01 4.00e-03 1.22e-09 1.48e+01 1.24e+01 1.24e+01 1.24e+01 5.00e-01
4.62e-01 4.60e-01 7.26e-04 4.60e-01 7.28e-04 5.83e+00 7.18e+00 7.14e+00 7.14e+00 7.14e+00 7.14e+00
4.61e-01 4.56e-01 5.02e-03 4.60e-01 6.61e-03 7.30e+00 1.46e+01 8.32e+00 6.31e+00 6.31e+00 6.31e+00
4.66e-01 3.42e-01 2.61e-02 3.40e-01 2.61e-02 1.21e-06 2.41e+01 7.58e+00 3.50e+00 3.26e+00 7.07e-01
4.41e-01 3.58e-01 5.63e-03 3.60e-01 6.05e-03 8.96e-43 2.21e+01 1.45e+01 5.98e+00 5.98e+00 1.46e+00
4.63e-01 3.84e-01 8.00e-02 4.60e-01 1.10e-01 6.55e+00 2.77e+01 8.24e+00 3.39e+00 2.73e+00 4.55e-01
4.36e-01 3.78e-01 1.36e-02 3.80e-01 1.37e-02 1.76e-02 8.58e+01 2.11e+01 1.10e+01 6.44e+00 1.39e+00
4.41e-01 3.63e-01 9.37e-03 3.60e-01 9.90e-03 1.02e-14 1.99e+01 8.18e+00 3.04e+00 3.04e+00 4.52e-01
4.43e-01 3.60e-01 2.14e-03 3.60e-01 2.18e-03 5.03e-97 1.48e+01 1.41e+01 1.41e+01 1.41e+01 7.07e-01
4.47e-01 3.70e-01 4.30e-03 3.70e-01 4.32e-03 1.24e-41 1.82e+01 1.48e+01 1.48e+01 1.48e+01 1.41e+00
4.44e-01 4.20e-01 2.35e-02 4.20e-01 2.35e-02 9.62e+00 9.46e+01 1.94e+01 1.20e+01 5.82e+00 6.47e-01
4.71e-01 4.37e-01 4.09e-02 4.40e-01 4.11e-02 1.00e+01 1.13e+02 1.38e+01 6.81e+00 3.94e+00 2.46e-01
4.34e-01 2.97e-01 4.27e-02 2.80e-01 4.59e-02 5.64e-01 1.38e+02 2.16e+01 1.06e+01 5.74e+00 1.37e+00
4.68e-01 3.23e-01 2.37e-02 3.20e-01 2.39e-02 6.18e-05 1.41e+02 2.20e+01 9.23e+00 6.92e+00 1.34e+00
4.44e-01 3.62e-01 7.60e-03 3.60e-01 7.81e-03 6.61e-23 1.88e+01 9.81e+00 5.37e+00 2.81e+00 6.41e-01
4.66e-01 3.11e-01 5.17e-02 2.90e-01 5.59e-02 3.08e-01 1.61e+02 1.62e+01 6.47e+00 4.92e+00 6.76e-01
4.87e-01 3.26e-01 4.30e-02 3.40e-01 4.53e-02 8.37e-05 2.44e+01 1.04e+01 7.91e+00 3.07e+00 7.29e-01
4.72e-01 4.50e-01 3.75e-04 4.50e-01 3.75e-04 2.43e-18 1.30e+01 1.30e+01 1.30e+01 1.30e+01 1.30e+01
4.97e-01 4.67e-01 1.62e-02 4.70e-01 1.65e-02 2.85e+00 5.93e+01 1.34e+01 5.44e+00 3.63e+00 3.78e-01
4.82e-01 3.77e-01 1.12e-02 3.80e-01 1.17e-02 1.59e-16 7.12e+01 2.51e+01 1.32e+01 7.94e+00 1.76e+00
4.92e-01 4.90e-01 7.02e-04 4.90e-01 7.04e-04 8.45e-01 1.03e+00 1.02e+00 1.02e+00 1.02e+00 1.02e+00
4.85e-01 4.90e-01 6.71e-05 4.90e-01 6.71e-05 4.03e+00 4.03e+00 8.56e+00 8.56e+00 8.56e+00 8.56e+00
4.72e-01 3.77e-01 7.32e-03 3.80e-01 8.02e-03 3.48e-32 2.04e+01 1.03e+01 7.05e+00 7.05e+00 9.33e-01
4.84e-01 4.00e-01 1.39e-04 4.00e-01 1.39e-04 2.90e-16 8.61e-01 8.61e-01 8.61e-01 8.61e-01 8.61e-01
4.78e-01 4.00e-01 8.96e-03 4.00e-01 8.97e-03 6.38e-12 3.75e+01 1.69e+01 8.26e+00 8.26e+00 1.45e+00
4.76e-01 4.49e-01 3.05e-03 4.50e-01 3.22e-03 1.99e-10 7.02e+00 6.29e+00 6.29e+00 6.29e+00 7.27e-01
4.99e-01 4.98e-01 3.45e-02 5.00e-01 3.46e-02 1.14e+01 2.95e+01 1.06e+01 5.66e+00 2.57e+00 5.25e-01
4.94e-01 4.19e-01 1.36e-02 4.20e-01 1.37e-02 6.90e-05 7.32e+01 1.87e+01 8.36e+00 6.21e+00 1.82e+00
4.74e-01 3.69e-01 1.33e-02 3.70e-01 1.34e-02 5.06e-13 8.92e+01 2.01e+01 9.44e+00 7.39e+00 1.37e+00
4.92e-01 3.96e-01 2.63e-02 4.00e-01 2.67e-02 1.64e-21 2.40e+01 9.72e+00 5.18e+00 5.18e+00 8.30e-01
4.98e-01 3.91e-01 8.77e-03 3.90e-01 8.90e-03 9.87e-26 3.79e+01 1.70e+01 1.13e+01 7.10e+00 9.41e-01
4.73e-01 5.02e-01 1.91e-02 5.10e-01 2.07e-02 1.51e-02 3.85e-02 1.10e+00 1.08e+00 4.08e-01 5.51e-02
4.77e-01 3.09e-01 1.81e-02 3.10e-01 1.81e-02 2.31e-04 1.23e+02 2.42e+01 1.39e+01 7.62e+00 6.80e-01
4.86e-01 4.80e-01 3.42e-05 4.80e-01 3.42e-05 1.66e+00 4.75e+00 4.75e+00 4.75e+00 4.75e+00 4.75e+00
5.01e-01 4.83e-01 6.21e-03 4.80e-01 7.07e-03 2.81e-01 1.56e+01 8.90e+00 5.55e+00 5.55e+00 8.50e-01
4.98e-01 4.65e-01 8.83e-02 4.90e-01 9.16e-02 2.84e+00 1.81e+01 2.44e+00 7.88e-01 2.92e-01 4.38e-02
4.90e-01 2.40e-01 1.17e-03 2.40e-01 1.17e-03 2.41e-67 2.10e+01 2.10e+01 2.10e+01 2.10e+01 2.10e+01
4.91e-01 3.47e-01 2.27e-02 3.50e-01 2.29e-02 2.19e-05 1.65e+02 2.25e+01 1.18e+01 8.30e+00 1.07e+00
4.96e-01 3.49e-01 8.24e-03 3.50e-01 8.26e-03 2.11e-11 6.07e+01 2.92e+01 1.41e+01 1.41e+01 2.20e+00
4.88e-01 3.54e-01 9.06e-03 3.60e-01 1.11e-02 1.21e-13 7.22e+01 2.83e+01 2.73e+01 9.80e+00 1.56e+00
4.94e-01 6.40e-01 1.81e-03 6.40e-01 1.84e-03 7.48e-185 2.09e-40 2.24e-01 2.24e-01 2.24e-01 7.87e-03
4.73e-01 4.11e-01 1.57e-02 4.10e-01 1.57e-02 3.07e-02 8.74e+01 1.85e+01 1.01e+01 8.63e+00 5.83e-01
4.79e-01 3.88e-01 1.23e-01 2.70e-01 1.70e-01 2.38e-01 6.30e+00 1.05e+00 5.69e-01 3.55e-01 4.28e-02
4.98e-01 3.90e-01 2.15e-02 3.90e-01 2.15e-02 1.78e-07 2.50e+01 6.66e+00 4.94e+00 2.78e+00 2.86e-01
4.83e-01 3.45e-01 1.18e-02 3.50e-01 1.30e-02 5.91e-06 2.17e+01 6.70e+00 3.30e+00 3.27e+00 6.47e-01
4.81e-01 4.79e-01 2.40e-03 4.80e-01 2.47e-03 3.96e+00 4.95e+00 4.65e+00 4.65e+00 4.65e+00 3.04e-01
4.94e-01 6.05e-01 5.70e-03 6.00e-01 7.47e-03 2.53e-101 1.55e-83 2.33e+00 2.29e+00 2.29e+00 1.17e-01
4.89e-01 4.44e-01 2.49e-02 4.50e-01 2.57e-02 6.06e-02 4.65e+01 1.23e+01 5.96e+00 5.96e+00 4.26e-01
4.80e-01 4.49e-01 1.94e-02 4.50e-01 1.94e-02 2.56e+00 6.84e+01 1.44e+01 7.78e+00 7.78e+00 6.99e-01
4.95e-01 3.99e-01 5.20e-03 4.00e-01 5.32e-03 1.09e-47 1.61e+01 1.16e+01 1.16e+01 3.09e+00 1.40e+00
4.97e-01 5.21e-01 3.74e-03 5.20e-01 3.82e-03 2.29e-05 8.73e-05 5.14e+00 5.14e+00 5.14e+00 2.07e-01
4.73e-01 3.91e-01 1.64e-02 3.90e-01 1.65e-02 8.09e-04 9.53e+01 2.09e+01 9.36e+00 4.80e+00 9.60e-01
4.96e-01 4.31e-01 1.46e-02 4.30e-01 1.46e-02 2.16e-123 1.80e+01 1.69e+01 1.69e+01 1.69e+01 1.11e+00
4.97e-01 4.82e-01 1.36e-02 4.80e-01 1.38e-02 5.98e+00 3.41e+01 9.51e+00 4.54e+00 2.65e+00 5.53e-01
4.77e-01 4.72e-01 3.97e-03 4.70e-01 4.42e-03 2.71e+00 6.41e+00 5.51e+00 5.51e+00 5.51e+00 1.36e+00
4.89e-01 2.62e-01 8.94e-02 2.00e-01 1.09e-01 1.80e-27 1.33e+01 5.24e+00 3.43e+00 1.24e+00 2.11e-01
4.89e-01 5.68e-01 5.18e-03 5.70e-01 5.39e-03 3.66e-66 6.48e-44 8.27e-01 8.27e-01 2.49e-01 7.90e-02
4.91e-01 4.49e-01 3.56e-03 4.50e-01 3.76e-03 2.01e-21 6.98e+00 5.99e+00 5.99e+00 5.99e+00 9.34e-01
4.81e-01 5.02e-01 4.27e-03 5.00e-01 4.90e-03 2.84e-10 2.84e-10 5.99e+00 5.99e+00 1.90e+00 1.90e+00
4.96e-01 3.49e-01 1.08e-02 3.50e-01 1.08e-02 1.09e-41 5.95e+01 2.20e+01 1.24e+01 4.64e+00 4.09e+00
4.78e-01 3.73e-01 6.68e-03 3.70e-01 7.15e-03 6.25e-47 2.51e+01 1.39e+01 8.25e+00 8.25e+00 4.90e-01
4.87e-01 6.17e-01 4.60e-03 6.20e-01 5.51e-03 0.00e+00 4.43e-155 1.65e-01 1.65e-01 7.23e-02 7.23e-02
4.73e-01 4.90e-01 1.18e-04 4.90e-01 1.18e-04 4.84e-05 4.84e-05 9.61e+00 9.61e+00 9.61e+00 9.61e+00
4.79e-01 2.60e-01 1.07e-02 2.60e-01 1.07e-02 8.53e-05 1.67e+01 1.41e+01 1.41e+01 1.41e+01 5.66e-01
4.80e-01 3.30e-01 9.31e-03 3.30e-01 9.33e-03 5.37e-18 6.95e+01 2.92e+01 1.72e+01 1.72e+01 2.35e+00
4.86e-01 4.23e-01 2.41e-02 4.20e-01 2.42e-02 1.50e-01 1.04e+02 1.77e+01 9.82e+00 3.82e+00 1.09e+00
4.74e-01 4.60e-01 2.66e-04 4.60e-01 2.66e-04 2.89e-10 1.51e+00 1.51e+00 1.51e+00 1.51e+00 1.51e+00
4.98e-01 4.24e-01 5.16e-03 4.20e-01 6.63e-03 5.46e-34 8.88e+00 5.15e+00 3.65e+00 3.65e+00 3.65e+00
4.79e-01 4.77e-01 5.41e-03 4.80e-01 6.43e-03 2.08e+00 3.27e+00 2.17e+00 1.32e+00 1.32e+00 9.82e-02
4.71e-01 3.51e-01 2.88e-03 3.50e-01 3.00e-03 4.66e-199 5.29e+00 4.82e+00 4.82e+00 4.82e+00 4.84e-01
4.93e-01 5.09e-01 4.16e-03 5.10e-01 4.35e-03 3.66e-01 3.67e-01 5.66e+00 5.66e+00 5.66e+00 2.27e-01
4.83e-01 3.35e-01 2.02e-02 3.40e-01 2.08e-02 3.87e-02 2.40e+01 9.14e+00 8.50e+00 3.12e+00 3.21e-01
4.92e-01 4.40e-01 1.94e-04 4.40e-01 1.94e-04 9.49e-107 1.26e+01 1.26e+01 1.26e+01 1.26e+01 1.26e+01
4.94e-01 3.91e-01 3.92e-02 4.00e-01 4.01e-02 1.56e-02 1.34e+02 1.89e+01 8.65e+00 4.27e+00 3.13e-01
4.92e-01 5.00e-01 2.15e-03 5.00e-01 2.20e-03 1.70e+00 1.77e+00 5.95e+00 5.95e+00 5.95e+00 3.29e-01
4.76e-01 4.64e-01 4.98e-02 4.80e-01 5.22e-02 1.40e+01 3.76e+01 1.27e+01 5.17e+00 2.73e+00 2.95e-01
4.97e-01 3.39e-01 9.04e-03 3.40e-01 9.15e-03 1.50e-13 1.94e+01 8.52e+00 3.98e+00 3.98e+00 4.71e-01
4.75e-01 4.17e-01 1.11e-02 4.20e-01 1.14e-02 6.10e-26 1.56e+01 1.15e+01 1.15e+01 3.71e+00 3.71e+00
4.84e-01 4.05e-01 5.01e-03 4.10e-01 7.05e-03 5.00e-97 2.28e+01 1.15e+01 1.13e+01 1.13e+01 1.13e+01
4.90e-01 4.91e-01 3.69e-03 4.90e-01 3.77e-03 5.22e+00 5.41e+00 5.29e+00 5.29e+00 5.29e+00 2.13e-01
4.92e-01 5.00e-01 1.85e-05 5.00e-01 1.85e-05 1.07e-01 1.07e-01 4.29e-01 4.29e-01 4.29e-01 4.29e-01
4.72e-01 1.73e-01 5.35e-03 1.70e-01 6.31e-03 1.86e-27 7.32e+00 4.86e+00 2.44e+00 2.44e+00 2.44e+00
4.89e-01 3.06e-01 5.75e-03 3.10e-01 7.07e-03 2.98e-49 3.45e+01 1.87e+01 1.43e+01 1.43e+01 1.04e+00
4.97e-01 4.97e-01 1.13e-02 5.00e-01 1.18e-02 4.07e+00 5.57e+00 4.81e+00 4.81e+00 2.05e+00 2.05e+00
4.83e-01 4.74e-01 6.21e-03 4.70e-01 7.60e-03 5.80e+00 1.75e+01 9.42e+00 7.67e+00 7.67e+00 4.26e-01
4.77e-01 3.30e-01 1.77e-02 3.30e-01 1.77e-02 4.63e-08 1.22e+02 2.47e+01 1.40e+01 6.57e+00 1.48e+00
4.86e-01 3.67e-01 1.00e-01 4.70e-01 1.44e-01 1.56e-01 2.19e+01 8.78e+00 8.03e+00 2.52e+00 6.18e-01
4.99e-01 2.69e-01 9.93e-03 2.70e-01 9.95e-03 2.39e-07 8.38e+01 3.34e+01 1.88e+01 1.88e+01 4.03e+00
4.96e-01 5.00e-01 2.68e-04 5.00e-01 2.68e-04 2.99e+00 2.99e+00 4.76e+00 4.76e+00 4.76e+00 4.76e+00
4.88e-01 3.96e-01 4.99e-03 4.00e-01 6.32e-03 1.64e-87 2.10e+01 1.26e+01 8.25e+00 8.25e+00 8.25e+00
4.95e-01 3.61e-01 2.13e-02 3.70e-01 2.30e-02 7.60e-08 1.34e+02 2.02e+01 1.08e+01 8.38e+00 1.35e+00
4.94e-01 5.00e-01 6.52e-04 5.00e-01 6.54e-04 3.29e+00 3.30e+00 7.61e+00 7.61e+00 7.61e+00 7.61e+00
4.95e-01 5.00e-01 4.19e-04 5.00e-01 4.19e-04 3.19e+00 3.19e+00 6.02e+00 6.02e+00 6.02e+00 6.02e+00
4.92e-01 6.29e-01 3.28e-03 6.30e-01 3.50e-03 8.89e-201 1.97e-74 1.11e+00 1.11e+00 1.11e+00 1.56e-01
4.94e-01 4.92e-01 3.04e-02 5.00e-01 3.14e-02 6.29e+00 1.05e+01 7.09e+00 5.70e+00 2.32e+00 1.78e-01
4.92e-01 6.29e-01 2.47e-03 6.30e-01 2.55e-03 4.45e-312 2.55e-112 1.43e-01 1.43e-01 1.43e-01 1.01e-02
4.79e-01 4.06e-01 5.00e-03 4.10e-01 6.19e-03 1.17e-34 1.13e+01 6.99e+00 4.18e+00 4.18e+00 4.18e+00
4.94e-01 3.94e-01 5.15e-03 3.90e-01 6.41e-03 4.16e-77 1.27e+01 7.55e+00 4.97e+00 4.97e+00 4.97e+00
4.90e-01 4.90e-01 9.73e-05 4.90e-01 9.73e-05 7.43e+00 7.78e+00 7.78e+00 7.78e+00 7.78e+00 7.78e+00
4.89e-01 5.30e-01 1.87e-03 5.30e-01 1.90e-03 2.62e-35 2.62e-35 1.59e+00 1.59e+00 1.59e+00 6.39e-02
4.95e-01 3.61e-01 3.14e-03 3.60e-01 3.28e-03 8.56e-79 1.61e+01 1.44e+01 1.44e+01 1.44e+01 1.67e+00
4.94e-01 3.40e-01 1.66e-02 3.40e-01 1.66e-02 4.21e-15 1.29e+02 2.84e+01 1.39e+01 7.87e+00 1.06e+00
4.92e-01 3.94e-01 2.13e-02 4.00e-01 2.23e-02 2.73e-05 1.08e+02 2.28e+01 8.80e+00 8.56e+00 8.32e-01
4.92e-01 2.01e-01 2.63e-03 2.00e-01 2.73e-03 4.25e-91 1.06e+01 9.86e+00 9.86e+00 9.86e+00 7.93e-01
4.99e-01 4.27e-01 1.17e-01 5.20e-01 1.50e-01 1.38e+00 2.81e+01 1.26e+00 5.30e-01 3.74e-01 5.22e-02
4.78e-01 3.64e-01 1.68e-02 3.70e-01 1.80e-02 1.67e-09 1.14e+02 2.57e+01 9.77e+00 8.03e+00 1.34e+00
4.99e-01 3.41e-01 1.37e-02 3.40e-01 1.37e-02 2.40e-02 8.81e+01 2.42e+01 9.00e+00 9.00e+00 8.31e-01
4.74e-01 4.18e-01 1.15e-01 5.10e-01 1.47e-01 1.33e+00 1.50e+01 1.52e+00 5.14e-01 2.78e-01 5.14e-02
4.72e-01 3.94e-01 1.47e-02 3.90e-01 1.52e-02 1.62e-04 9.34e+01 2.42e+01 1.38e+01 6.36e+00 1.25e+00
5.16e-01 4.38e-01 9.99e-03 4.40e-01 1.02e-02 2.01e-11 3.11e+01 1.20e+01 6.14e+00 6.14e+00 1.20e+00
5.03e-01 5.10e-01 3.21e-05 5.10e-01 3.21e-05 1.23e+00 1.23e+00 3.73e+00 3.73e+00 3.73e+00 3.73e+00
5.12e-01 3.70e-01 9.45e-03 3.70e-01 9.46e-03 1.63e-68 3.51e+01 1.62e+01 6.66e+00 6.66e+00 9.75e-01
5.26e-01 3.90e-01 6.01e-02 4.00e-01 6.09e-02 4.92e-01 1.53e+02 9.24e+00 3.87e+00 2.05e+00 3.02e-01
5.07e-01 5.33e-01 4.48e-03 5.30e-01 5.23e-03 3.52e-09 3.52e-09 1.02e+00 1.02e+00 3.85e-01 3.85e-01
5.11e-01 5.20e-01 2.09e-03 5.20e-01 2.13e-03 1.77e-01 1.83e-01 1.41e+00 1.41e+00 1.41e+00 7.10e-02
5.36e-01 4.16e-01 1.19e-01 5.20e-01 1.58e-01 1.10e+00 1.82e+01 1.42e+00 5.35e-01 3.71e-01 4.32e-02
5.36e-01 5.69e-01 4.55e-03 5.70e-01 4.75e-03 1.95e-09 1.95e-09 7.71e-01 7.71e-01 1.82e-01 4.65e-02
5.02e-01 4.56e-01 1.15e-02 4.60e-01 1.21e-02 2.52e-03 3.41e+01 1.15e+01 6.09e+00 4.23e+00 9.85e-01
5.32e-01 2.77e-01 9.40e-02 2.10e-01 1.15e-01 3.97e-96 1.53e+01 9.82e+00 9.82e+00 4.05e+00 3.45e-01
5.14e-01 5.64e-01 4.96e-03 5.60e-01 6.59e-03 1.46e-39 1.46e-39 2.98e+00 2.29e+00 2.29e+00 2.29e+00
5.28e-01 4.84e-01 1.43e-02 4.80e-01 1.49e-02 2.02e-02 3.07e+01 9.56e+00 4.85e+00 4.36e+00 8.83e-01
5.48e-01 5.40e-01 1.24e-03 5.40e-01 1.25e-03 2.06e-01 9.47e-01 9.34e-01 9.34e-01 9.34e-01 9.34e-01
5.44e-01 5.00e-01 7.93e-05 5.00e-01 7.93e-05 5.59e-76 6.07e+00 6.07e+00 6.07e+00 6.07e+00 6.07e+00
5.29e-01 4.82e-01 3.68e-03 4.80e-01 4.02e-03 7.94e-77 2.50e+00 2.10e+00 2.10e+00 2.10e+00 4.11e-01
5.38e-01 4.86e-01 4.88e-03 4.90e-01 6.24e-03 3.16e-104 8.75e+00 5.34e+00 3.41e+00 3.41e+00 3.41e+00
5.27e-01 5.70e-01 5.09e-03 5.70e-01 5.11e-03 5.05e-15 5.05e-15 4.05e+00 4.05e+00 8.13e-01 5.90e-01
5.02e-01 4.32e-01 4.45e-03 4.30e-01 4.87e-03 2.59e-46 2.62e+00 2.00e+00 2.00e+00 5.74e-01 5.74e-01
5.32e-01 5.30e-01 3.59e-04 5.30e-01 3.59e-04 1.75e+00 2.17e+00 2.17e+00 2.17e+00 2.17e+00 2.17e+00
5.32e-01 5.35e-01 5.71e-03 5.40e-01 7.43e-03 2.13e+00 2.63e+00 2.29e+00 2.10e+00 2.10e+00 9.22e-02
5.26e-01 3.22e-01 1.65e-02 3.20e-01 1.66e-02 1.41e-02 1.13e+02 2.60e+01 1.15e+01 1.09e+01 1.10e+00
4.99e-01 5.03e-01 5.38e-02 5.20e-01 5.64e-02 9.05e+00 2.55e+01 9.85e+00 5.85e+00 2.83e+00 1.85e-01
5.00e-01 5.15e-01 5.05e-03 5.10e-01 6.85e-03 6.39e-02 6.42e-02 1.19e+00 1.04e+00 1.04e+00 1.04e+00
5.13e-01 5.00e-01 1.86e-03 5.00e-01 1.89e-03 3.13e-01 1.26e+01 1.22e+01 1.22e+01 1.22e+01 4.90e-01
5.19e-01 5.19e-01 1.11e-02 5.20e-01 1.11e-02 6.27e+00 1.17e+01 6.56e+00 4.28e+00 1.35e+00 1.02e+00
5.00e-01 4.60e-01 2.31e-03 4.60e-01 2.31e-03 8.10e-16 3.95e+00 3.74e+00 3.74e+00 3.74e+00 1.50e-01
5.03e-01 3.76e-01 1.41e-02 3.80e-01 1.46e-02 2.12e-16 9.17e+01 2.27e+01 1.22e+01 6.08e+00 1.06e+00
5.35e-01 6.55e-01 5.00e-03 6.50e-01 7.04e-03 1.76e-187 1.76e-187 2.61e-01 2.57e-01 2.57e-01 2.57e-01
5.26e-01 5.12e-01 4.36e-03 5.10e-01 4.98e-03 3.82e-01 3.66e+00 2.75e+00 2.75e+00 9.00e-01 9.00e-01
5.00e-01 3.21e-01 1.74e-02 3.20e-01 1.74e-02 1.65e-06 1.26e+02 2.63e+01 1.36e+01 6.73e+00 1.05e+00
5.37e-01 5.22e-01 5.46e-03 5.20e-01 5.75e-03 6.25e-01 8.89e+00 6.02e+00 6.02e+00 2.24e+00 6.65e-01
5.25e-01 6.53e-01 4.50e-03 6.50e-01 5.29e-03 2.70e-188 2.84e-27 1.25e+00 1.25e+00 4.91e-01 4.91e-01
5.37e-01 4.85e-01 8.90e-03 4.80e-01 1.01e-02 1.84e-05 2.00e+01 8.22e+00 7.10e+00 2.23e+00 2.48e-01
5.05e-01 5.18e-01 4.08e-03 5.20e-01 4.57e-03 9.33e-02 9.33e-02 7.43e-01 7.43e-01 7.43e-01 1.98e-01
5.21e-01 3.72e-01 6.70e-02 4.00e-01 7.27e-02 4.30e-203 1.21e+01 9.70e+00 9.70e+00 9.70e+00 6.33e-01
5.08e-01 4.49e-01 3.59e-03 4.50e-01 3.75e-03 2.17e-27 1.50e+00 1.29e+00 1.29e+00 1.29e+00 1.88e-01
5.08e-01 3.40e-01 2.13e-02 3.40e-01 2.13e-02 5.83e-03 1.19e+02 1.80e+01 8.59e+00 7.59e+00 7.81e-01
5.36e-01 6.60e-01 1.16e-03 6.60e-01 1.17e-03 4.94e-324 9.92e-49 1.63e-01 1.63e-01 1.63e-01 1.63e-01
5.35e-01 6.17e-01 9.24e-03 6.20e-01 9.72e-03 2.85e-19 2.85e-19 1.01e+00 3.98e-01 3.98e-01 3.06e-02
5.32e-01 5.07e-01 7.18e-03 5.10e-01 7.78e-03 7.43e-03 4.49e+00 2.27e+00 1.57e+00 1.57e+00 1.60e-01
5.33e-01 4.67e-01 1.44e-02 4.70e-01 1.47e-02 2.49e-11 2.30e+01 1.04e+01 4.07e+00 4.07e+00 4.18e-01
5.07e-01 3.83e-01 1.10e-01 2.90e-01 1.45e-01 1.99e+00 3.19e+01 2.06e+00 8.33e-01 4.72e-01 6.94e-02
5.07e-01 3.84e-01 9.04e-02 3.50e-01 9.65e-02 4.29e+00 3.21e+01 1.03e+01 3.04e+00 2.63e+00 2.58e-01
5.04e-01 4.89e-01 6.67e-03 4.90e-01 6.71e-03 1.44e+00 1.43e+01 8.44e+00 3.43e+00 2.37e+00 2.37e+00
5.11e-01 5.12e-01 5.92e-03 5.10e-01 6.14e-03 3.71e+00 4.89e+00 4.06e+00 1.57e+00 1.57e+00 6.13e-01
5.27e-01 4.70e-01 4.88e-05 4.70e-01 4.88e-05 2.92e-171 1.57e+00 1.57e+00 1.57e+00 1.57e+00 1.57e+00
5.23e-01 3.08e-01 1.67e-02 3.10e-01 1.68e-02 2.93e-07 1.20e+02 2.74e+01 1.12e+01 7.09e+00 1.56e+00
5.28e-01 5.13e-01 5.17e-03 5.10e-01 5.90e-03 2.29e-01 3.05e+00 2.00e+00 9.64e-01 9.64e-01 1.00e-01
5.14e-01 6.40e-01 1.32e-03 6.40e-01 1.33e-03 0.00e+00 2.28e-56 1.78e-01 1.78e-01 1.78e-01 1.78e-01
5.31e-01 5.28e-01 3.69e-03 5.30e-01 4.03e-03 4.43e+00 6.00e+00 5.02e+00 5.02e+00 5.02e+00 9.85e-01
5.18e-01 4.28e-01 9.71e-02 4.70e-01 1.06e-01 8.62e-01 2.12e+01 2.13e+00 7.78e-01 5.10e-01 7.65e-02
5.36e-01 4.70e-01 1.47e-04 4.70e-01 1.47e-04 1.84e-236 1.87e+00 1.87e+00 1.87e+00 1.87e+00 1.87e+00
5.10e-01 3.34e-01 1.18e-01 2.60e-01 1.39e-01 8.67e-01 1.39e+01 2.05e+00 7.45e-01 5.39e-01 5.14e-02
5.36e-01 3.41e-01 1.15e-01 2.80e-01 1.31e-01 2.31e+00 1.16e+02 5.98e+00 1.71e+00 9.35e-01 2.03e-01
5.35e-01 4.71e-01 4.71e-03 4.70e-01 4.74e-03 1.06e-23 1.20e+01 9.35e+00 9.35e+00 1.64e+00 1.03e+00
5.32e-01 4.27e-01 9.73e-02 4.90e-01 1.16e-01 1.11e+00 3.18e+01 1.95e+00 7.21e-01 5.97e-01 6.21e-02
4.99e-01 4.84e-01 5.15e-03 4.80e-01 6.59e-03 1.19e-01 2.77e+00 1.60e+00 1.15e+00 1.15e+00 1.15e+00
5.03e-01 5.17e-01 6.55e-03 5.20e-01 7.05e-03 1.01e+00 1.07e+00 4.79e+00 2.70e+00 2.70e+00 1.69e-01
5.07e-01 6.12e-01 4.24e-03 6.10e-01 4.75e-03 1.21e-164 2.79e-96 2.04e+00 2.04e+00 5.85e-01 5.85e-01
5.19e-01 6.30e-01 2.19e-03 6.30e-01 2.19e-03 4.69e-183 4.90e-15 1.50e+00 1.50e+00 1.50e+00 4.52e-02
5.09e-01 4.16e-01 5.95e-03 4.20e-01 7.26e-03 7.48e-36 1.72e+01 8.85e+00 7.43e+00 7.43e+00 7.12e-01
5.18e-01 3.97e-01 1.20e-02 4.00e-01 1.23e-02 3.60e-15 4.92e+01 1.86e+01 9.63e+00 4.77e+00 9.35e-01
5.17e-01 3.56e-01 5.94e-03 3.60e-01 7.08e-03 7.45e-32 2.19e+01 1.22e+01 8.49e+00 8.49e+00 8.55e-01
5.30e-01 5.72e-01 8.75e-03 5.70e-01 8.89e-03 3.45e-05 3.45e-05 3.37e+00 1.47e+00 1.47e+00 1.36e-01
5.37e-01 5.54e-01 5.18e-03 5.50e-01 6.67e-03 7.39e-03 7.39e-03 9.94e-01 7.20e-01 7.20e-01 7.20e-01
5.29e-01 4.47e-01 8.62e-02 4.40e-01 8.65e-02 8.46e-01 2.93e+01 3.11e+00 8.91e-01 4.74e-01 9.48e-02
5.37e-01 4.15e-01 8.09e-03 4.20e-01 9.60e-03 8.82e-42 2.14e+01 9.95e+00 9.15e+00 9.15e+00 1.00e+00
5.11e-01 3.68e-01 5.35e-02 3.60e-01 5.42e-02 1.21e+00 1.53e+02 1.17e+01 4.88e+00 2.78e+00 3.75e-01
