3.14e-01 3.65e-01 1.39e-02 3.70e-01 1.48e-02 1.51e-01 1.71e-01 3.13e+01 1.77e+01 6.96e+00 1.13e+00
3.28e-01 3.74e-01 8.38e-02 4.10e-01 9.12e-02 1.83e-06 4.15e+00 6.61e+00 2.13e+00 1.20e+00 1.99e-01
3.07e-01 3.87e-01 4.81e-03 3.90e-01 5.78e-03 6.61e-53 2.93e-16 1.55e+01 1.55e+01 7.54e+00 7.54e+00
3.68e-01 3.33e-01 1.56e-02 3.30e-01 1.60e-02 3.43e+00 1.33e+02 3.15e+01 2.02e+01 8.33e+00 1.96e+00
3.56e-01 3.90e-01 6.01e-04 3.90e-01 6.02e-04 1.10e-42 1.10e-42 2.85e+01 2.85e+01 2.85e+01 2.85e+01
3.47e-01 3.30e-01 1.99e-03 3.30e-01 2.03e-03 4.57e-01 3.24e+01 3.11e+01 3.11e+01 3.11e+01 1.41e+00
3.41e-01 3.89e-01 2.68e-03 3.90e-01 2.75e-03 1.95e-26 2.78e-22 1.07e+01 1.07e+01 1.07e+01 8.07e-01
3.61e-01 3.99e-01 1.08e-02 4.00e-01 1.09e-02 2.45e-03 1.06e-02 6.71e+00 4.28e+00 2.56e+00 5.40e-01
3.56e-01 2.55e-01 2.16e-02 2.50e-01 2.21e-02 3.41e-08 8.87e+01 2.19e+01 1.15e+01 6.12e+00 1.04e+00
3.56e-01 3.96e-01 5.84e-03 4.00e-01 7.28e-03 1.37e-07 1.37e-07 2.28e+01 1.89e+01 1.89e+01 1.37e+00
3.56e-01 3.56e-01 6.34e-03 3.60e-01 7.24e-03 2.70e+01 4.08e+01 3.16e+01 1.90e+01 1.90e+01 1.75e+00
3.62e-01 3.45e-01 3.44e-02 3.50e-01 3.48e-02 5.45e+00 2.50e+01 1.01e+01 5.82e+00 1.92e+00 2.53e-01
3.39e-01 3.87e-01 7.73e-03 3.90e-01 8.16e-03 5.22e-05 3.28e-03 7.01e+00 4.01e+00 4.01e+00 3.52e-01
3.53e-01 3.90e-01 1.51e-03 3.90e-01 1.52e-03 5.83e-15 5.83e-15 1.18e+00 1.18e+00 1.18e+00 1.18e+00
3.64e-01 3.81e-01 6.70e-03 3.80e-01 6.85e-03 2.58e+00 2.66e+00 2.66e+01 1.23e+01 1.23e+01 6.29e+00
3.50e-01 3.00e-01 4.26e-03 3.00e-01 4.27e-03 4.24e-23 3.22e+01 2.64e+01 2.64e+01 2.64e+01 2.65e+00
3.53e-01 2.60e-01 1.49e-05 2.60e-01 1.49e-05 0.00e+00 3.33e+01 3.33e+01 3.33e+01 3.33e+01 3.33e+01
3.55e-01 3.69e-01 1.19e-01 2.70e-01 1.55e-01 2.72e-01 4.06e+01 3.84e+00 1.68e+00 8.92e-01 1.08e-01
3.44e-01 3.27e-01 8.29e-03 3.30e-01 8.66e-03 8.32e+00 8.04e+01 3.70e+01 2.53e+01 1.34e+01 4.47e+00
3.62e-01 3.90e-01 3.72e-04 3.90e-01 3.72e-04 1.75e-15 1.75e-15 3.00e+01 3.00e+01 3.00e+01 3.00e+01
3.54e-01 3.42e-01 1.27e-02 3.40e-01 1.28e-02 2.33e+01 1.06e+02 3.06e+01 1.35e+01 1.35e+01 1.64e+00
3.50e-01 3.45e-01 5.00e-03 3.50e-01 7.03e-03 3.20e+01 6.62e+01 3.35e+01 3.28e+01 3.28e+01 3.28e+01
3.41e-01 3.45e-01 6.99e-03 3.50e-01 8.57e-03 3.23e+01 3.95e+01 3.52e+01 3.22e+01 3.22e+01 4.07e+00
3.47e-01 3.78e-01 3.78e-03 3.80e-01 4.10e-03 6.53e-11 9.38e-11 1.87e+01 1.87e+01 1.87e+01 3.76e+00
3.57e-01 3.44e-01 8.12e-03 3.40e-01 9.10e-03 1.44e+01 7.88e+01 3.45e+01 3.12e+01 8.85e+00 5.90e+00
3.40e-01 3.79e-01 8.17e-03 3.80e-01 8.19e-03 8.76e-04 8.81e-04 3.14e+01 1.39e+01 1.39e+01 1.26e+00
3.57e-01 4.08e-01 4.15e-03 4.10e-01 4.58e-03 5.91e-35 2.43e-28 4.99e+00 4.99e+00 4.99e+00 1.28e+00
3.60e-01 3.37e-01 1.30e-02 3.40e-01 1.34e-02 7.45e+00 1.21e+02 3.26e+01 1.66e+01 1.66e+01 1.28e+00
3.46e-01 3.79e-01 1.08e-02 3.80e-01 1.08e-02 6.20e-01 6.98e-01 3.36e+01 2.04e+01 6.41e+00 1.01e+00
3.58e-01 2.86e-01 7.12e-02 2.50e-01 7.96e-02 2.78e-11 5.41e+01 1.42e+01 8.94e+00 4.42e+00 6.73e-01
3.46e-01 4.05e-01 5.29e-02 4.20e-01 5.50e-02 1.77e-19 7.24e-01 6.22e+00 6.22e+00 1.19e+00 2.50e-01
3.45e-01 2.60e-01 8.57e-03 2.60e-01 8.58e-03 6.99e-13 8.00e+01 3.73e+01 1.86e+01 1.86e+01 1.50e+00
3.44e-01 3.88e-01 4.45e-03 3.90e-01 4.81e-03 6.55e-16 3.63e-04 1.72e+01 1.72e+01 4.50e+00 4.50e+00
3.46e-01 3.02e-01 9.43e-03 3.00e-01 9.72e-03 1.20e-03 1.01e+02 4.00e+01 1.79e+01 1.79e+01 3.22e+00
3.37e-01 4.10e-01 1.91e-03 4.10e-01 1.91e-03 1.27e-124 1.30e-04 9.06e-01 9.06e-01 9.06e-01 9.06e-01
3.61e-01 4.56e-01 1.96e-02 4.70e-01 2.41e-02 9.21e-15 5.68e-04 3.29e+00 1.43e+00 9.02e-01 3.89e-01
3.57e-01 4.93e-01 4.63e-03 4.90e-01 5.54e-03 4.52e-63 3.29e-12 1.44e+00 1.44e+00 6.38e-01 6.38e-01
3.47e-01 3.10e-01 2.24e-04 3.10e-01 2.24e-04 1.77e-31 3.30e+01 3.30e+01 3.30e+01 3.30e+01 3.30e+01
3.63e-01 3.07e-01 9.86e-03 3.10e-01 1.02e-02 2.56e-10 2.26e+01 1.07e+01 7.42e+00 3.12e+00 1.24e+00
3.58e-01 3.52e-01 1.41e-02 3.50e-01 1.43e-02 3.18e+01 9.27e+01 3.17e+01 1.64e+01 9.36e+00 2.96e+00
3.41e-01 3.50e-01 9.24e-04 3.50e-01 9.28e-04 1.91e+00 1.92e+00 3.07e+01 3.07e+01 3.07e+01 3.07e+01
3.53e-01 3.31e-01 1.23e-02 3.30e-01 1.24e-02 8.93e+00 1.13e+02 3.20e+01 2.26e+01 1.20e+01 1.41e+00
3.64e-01 3.79e-01 3.06e-03 3.80e-01 3.24e-03 2.29e-01 2.29e-01 5.06e+00 5.06e+00 5.06e+00 6.10e-01
3.52e-01 3.52e-01 9.93e-03 3.50e-01 1.02e-02 8.48e+00 1.58e+01 8.88e+00 4.33e+00 4.33e+00 7.59e-01
3.46e-01 3.73e-01 4.50e-03 3.70e-01 5.31e-03 4.19e-29 4.19e-29 2.96e+01 2.96e+01 1.17e+01 1.17e+01
3.58e-01 3.55e-01 1.68e-02 3.60e-01 1.76e-02 2.81e+01 8.10e+01 2.62e+01 8.88e+00 8.88e+00 1.29e+00
3.39e-01 3.50e-01 7.66e-04 3.50e-01 7.66e-04 5.38e-02 5.38e-02 2.07e+01 2.07e+01 2.07e+01 2.07e+01
3.53e-01 3.38e-01 6.78e-03 3.40e-01 6.99e-03 4.79e+00 5.28e+01 3.02e+01 1.46e+01 1.46e+01 7.14e+00
3.55e-01 3.76e-01 9.14e-03 3.80e-01 1.01e-02 4.42e+00 4.83e+00 3.28e+01 2.88e+01 1.07e+01 9.88e-01
3.60e-01 3.83e-01 4.65e-03 3.80e-01 5.61e-03 4.08e-22 4.08e-22 3.09e+01 3.09e+01 1.43e+01 1.43e+01
3.54e-01 3.53e-01 4.43e-02 3.70e-01 4.73e-02 2.42e+01 6.90e+01 2.76e+01 1.28e+01 7.64e+00 1.39e+00
3.46e-01 3.99e-01 5.04e-03 4.00e-01 5.07e-03 6.38e-18 1.49e-11 1.93e+01 1.93e+01 3.98e+00 2.52e+00
3.46e-01 4.10e-01 1.63e-04 4.10e-01 1.63e-04 2.62e-170 2.62e-170 1.39e+00 1.39e+00 1.39e+00 1.39e+00
3.43e-01 3.98e-01 1.03e-01 4.10e-01 1.04e-01 4.59e+00 6.04e+01 5.35e+00 2.53e+00 1.37e+00 2.46e-01
3.59e-01 3.43e-01 4.77e-03 3.40e-01 5.86e-03 5.50e-01 2.81e+01 1.84e+01 9.63e+00 9.63e+00 9.63e+00
3.51e-01 4.14e-01 4.86e-03 4.10e-01 6.16e-03 3.44e-65 8.18e-63 3.13e+00 1.92e+00 1.92e+00 1.92e+00
3.42e-01 3.41e-01 9.50e-02 4.10e-01 1.17e-01 2.80e-10 1.68e+01 5.84e+00 2.78e+00 2.30e+00 3.78e-01
3.46e-01 3.98e-01 4.37e-03 4.00e-01 4.67e-03 3.09e-25 6.71e-15 1.81e+01 1.81e+01 4.46e+00 6.37e-01
3.54e-01 3.82e-01 5.31e-03 3.80e-01 5.56e-03 4.42e-03 4.42e-03 2.20e+01 2.20e+01 7.31e+00 2.21e+00
3.48e-01 3.34e-01 6.29e-03 3.30e-01 7.21e-03 5.30e+00 5.62e+01 3.01e+01 2.17e+01 2.17e+01 3.79e+00
3.40e-01 4.39e-01 3.12e-03 4.40e-01 3.23e-03 4.93e-164 2.47e-89 2.08e+00 2.08e+00 2.08e+00 2.19e-01
3.50e-01 3.60e-01 2.56e-04 3.60e-01 2.56e-04 4.45e-03 4.45e-03 3.32e+01 3.32e+01 3.32e+01 3.32e+01
3.63e-01 3.80e-01 1.06e-03 3.80e-01 1.06e-03 7.53e-02 7.53e-02 3.07e+01 3.07e+01 3.07e+01 3.07e+01
3.59e-01 2.79e-01 3.97e-03 2.80e-01 4.06e-03 2.32e-52 1.72e+01 1.45e+01 1.45e+01 1.45e+01 6.57e-01
3.39e-01 4.07e-01 4.70e-03 4.10e-01 5.73e-03 4.62e-86 5.42e-19 3.27e+00 3.27e+00 1.61e+00 1.61e+00
3.63e-01 3.93e-01 4.54e-03 3.90e-01 5.40e-03 6.24e-33 6.24e-33 1.61e+01 1.61e+01 6.65e+00 6.65e+00
3.48e-01 3.11e-01 4.31e-03 3.10e-01 4.46e-03 4.41e-08 3.10e+01 2.49e+01 2.49e+01 2.49e+01 1.37e+00
3.58e-01 3.96e-01 9.99e-03 4.00e-01 1.07e-02 5.60e-02 5.78e-02 3.14e+01 1.24e+01 9.14e+00 1.26e+00
3.43e-01 2.54e-01 7.87e-03 2.50e-01 9.03e-03 3.82e-21 8.51e+01 3.90e+01 3.30e+01 3.30e+01 5.69e+00
3.50e-01 4.09e-01 2.34e-02 4.10e-01 2.35e-02 5.17e-17 1.84e-01 6.23e+00 6.23e+00 1.94e+00 2.82e-01
3.58e-01 4.01e-01 2.85e-03 4.00e-01 2.99e-03 9.56e-46 9.56e-46 3.36e+00 3.36e+00 3.36e+00 3.37e-01
3.53e-01 3.78e-01 1.39e-02 3.80e-01 1.41e-02 6.81e+00 9.41e+00 2.64e+01 1.34e+01 8.49e+00 1.31e+00
3.60e-01 3.56e-01 7.41e-03 3.60e-01 8.52e-03 3.57e+01 6.55e+01 3.57e+01 2.51e+01 2.51e+01 4.66e+00
3.55e-01 2.86e-01 1.80e-02 2.80e-01 1.89e-02 1.88e-02 1.34e+02 2.28e+01 1.23e+01 1.23e+01 1.72e+00
3.62e-01 4.34e-01 4.96e-03 4.30e-01 6.48e-03 1.30e-72 1.30e-72 2.22e+00 1.61e+00 1.61e+00 1.61e+00
3.56e-01 3.50e-01 2.73e-05 3.50e-01 2.73e-05 1.47e+01 3.44e+01 3.44e+01 3.44e+01 3.44e+01 3.44e+01
3.61e-01 4.04e-01 1.87e-02 4.00e-01 1.90e-02 7.87e-02 1.12e-01 4.08e+00 1.75e+00 1.46e+00 1.57e-01
3.57e-01 3.60e-01 3.74e-04 3.60e-01 3.74e-04 2.29e+01 2.29e+01 3.26e+01 3.26e+01 3.26e+01 3.26e+01
3.37e-01 3.93e-01 5.91e-03 3.90e-01 6.57e-03 6.57e-16 8.12e-14 2.44e+01 1.34e+01 1.34e+01 2.57e+00
3.52e-01 3.32e-01 4.16e-03 3.30e-01 4.71e-03 1.72e-04 3.60e+01 2.80e+01 2.80e+01 8.02e+00 8.02e+00
3.38e-01 4.49e-01 2.58e-03 4.50e-01 2.64e-03 5.55e-201 5.75e-09 1.32e+01 1.32e+01 1.32e+01 9.26e-01
3.54e-01 3.20e-01 6.19e-04 3.20e-01 6.20e-04 9.69e-26 3.25e+01 3.23e+01 3.23e+01 3.23e+01 3.23e+01
3.39e-01 3.37e-01 1.07e-01 2.50e-01 1.38e-01 1.39e-02 7.48e+01 1.08e+01 3.83e+00 2.41e+00 4.97e-01
3.58e-01 3.09e-01 3.45e-03 3.10e-01 3.72e-03 4.15e-59 3.79e+01 3.27e+01 3.27e+01 3.27e+01 5.42e+00
3.61e-01 4.43e-01 5.85e-02 4.70e-01 6.42e-02 2.22e-02 5.58e+00 7.63e+00 3.09e+00 1.07e+00 2.57e-01
3.40e-01 4.20e-01 4.91e-02 4.30e-01 5.02e-02 7.07e-13 1.01e+00 4.84e+00 2.33e+00 1.84e+00 1.81e-01
3.62e-01 2.49e-01 3.08e-03 2.50e-01 3.25e-03 1.24e-81 1.82e+01 1.62e+01 1.62e+01 1.62e+01 1.96e+00
3.46e-01 3.97e-01 5.86e-03 4.00e-01 6.60e-03 1.15e-13 2.36e-12 2.37e+01 1.36e+01 1.36e+01 2.26e+00
3.51e-01 3.95e-01 7.30e-02 4.30e-01 8.09e-02 1.25e-47 4.46e+00 1.62e+01 1.62e+01 3.75e+00 1.14e+00
3.56e-01 2.41e-01 5.75e-02 2.20e-01 6.12e-02 1.18e-40 1.64e+01 1.64e+01 1.64e+01 1.64e+01 2.06e+00
3.58e-01 3.93e-01 4.88e-02 3.90e-01 4.89e-02 7.62e-01 3.20e+00 3.22e+00 1.20e+00 4.59e-01 6.56e-02
3.39e-01 2.30e-01 1.02e-06 2.30e-01 1.02e-06 1.47e-309 3.35e+01 3.35e+01 3.35e+01 3.35e+01 3.35e+01
3.46e-01 3.81e-01 4.51e-03 3.80e-01 4.63e-03 8.17e-09 1.60e-07 1.59e+01 1.59e+01 1.59e+01 1.12e+00
3.45e-01 3.07e-01 8.71e-03 3.10e-01 9.22e-03 1.40e-02 9.09e+01 3.96e+01 2.98e+01 1.37e+01 1.39e+00
3.57e-01 3.65e-01 8.56e-03 3.60e-01 9.97e-03 2.87e+01 3.53e+01 3.57e+01 3.37e+01 9.32e+00 7.89e+00
3.40e-01 3.40e-01 2.14e-03 3.40e-01 2.16e-03 8.73e+00 9.05e+00 8.96e+00 8.96e+00 8.96e+00 3.60e-01
3.49e-01 3.09e-01 1.21e-02 3.10e-01 1.22e-02 1.24e-01 1.15e+02 3.87e+01 2.51e+01 1.05e+01 2.92e+00
3.56e-01 3.58e-01 8.65e-03 3.60e-01 8.89e-03 2.70e+01 4.40e+01 3.08e+01 1.30e+01 1.30e+01 4.02e+00
3.49e-01 2.78e-01 5.81e-02 2.50e-01 6.44e-02 1.51e-07 7.86e+01 2.16e+01 9.38e+00 7.34e+00 1.63e+00
3.56e-01 3.49e-01 8.18e-02 4.20e-01 1.08e-01 3.23e-02 3.25e+01 1.04e+01 3.30e+00 1.39e+00 2.31e-01
3.46e-01 3.59e-01 5.65e-03 3.60e-01 5.73e-03 3.29e+00 3.32e+00 1.95e+01 1.95e+01 5.88e+00 3.33e+00
3.36e-01 3.80e-01 1.15e-03 3.80e-01 1.15e-03 2.64e-71 2.64e-71 1.84e+01 1.84e+01 1.84e+01 1.84e+01
3.44e-01 2.93e-01 4.97e-03 2.90e-01 6.08e-03 4.43e-20 2.42e+01 1.54e+01 8.60e+00 8.60e+00 8.60e+00
3.47e-01 2.89e-01 1.94e-02 2.90e-01 1.95e-02 2.10e-01 1.33e+02 2.35e+01 1.50e+01 8.76e+00 2.40e+00
3.57e-01 2.58e-01 3.79e-03 2.60e-01 4.17e-03 0.00e+00 4.16e+01 3.43e+01 3.43e+01 3.43e+01 7.25e+00
3.49e-01 3.70e-01 5.27e-03 3.70e-01 5.27e-03 1.61e-02 1.61e-02 2.38e+01 2.38e+01 4.78e+00 4.30e+00
3.45e-01 3.87e-01 7.45e-02 4.30e-01 8.59e-02 5.73e-07 2.08e+01 1.44e+01 7.55e+00 3.74e+00 6.73e-01
3.46e-01 3.01e-01 2.40e-03 3.00e-01 2.47e-03 1.26e-53 3.62e+01 3.40e+01 3.40e+01 3.40e+01 2.22e+00
3.62e-01 3.84e-01 6.60e-03 3.80e-01 7.82e-03 6.63e-01 6.74e-01 3.02e+01 2.55e+01 2.55e+01 2.12e+00
3.55e-01 4.62e-01 2.12e-02 4.60e-01 2.13e-02 1.14e-89 2.73e-01 1.48e+01 1.14e+01 1.14e+01 1.14e+01
3.61e-01 3.98e-01 9.23e-03 4.00e-01 9.40e-03 3.96e-02 4.21e-02 2.89e+01 1.23e+01 1.23e+01 1.89e+00
3.35e-01 3.60e-01 1.07e-03 3.60e-01 1.07e-03 8.53e-13 8.53e-13 1.96e+01 1.96e+01 1.96e+01 1.96e+01
3.36e-01 4.06e-01 4.97e-03 4.10e-01 6.29e-03 4.33e-48 5.89e-04 9.08e+00 5.75e+00 5.75e+00 5.75e+00
3.46e-01 2.40e-01 2.14e-03 2.40e-01 2.19e-03 0.00e+00 3.61e+01 3.44e+01 3.44e+01 3.44e+01 1.90e+00
3.56e-01 3.18e-01 1.54e-02 3.20e-01 1.55e-02 1.77e+00 1.27e+02 2.78e+01 1.28e+01 1.28e+01 1.99e+00
3.54e-01 3.70e-01 1.01e-04 3.70e-01 1.01e-04 5.62e-08 5.62e-08 1.43e+01 1.43e+01 1.43e+01 1.43e+01
3.37e-01 3.80e-01 1.89e-04 3.80e-01 1.89e-04 3.07e-86 3.07e-86 1.21e+01 1.21e+01 1.21e+01 1.21e+01
3.63e-01 3.35e-01 7.76e-02 4.00e-01 1.01e-01 1.29e+00 2.94e+01 1.36e+01 2.32e+00 1.57e+00 3.41e-01
3.40e-01 3.42e-01 4.11e-03 3.40e-01 4.64e-03 3.14e+01 3.14e+01 3.29e+01 3.29e+01 9.10e+00 9.10e+00
3.58e-01 3.20e-01 8.51e-04 3.20e-01 8.52e-04 8.37e-26 3.17e+01 3.15e+01 3.15e+01 3.15e+01 3.15e+01
3.38e-01 3.00e-01 1.17e-03 3.00e-01 1.18e-03 3.72e-27 3.03e+01 2.99e+01 2.99e+01 2.99e+01 2.99e+01
3.57e-01 3.92e-01 8.27e-03 3.90e-01 8.62e-03 6.72e-06 1.10e-02 6.98e+00 3.33e+00 3.33e+00 7.02e-01
3.50e-01 3.30e-01 1.69e-04 3.30e-01 1.69e-04 9.01e-05 1.16e+01 1.16e+01 1.16e+01 1.16e+01 1.16e+01
3.48e-01 3.50e-01 3.29e-05 3.50e-01 3.29e-05 1.49e+01 1.49e+01 1.92e+01 1.92e+01 1.92e+01 1.92e+01
3.40e-01 3.14e-01 2.34e-02 3.20e-01 2.43e-02 1.40e+01 1.38e+02 2.16e+01 1.43e+01 6.81e+00 1.70e+00
3.63e-01 2.91e-01 7.81e-02 2.40e-01 9.35e-02 3.41e-03 8.31e+01 1.83e+01 7.03e+00 4.46e+00 6.93e-01
3.45e-01 4.05e-01 7.63e-02 4.20e-01 7.79e-02 5.60e-03 1.15e+01 1.48e+01 3.64e+00 1.82e+00 2.28e-01
3.60e-01 4.10e-01 1.59e-02 4.20e-01 1.87e-02 1.34e-06 1.07e-01 8.82e+00 6.83e+00 3.99e+00 3.10e-01
3.60e-01 3.59e-01 7.99e-02 4.10e-01 9.48e-02 1.85e-01 4.06e+01 9.19e+00 2.77e+00 1.38e+00 2.21e-01
3.42e-01 3.46e-01 2.28e-02 3.50e-01 2.31e-02 2.97e+01 8.67e+01 2.52e+01 1.58e+01 7.81e+00 1.20e+00
3.60e-01 3.96e-01 1.90e-02 3.90e-01 2.01e-02 1.86e-01 2.61e-01 4.12e+00 1.95e+00 8.64e-01 9.88e-02
3.56e-01 3.75e-01 1.49e-02 3.80e-01 1.58e-02 1.67e+00 2.65e+00 4.23e+00 2.24e+00 8.45e-01 1.49e-01
3.80e-01 3.35e-01 1.01e-02 3.40e-01 1.11e-02 1.36e-05 9.55e+01 3.68e+01 1.39e+01 1.17e+01 1.30e+00
3.93e-01 3.23e-01 4.97e-03 3.20e-01 5.68e-03 4.24e-57 3.65e+01 2.49e+01 2.49e+01 1.09e+01 1.09e+01
4.03e-01 4.00e-01 1.21e-03 4.00e-01 1.22e-03 1.67e+01 2.26e+01 2.25e+01 2.25e+01 2.25e+01 2.25e+01
3.75e-01 2.66e-01 1.05e-02 2.60e-01 1.20e-02 2.16e-10 9.66e+01 3.53e+01 1.33e+01 1.15e+01 2.83e+00
3.75e-01 2.98e-01 9.15e-03 3.00e-01 9.30e-03 2.97e-14 9.36e+01 4.01e+01 1.83e+01 1.83e+01 2.42e+00
4.01e-01 3.89e-01 4.21e-03 3.90e-01 4.30e-03 9.84e-01 2.13e+01 1.74e+01 1.74e+01 1.74e+01 1.14e+00
3.85e-01 4.40e-01 5.36e-03 4.40e-01 5.37e-03 2.18e-22 9.27e-06 7.74e+00 7.74e+00 1.71e+00 1.36e+00
3.80e-01 3.18e-01 6.29e-03 3.20e-01 6.58e-03 4.73e-17 5.17e+01 3.12e+01 1.46e+01 1.46e+01 5.48e+00
3.65e-01 3.98e-01 8.15e-02 4.20e-01 8.45e-02 9.01e-01 8.18e+00 2.55e+00 7.20e-01 4.22e-01 4.69e-02
4.01e-01 3.41e-01 7.50e-03 3.40e-01 7.57e-03 9.67e-16 6.58e+01 3.47e+01 1.76e+01 1.17e+01 1.22e+00
3.70e-01 2.30e-01 3.70e-03 2.30e-01 3.73e-03 4.83e-44 4.76e+01 4.14e+01 4.14e+01 4.14e+01 2.08e+00
3.80e-01 3.22e-01 4.35e-03 3.20e-01 5.01e-03 1.62e-36 1.67e+01 1.25e+01 1.25e+01 4.20e+00 4.20e+00
3.71e-01 3.70e-01 6.91e-04 3.70e-01 6.93e-04 2.85e+01 3.26e+01 3.26e+01 3.26e+01 3.26e+01 3.26e+01
3.91e-01 3.90e-01 5.92e-03 3.90e-01 5.93e-03 6.41e+00 8.73e+00 7.01e+00 7.01e+00 1.83e+00 1.51e+00
3.71e-01 3.62e-01 4.32e-03 3.60e-01 4.67e-03 3.79e+00 2.04e+01 1.60e+01 1.60e+01 4.02e+00 4.02e+00
3.90e-01 4.71e-01 3.56e-03 4.70e-01 3.86e-03 1.75e-184 6.06e-21 9.15e+00 9.15e+00 9.15e+00 1.61e+00
3.81e-01 2.46e-01 2.60e-02 2.40e-01 2.66e-02 2.36e-05 6.57e+01 2.93e+01 1.97e+01 1.15e+01 1.62e+00
3.86e-01 4.48e-01 1.15e-02 4.50e-01 1.16e-02 1.71e-32 5.36e-02 1.55e+01 1.55e+01 1.55e+01 8.54e-01
3.73e-01 3.62e-01 9.50e-03 3.60e-01 9.63e-03 1.94e+01 8.05e+01 3.50e+01 1.62e+01 1.62e+01 3.16e+00
3.73e-01 2.84e-01 1.47e-02 2.80e-01 1.53e-02 8.89e-08 1.23e+02 2.93e+01 1.82e+01 8.78e+00 1.63e+00
3.66e-01 3.32e-01 1.12e-02 3.30e-01 1.13e-02 5.12e-01 1.09e+02 3.77e+01 2.24e+01 1.06e+01 1.33e+00
3.94e-01 3.31e-01 8.10e-03 3.30e-01 8.13e-03 1.09e-12 7.36e+01 3.60e+01 1.88e+01 1.54e+01 1.45e+00
3.62e-01 3.80e-01 2.55e-04 3.80e-01 2.55e-04 2.77e-07 2.77e-07 1.43e+01 1.43e+01 1.43e+01 1.43e+01
3.66e-01 3.50e-01 1.33e-04 3.50e-01 1.33e-04 1.99e-03 3.31e+01 3.31e+01 3.31e+01 3.31e+01 3.31e+01
3.75e-01 4.19e-01 1.85e-02 4.20e-01 1.85e-02 2.40e-01 1.20e+00 2.45e+01 1.12e+01 1.08e+01 1.15e+00
4.02e-01 3.46e-01 6.84e-03 3.50e-01 8.16e-03 6.88e-15 6.18e+01 2.94e+01 2.57e+01 2.57e+01 2.81e+00
3.95e-01 4.10e-01 5.83e-02 4.30e-01 6.16e-02 3.86e-07 2.38e+00 1.51e+01 1.51e+01 2.88e+00 2.20e+00
3.83e-01 2.30e-01 1.08e-03 2.30e-01 1.08e-03 2.79e-32 2.31e+01 2.28e+01 2.28e+01 2.28e+01 2.28e+01
3.98e-01 3.04e-01 6.73e-02 2.70e-01 7.53e-02 2.19e-01 1.15e+02 1.89e+01 7.41e+00 4.49e+00 6.74e-01
3.80e-01 3.64e-01 1.05e-02 3.60e-01 1.11e-02 9.66e+00 8.62e+01 3.31e+01 1.33e+01 9.80e+00 1.50e+00
3.68e-01 3.89e-01 5.96e-03 3.90e-01 6.02e-03 9.52e-02 9.68e-02 2.12e+01 6.60e+00 6.60e+00 4.05e+00
3.75e-01 3.50e-01 8.76e-05 3.50e-01 8.76e-05 4.84e-16 3.37e+01 3.36e+01 3.36e+01 3.36e+01 3.36e+01
3.74e-01 3.32e-01 1.30e-02 3.30e-01 1.31e-02 1.65e-01 1.21e+02 3.23e+01 1.56e+01 8.79e+00 1.97e+00
3.65e-01 3.68e-01 3.75e-03 3.70e-01 4.12e-03 1.93e+01 2.26e+01 3.23e+01 3.23e+01 3.23e+01 6.66e+00
3.69e-01 3.29e-01 2.20e-03 3.30e-01 2.26e-03 2.15e-32 3.33e+01 3.16e+01 3.16e+01 3.16e+01 1.75e+00
3.71e-01 3.40e-01 1.12e-04 3.40e-01 1.12e-04 1.65e-36 1.49e+01 1.49e+01 1.49e+01 1.49e+01 1.49e+01
3.71e-01 3.80e-01 1.69e-03 3.80e-01 1.71e-03 2.64e+00 2.64e+00 2.02e+01 2.02e+01 2.02e+01 2.02e+01
3.84e-01 3.15e-01 4.99e-03 3.20e-01 6.82e-03 1.25e-109 5.81e+01 3.10e+01 2.71e+01 2.71e+01 2.71e+01
3.74e-01 3.90e-01 2.55e-04 3.90e-01 2.55e-04 5.45e-05 5.45e-05 2.79e+01 2.79e+01 2.79e+01 2.79e+01
3.99e-01 3.50e-01 1.14e-02 3.50e-01 1.14e-02 3.38e-03 1.03e+02 3.56e+01 2.29e+01 7.68e+00 1.61e+00
3.93e-01 3.56e-01 4.98e-03 3.60e-01 6.39e-03 7.79e-14 2.69e+01 1.61e+01 1.08e+01 1.08e+01 1.08e+01
3.96e-01 3.04e-01 5.46e-02 2.80e-01 5.96e-02 2.68e+00 1.45e+02 1.41e+01 6.00e+00 2.91e+00 4.41e-01
3.69e-01 3.90e-01 6.77e-04 3.90e-01 6.77e-04 2.12e-10 2.12e-10 2.74e+01 2.74e+01 2.74e+01 2.74e+01
3.80e-01 3.64e-01 5.09e-03 3.60e-01 6.43e-03 7.80e-02 2.81e+01 1.67e+01 1.11e+01 1.11e+01 1.11e+01
3.92e-01 4.33e-01 3.91e-02 4.40e-01 3.98e-02 5.40e-04 9.85e-01 1.24e+01 6.36e+00 6.36e+00 8.73e-01
3.95e-01 3.48e-01 3.96e-03 3.50e-01 4.40e-03 6.57e-31 3.59e+01 2.89e+01 2.89e+01 2.89e+01 6.98e+00
3.79e-01 3.44e-01 5.10e-03 3.40e-01 6.46e-03 2.44e-07 2.80e+01 1.65e+01 1.12e+01 1.12e+01 1.12e+01
3.81e-01 4.29e-01 2.24e-03 4.30e-01 2.30e-03 1.40e-70 1.40e-70 1.05e+01 1.05e+01 1.05e+01 6.34e-01
3.94e-01 3.90e-01 4.51e-04 3.90e-01 4.52e-04 2.05e+01 3.17e+01 3.16e+01 3.16e+01 3.16e+01 3.16e+01
3.87e-01 3.70e-01 1.60e-03 3.70e-01 1.63e-03 1.06e-06 3.44e+01 3.35e+01 3.35e+01 3.35e+01 3.35e+01
3.95e-01 3.83e-01 4.89e-03 3.80e-01 5.77e-03 4.83e+00 3.04e+01 2.04e+01 2.04e+01 9.64e+00 9.64e+00
3.75e-01 2.88e-01 1.97e-02 2.90e-01 1.98e-02 4.98e-04 1.34e+02 2.21e+01 1.07e+01 7.40e+00 9.26e-01
3.97e-01 3.28e-01 3.86e-03 3.30e-01 4.24e-03 1.19e-56 3.14e+01 2.58e+01 2.58e+01 2.58e+01 5.70e+00
3.85e-01 3.90e-01 4.57e-04 3.90e-01 4.57e-04 8.76e+00 8.76e+00 1.76e+01 1.76e+01 1.76e+01 1.76e+01
3.81e-01 3.62e-01 5.09e-03 3.60e-01 5.55e-03 1.81e-01 4.24e+01 3.00e+01 3.00e+01 1.07e+01 1.66e+00
3.78e-01 3.44e-01 8.06e-02 4.20e-01 1.10e-01 9.52e-15 6.85e+00 4.99e+00 3.48e+00 2.53e+00 5.52e-01
3.65e-01 3.01e-01 1.52e-02 3.00e-01 1.53e-02 8.40e-03 1.24e+02 2.68e+01 1.33e+01 1.33e+01 1.30e+00
3.79e-01 3.46e-01 4.97e-03 3.50e-01 6.35e-03 2.69e-08 3.16e+01 1.90e+01 1.26e+01 1.26e+01 1.26e+01
4.00e-01 4.10e-01 8.71e-03 4.10e-01 8.71e-03 6.15e+00 6.33e+00 1.06e+01 6.21e+00 4.93e+00 5.30e-01
3.72e-01 3.49e-01 3.84e-03 3.50e-01 3.89e-03 1.63e-04 1.91e+01 1.62e+01 1.62e+01 1.62e+01 8.98e-01
3.77e-01 4.00e-01 1.55e-04 4.00e-01 1.55e-04 1.96e-18 1.96e-18 5.23e+00 5.23e+00 5.23e+00 5.23e+00
3.77e-01 3.87e-01 6.07e-03 3.90e-01 6.78e-03 1.06e+01 1.10e+01 2.61e+01 1.52e+01 1.52e+01 2.89e+00
4.00e-01 4.09e-01 9.92e-03 4.10e-01 9.96e-03 1.80e+01 2.12e+01 2.96e+01 1.37e+01 1.37e+01 2.53e+00
3.64e-01 3.50e-01 5.50e-05 3.50e-01 5.50e-05 4.52e-08 1.97e+01 1.97e+01 1.97e+01 1.97e+01 1.97e+01
3.83e-01 3.10e-01 1.19e-03 3.10e-01 1.20e-03 8.33e-156 2.05e+01 2.02e+01 2.02e+01 2.02e+01 2.02e+01
3.97e-01 3.53e-01 1.15e-02 3.50e-01 1.19e-02 4.44e-02 1.03e+02 3.29e+01 1.78e+01 1.14e+01 1.85e+00
3.81e-01 3.73e-01 7.02e-03 3.70e-01 7.53e-03 1.83e+01 5.60e+01 2.99e+01 1.94e+01 1.94e+01 1.50e+00
3.95e-01 3.92e-01 6.97e-03 3.90e-01 7.33e-03 2.18e+01 4.06e+01 2.72e+01 1.55e+01 1.55e+01 1.23e+00
3.74e-01 2.34e-01 3.28e-02 2.30e-01 3.31e-02 1.46e-05 7.90e+01 1.72e+01 9.05e+00 8.21e+00 6.32e-01
3.70e-01 3.96e-01 4.89e-03 4.00e-01 6.30e-03 1.08e-13 1.08e-13 1.92e+01 1.26e+01 1.26e+01 1.26e+01
3.88e-01 3.57e-01 1.32e-02 3.60e-01 1.35e-02 2.30e+00 1.12e+02 2.82e+01 1.45e+01 7.06e+00 1.21e+00
3.75e-01 3.60e-01 1.78e-03 3.60e-01 1.81e-03 9.82e-07 3.48e+01 3.37e+01 3.37e+01 3.37e+01 3.37e+01
3.75e-01 3.90e-01 1.77e-03 3.90e-01 1.80e-03 6.46e-03 6.46e-03 1.82e+01 1.82e+01 1.82e+01 1.82e+01
3.92e-01 3.28e-01 4.28e-03 3.30e-01 4.91e-03 1.21e-212 4.56e+01 3.46e+01 3.46e+01 1.11e+01 1.11e+01
3.67e-01 4.00e-01 1.68e-03 4.00e-01 1.71e-03 3.15e-55 3.15e-55 1.84e+01 1.84e+01 1.84e+01 1.84e+01
3.76e-01 3.65e-01 9.59e-03 3.70e-01 1.06e-02 2.16e+01 8.53e+01 3.45e+01 1.23e+01 9.89e+00 1.39e+00
3.65e-01 2.72e-01 2.05e-02 2.70e-01 2.06e-02 2.02e-06 1.07e+02 2.47e+01 1.23e+01 1.14e+01 1.43e+00
3.83e-01 3.93e-01 6.43e-03 3.90e-01 7.09e-03 2.44e+00 2.66e+00 7.08e+00 3.95e+00 3.95e+00 2.85e-01
3.82e-01 2.90e-01 2.30e-02 2.90e-01 2.30e-02 2.52e-04 1.40e+02 2.21e+01 1.11e+01 4.86e+00 1.25e+00
3.94e-01 3.67e-01 4.66e-03 3.70e-01 5.64e-03 4.89e-09 2.82e+01 1.92e+01 1.92e+01 8.99e+00 8.99e+00
4.03e-01 4.03e-01 4.45e-03 4.00e-01 5.22e-03 1.43e+01 2.01e+01 1.79e+01 1.79e+01 6.75e+00 6.75e+00
3.98e-01 2.80e-01 1.60e-03 2.80e-01 1.61e-03 2.65e-111 2.30e+01 2.24e+01 2.24e+01 2.24e+01 2.24e+01
3.67e-01 3.48e-01 6.92e-02 3.30e-01 7.15e-02 5.22e+00 1.02e+02 1.08e+01 4.20e+00 2.53e+00 2.66e-01
3.63e-01 2.57e-01 4.45e-03 2.60e-01 5.20e-03 9.52e-120 2.66e+01 1.94e+01 1.94e+01 7.22e+00 7.22e+00
3.80e-01 2.65e-01 5.00e-03 2.70e-01 6.93e-03 2.74e-186 5.76e+01 3.00e+01 2.77e+01 2.77e+01 2.77e+01
3.87e-01 4.30e-01 1.62e-03 4.30e-01 1.65e-03 8.67e-104 8.67e-104 4.91e+00 4.91e+00 4.91e+00 4.91e+00
3.66e-01 3.29e-01 2.53e-03 3.30e-01 2.62e-03 2.10e-21 2.18e+01 2.03e+01 2.03e+01 2.03e+01 1.53e+00
3.91e-01 2.71e-01 4.92e-02 2.50e-01 5.36e-02 4.51e-04 8.24e+01 3.30e+01 3.10e+01 7.96e+00 1.16e+00
3.75e-01 2.99e-01 2.56e-03 3.00e-01 2.64e-03 4.66e-100 9.29e+00 8.65e+00 8.65e+00 8.65e+00 6.52e-01
3.72e-01 3.90e-01 3.19e-04 3.90e-01 3.19e-04 6.62e-05 6.62e-05 1.98e+01 1.98e+01 1.98e+01 1.98e+01
3.82e-01 2.50e-01 4.13e-06 2.50e-01 4.13e-06 1.58e-172 3.09e+01 3.09e+01 3.09e+01 3.09e+01 3.09e+01
3.71e-01 4.10e-01 9.21e-04 4.10e-01 9.23e-04 1.02e-21 1.02e-21 2.68e+01 2.68e+01 2.68e+01 2.68e+01
3.98e-01 3.60e-01 6.92e-04 3.60e-01 6.93e-04 7.50e-46 1.05e+01 1.04e+01 1.04e+01 1.04e+01 1.04e+01
3.67e-01 3.07e-01 1.77e-02 3.10e-01 1.79e-02 3.03e-02 1.39e+02 2.66e+01 1.51e+01 9.91e+00 1.26e+00
3.90e-01 3.78e-01 7.59e-02 4.00e-01 7.90e-02 3.86e+00 2.13e+01 3.81e+00 9.83e-01 5.41e-01 1.47e-01
3.69e-01 3.01e-01 8.67e-03 3.00e-01 8.71e-03 6.53e-11 8.79e+01 4.01e+01 1.88e+01 1.88e+01 2.42e+00
3.98e-01 4.00e-01 1.44e-03 4.00e-01 1.46e-03 2.29e+01 2.30e+01 2.86e+01 2.86e+01 2.86e+01 2.86e+01
3.90e-01 3.93e-01 4.38e-03 3.90e-01 5.10e-03 9.30e-01 9.30e-01 9.65e-01 9.65e-01 3.39e-01 3.39e-01
3.94e-01 3.51e-01 8.83e-02 2.70e-01 1.20e-01 8.83e-02 7.81e+01 1.06e+01 5.74e+00 3.63e+00 5.82e-01
3.93e-01 3.28e-01 4.07e-03 3.30e-01 4.58e-03 1.44e-107 4.04e+01 3.19e+01 3.19e+01 3.19e+01 8.50e+00
3.66e-01 2.94e-01 8.47e-03 2.90e-01 9.17e-03 6.35e-21 2.24e+01 1.09e+01 8.34e+00 8.34e+00 8.78e-01
3.75e-01 4.23e-01 5.79e-03 4.20e-01 6.41e-03 5.66e-15 1.30e-08 1.35e+01 6.72e+00 6.72e+00 1.29e+00
3.96e-01 3.81e-01 8.24e-03 3.80e-01 8.26e-03 2.83e+00 2.34e+01 1.15e+01 6.03e+00 4.93e+00 5.80e-01
3.67e-01 3.52e-01 7.39e-03 3.50e-01 7.70e-03 2.56e+00 2.34e+01 1.20e+01 7.50e+00 3.33e+00 6.65e-01
3.77e-01 2.90e-01 4.00e-02 2.80e-01 4.13e-02 4.37e-04 1.31e+02 2.06e+01 9.20e+00 5.50e+00 7.17e-01
3.86e-01 3.90e-01 1.91e-03 3.90e-01 1.95e-03 1.17e+01 1.21e+01 1.80e+01 1.80e+01 1.80e+01 7.23e-01
3.79e-01 2.95e-01 1.09e-02 2.90e-01 1.19e-02 4.68e-13 1.19e+02 3.86e+01 1.82e+01 1.71e+01 3.14e+00
3.91e-01 3.80e-01 5.69e-03 3.80e-01 5.70e-03 6.17e+00 4.16e+01 2.87e+01 2.87e+01 7.06e+00 5.91e+00
3.90e-01 3.95e-01 5.00e-03 3.90e-01 6.96e-03 1.88e+01 1.93e+01 1.89e+01 1.78e+01 1.78e+01 1.78e+01
3.88e-01 3.82e-01 7.02e-02 4.40e-01 9.12e-02 1.17e-08 2.40e+01 1.73e+01 9.67e+00 5.66e+00 1.39e+00
4.00e-01 3.60e-01 8.87e-02 4.20e-01 1.07e-01 9.56e-01 1.28e+01 1.22e+01 4.55e+00 1.60e+00 2.46e-01
3.99e-01 3.61e-01 5.16e-03 3.60e-01 5.35e-03 4.51e-05 4.60e+01 3.36e+01 3.36e+01 9.12e+00 3.04e+00
3.91e-01 2.68e-01 3.76e-03 2.70e-01 4.13e-03 1.55e-198 3.90e+01 3.24e+01 3.24e+01 3.24e+01 6.67e+00
3.84e-01 3.40e-01 3.45e-05 3.40e-01 3.45e-05 7.14e-84 2.83e+01 2.83e+01 2.83e+01 2.83e+01 2.83e+01
3.93e-01 4.15e-01 1.72e-02 4.20e-01 1.80e-02 1.35e+00 1.70e+00 1.22e+01 4.37e+00 3.93e+00 8.61e-01
3.75e-01 3.90e-01 3.90e-04 3.90e-01 3.91e-04 8.42e-04 8.42e-04 2.91e+01 2.91e+01 2.91e+01 2.91e+01
4.01e-01 4.20e-01 1.24e-04 4.20e-01 1.24e-04 3.13e-04 3.13e-04 1.73e+01 1.73e+01 1.73e+01 1.73e+01
4.02e-01 3.69e-01 2.70e-03 3.70e-01 2.81e-03 2.02e-26 3.36e+01 3.10e+01 3.10e+01 3.10e+01 2.80e+00
3.79e-01 2.81e-01 1.51e-02 2.80e-01 1.52e-02 1.51e-08 1.22e+02 2.65e+01 1.32e+01 1.32e+01 1.75e+00
3.69e-01 3.42e-01 1.03e-01 4.20e-01 1.29e-01 8.36e-07 1.78e+01 5.42e+00 2.04e+00 1.78e+00 4.22e-01
3.66e-01 1.41e+00 4.83e-03 1.41e+00 5.04e-03 0.00e+00 0.00e+00 1.14e-08 1.14e-08 2.70e-09 7.48e-10
4.01e-01 3.66e-01 2.08e-02 3.70e-01 2.12e-02 5.16e+00 1.15e+02 1.90e+01 9.40e+00 5.69e+00 6.97e-01
3.94e-01 3.83e-01 1.42e-02 3.80e-01 1.45e-02 3.56e+00 1.44e+01 4.72e+00 2.63e+00 1.88e+00 1.29e-01
3.67e-01 4.53e-01 3.82e-02 4.60e-01 3.88e-02 1.21e-27 8.14e-01 1.13e+01 5.03e+00 4.30e+00 3.39e-01
3.83e-01 3.79e-01 3.23e-03 3.80e-01 3.43e-03 2.88e+00 5.00e+00 4.41e+00 4.41e+00 4.41e+00 5.99e-01
3.95e-01 3.93e-01 4.96e-03 3.90e-01 5.99e-03 1.17e+01 2.02e+01 1.56e+01 8.30e+00 8.30e+00 8.30e+00
3.76e-01 3.60e-01 8.26e-06 3.60e-01 8.26e-06 3.11e-06 1.26e+01 1.26e+01 1.26e+01 1.26e+01 1.26e+01
3.78e-01 3.60e-01 5.34e-04 3.60e-01 5.35e-04 3.10e-11 1.42e+01 1.42e+01 1.42e+01 1.42e+01 1.42e+01
3.75e-01 3.25e-01 1.64e-02 3.30e-01 1.73e-02 2.32e-01 1.36e+02 3.10e+01 1.08e+01 1.05e+01 1.11e+00
3.75e-01 4.10e-01 5.36e-04 4.10e-01 5.36e-04 9.44e-27 9.44e-27 2.59e+01 2.59e+01 2.59e+01 2.59e+01
3.77e-01 3.60e-01 9.02e-05 3.60e-01 9.02e-05 9.19e-04 3.30e+01 3.30e+01 3.30e+01 3.30e+01 3.30e+01
3.75e-01 3.80e-01 9.87e-04 3.80e-01 9.92e-04 1.53e+01 1.53e+01 3.05e+01 3.05e+01 3.05e+01 3.05e+01
3.90e-01 4.10e-01 4.08e-04 4.10e-01 4.08e-04 1.24e-04 1.24e-04 2.85e+01 2.85e+01 2.85e+01 2.85e+01
3.82e-01 2.88e-01 3.78e-03 2.90e-01 4.14e-03 1.13e-113 2.47e+01 2.04e+01 2.04e+01 2.04e+01 4.21e+00
3.64e-01 3.14e-01 1.54e-02 3.20e-01 1.65e-02 9.12e-02 1.31e+02 3.19e+01 2.02e+01 8.68e+00 1.84e+00
3.87e-01 3.85e-01 5.18e-03 3.80e-01 7.08e-03 1.62e+01 2.82e+01 1.70e+01 1.59e+01 1.59e+01 1.59e+01
3.65e-01 3.10e-01 1.42e-03 3.10e-01 1.43e-03 1.30e-52 2.80e+01 2.74e+01 2.74e+01 2.74e+01 2.74e+01
3.66e-01 3.61e-01 7.17e-03 3.60e-01 7.23e-03 2.31e+01 5.40e+01 3.56e+01 1.40e+01 9.67e+00 1.43e+00
3.91e-01 3.33e-01 8.74e-03 3.30e-01 9.39e-03 4.00e-09 2.45e+01 1.08e+01 8.59e+00 3.24e+00 1.73e+00
3.81e-01 3.71e-01 4.05e-03 3.70e-01 4.12e-03 2.35e+00 2.19e+01 1.82e+01 1.82e+01 1.82e+01 1.10e+00
3.86e-01 4.10e-01 2.00e-03 4.10e-01 2.05e-03 2.19e-10 2.19e-10 4.29e+00 4.29e+00 4.29e+00 1.94e-01
3.67e-01 3.80e-01 9.60e-04 3.80e-01 9.64e-04 1.45e-07 1.45e-07 2.11e+01 2.11e+01 2.11e+01 2.11e+01
3.70e-01 2.49e-01 5.40e-03 2.50e-01 5.53e-03 3.41e-35 5.81e+01 4.09e+01 4.09e+01 1.19e+01 5.34e+00
3.86e-01 2.50e-01 1.25e-05 2.50e-01 1.25e-05 5.30e-200 3.48e+01 3.48e+01 3.48e+01 3.48e+01 3.48e+01
3.68e-01 2.59e-01 4.07e-03 2.60e-01 4.32e-03 8.66e-86 4.31e+01 3.50e+01 3.50e+01 3.50e+01 7.22e+00
3.92e-01 4.30e-01 3.76e-04 4.30e-01 3.76e-04 1.07e-32 1.07e-32 2.72e+00 2.72e+00 2.72e+00 2.72e+00
3.84e-01 2.77e-01 6.84e-03 2.80e-01 7.49e-03 8.61e-73 2.29e+01 1.54e+01 1.54e+01 7.43e+00 7.43e+00
3.67e-01 4.11e-01 2.56e-03 4.10e-01 2.66e-03 2.07e-93 2.07e-93 1.40e+00 1.40e+00 1.40e+00 1.12e-01
3.82e-01 2.60e-01 2.93e-03 2.60e-01 2.94e-03 2.71e-58 3.31e+01 3.02e+01 3.02e+01 3.02e+01 1.06e+00
3.97e-01 3.24e-01 1.00e-02 3.20e-01 1.07e-02 3.82e-04 2.30e+01 9.13e+00 7.98e+00 3.30e+00 4.59e-01
3.97e-01 3.70e-01 4.51e-04 3.70e-01 4.51e-04 5.43e-13 1.75e+01 1.75e+01 1.75e+01 1.75e+01 1.75e+01
3.68e-01 3.40e-01 3.07e-02 3.40e-01 3.07e-02 1.39e+01 1.28e+02 1.72e+01 7.69e+00 4.53e+00 5.91e-01
3.98e-01 3.17e-01 1.39e-02 3.20e-01 1.42e-02 8.91e-09 1.23e+02 3.02e+01 1.57e+01 9.55e+00 1.41e+00
3.83e-01 2.96e-01 1.66e-02 3.00e-01 1.70e-02 6.91e-07 1.37e+02 3.12e+01 1.15e+01 9.60e+00 2.60e+00
3.65e-01 3.50e-01 2.04e-03 3.50e-01 2.08e-03 7.59e-01 3.31e+01 3.17e+01 3.17e+01 3.17e+01 1.59e+00
3.66e-01 3.68e-01 3.58e-03 3.70e-01 3.88e-03 1.19e+01 1.38e+01 1.83e+01 1.83e+01 1.83e+01 3.30e+00
3.78e-01 3.60e-01 1.07e-05 3.60e-01 1.07e-05 3.64e-07 1.79e+01 1.79e+01 1.79e+01 1.79e+01 1.79e+01
3.82e-01 3.06e-01 1.08e-02 3.10e-01 1.16e-02 3.44e-11 1.13e+02 3.89e+01 1.74e+01 1.45e+01 2.54e+00
3.79e-01 3.88e-01 4.91e-03 3.90e-01 5.41e-03 6.29e+00 6.32e+00 1.90e+01 1.90e+01 6.87e+00 8.58e-01
3.68e-01 3.36e-01 7.93e-03 3.40e-01 9.03e-03 1.98e-02 7.78e+01 3.65e+01 2.75e+01 7.15e+00 6.24e+00
3.81e-01 4.60e-01 5.12e-02 4.80e-01 5.49e-02 3.91e-02 9.52e-01 4.22e+00 1.69e+00 7.95e-01 1.99e-01
3.99e-01 4.04e-01 7.46e-02 4.20e-01 7.63e-02 3.50e+00 2.06e+01 6.61e+00 1.70e+00 8.05e-01 1.27e-01
3.86e-01 3.14e-01 8.82e-02 3.90e-01 1.17e-01 4.08e+00 5.07e+01 2.51e+00 1.13e+00 5.75e-01 8.22e-02
3.70e-01 3.71e-01 1.05e-02 3.70e-01 1.05e-02 3.45e+01 6.19e+01 3.47e+01 2.10e+01 6.29e+00 5.24e+00
4.24e-01 3.46e-01 2.11e-02 3.50e-01 2.15e-02 1.02e-02 1.32e+02 2.25e+01 1.08e+01 6.73e+00 1.14e+00
4.32e-01 4.40e-01 5.68e-04 4.40e-01 5.69e-04 4.10e+00 4.11e+00 1.92e+01 1.92e+01 1.92e+01 1.92e+01
4.18e-01 4.74e-01 4.89e-03 4.70e-01 6.27e-03 6.05e-109 6.05e-109 4.02e+00 2.63e+00 2.63e+00 2.63e+00
4.17e-01 3.36e-01 8.71e-03 3.40e-01 9.71e-03 2.91e-22 8.65e+01 3.67e+01 3.03e+01 1.05e+01 8.30e+00
4.12e-01 4.20e-01 6.85e-04 4.20e-01 6.86e-04 5.37e+00 5.38e+00 2.57e+01 2.57e+01 2.57e+01 2.57e+01
4.20e-01 3.45e-01 5.00e-03 3.40e-01 6.96e-03 1.30e-236 5.10e+01 2.63e+01 2.48e+01 2.48e+01 2.48e+01
4.32e-01 3.35e-01 5.03e-03 3.30e-01 6.77e-03 1.61e-93 4.34e+01 2.36e+01 1.97e+01 1.97e+01 1.97e+01
4.17e-01 4.20e-01 8.06e-04 4.20e-01 8.08e-04 2.96e+00 2.96e+00 4.55e+00 4.55e+00 4.55e+00 4.55e+00
4.24e-01 3.20e-01 1.36e-02 3.20e-01 1.36e-02 1.07e-06 1.20e+02 2.74e+01 1.21e+01 1.19e+01 2.67e+00
4.11e-01 4.46e-01 4.97e-03 4.50e-01 6.66e-03 4.12e-14 4.12e-14 8.55e+00 6.83e+00 6.83e+00 6.83e+00
4.12e-01 4.00e-01 8.72e-04 4.00e-01 8.75e-04 1.08e-01 1.73e+01 1.71e+01 1.71e+01 1.71e+01 1.71e+01
4.12e-01 4.02e-01 4.86e-03 4.00e-01 5.32e-03 4.31e+00 2.40e+01 1.80e+01 1.80e+01 5.62e+00 5.62e+00
4.03e-01 3.90e-01 1.60e-03 3.90e-01 1.62e-03 5.29e-03 1.81e+01 1.76e+01 1.76e+01 1.76e+01 1.76e+01
4.10e-01 4.70e-01 2.12e-03 4.70e-01 2.17e-03 1.36e-130 1.36e-130 4.23e+00 4.23e+00 4.23e+00 2.13e-01
4.12e-01 4.33e-01 4.61e-03 4.30e-01 5.54e-03 8.25e-07 8.25e-07 2.39e+01 2.39e+01 1.07e+01 1.07e+01
4.15e-01 4.17e-01 1.07e-02 4.20e-01 1.11e-02 9.62e+00 1.45e+01 1.18e+01 7.67e+00 3.45e+00 4.16e-01
4.31e-01 4.70e-01 2.21e-04 4.70e-01 2.21e-04 3.62e-36 3.62e-36 5.83e+00 5.83e+00 5.83e+00 5.83e+00
4.34e-01 3.87e-01 5.58e-02 4.00e-01 5.74e-02 1.21e+00 4.25e+01 1.27e+01 7.35e+00 3.64e+00 1.28e-01
4.19e-01 3.06e-01 1.34e-02 3.10e-01 1.41e-02 1.21e-06 1.26e+02 3.41e+01 1.91e+01 7.49e+00 1.43e+00
4.17e-01 4.20e-01 2.32e-04 4.20e-01 2.32e-04 1.20e+01 1.20e+01 1.61e+01 1.61e+01 1.61e+01 1.61e+01
4.15e-01 2.87e-01 9.90e-03 2.90e-01 1.03e-02 5.60e-04 1.08e+02 4.03e+01 1.86e+01 1.86e+01 3.24e+00
4.15e-01 4.30e-01 8.43e-04 4.30e-01 8.44e-04 7.20e-03 7.20e-03 1.12e+01 1.12e+01 1.12e+01 1.12e+01
4.13e-01 5.01e-01 3.48e-03 5.00e-01 3.58e-03 3.07e-75 6.31e-06 1.14e+01 1.14e+01 1.14e+01 1.43e+00
4.31e-01 3.74e-01 7.32e-03 3.70e-01 8.48e-03 3.68e-13 2.82e+01 1.27e+01 1.16e+01 1.16e+01 1.46e+00
4.14e-01 3.33e-01 4.54e-03 3.30e-01 5.38e-03 2.59e-105 2.85e+01 2.02e+01 2.02e+01 8.34e+00 8.34e+00
4.14e-01 3.42e-01 4.12e-02 3.40e-01 4.12e-02 5.27e+00 1.31e+02 1.52e+01 5.34e+00 3.72e+00 4.77e-01
4.10e-01 2.50e-01 3.06e-04 2.50e-01 3.06e-04 2.70e-28 2.20e+01 2.20e+01 2.20e+01 2.20e+01 2.20e+01
4.17e-01 2.87e-01 4.19e-02 2.70e-01 4.52e-02 2.26e+00 1.22e+02 1.84e+01 1.01e+01 5.87e+00 7.18e-01
4.22e-01 3.40e-01 3.56e-05 3.40e-01 3.56e-05 2.89e-280 1.02e+01 1.02e+01 1.02e+01 1.02e+01 1.02e+01
4.06e-01 4.00e-01 1.89e-04 4.00e-01 1.89e-04 7.01e+00 1.72e+01 1.72e+01 1.72e+01 1.72e+01 1.72e+01
4.16e-01 3.30e-01 2.97e-03 3.30e-01 2.97e-03 3.05e-71 1.88e+01 1.72e+01 1.72e+01 1.72e+01 6.90e-01
4.05e-01 3.49e-01 3.63e-03 3.50e-01 3.84e-03 1.25e-39 2.25e+01 1.92e+01 1.92e+01 1.92e+01 3.18e+00
4.09e-01 3.21e-01 3.36e-03 3.20e-01 3.61e-03 4.55e-94 2.41e+01 2.09e+01 2.09e+01 2.09e+01 3.16e+00
4.17e-01 4.04e-01 1.30e-02 4.00e-01 1.35e-02 1.49e+01 8.52e+01 3.07e+01 1.57e+01 1.11e+01 2.93e+00
4.14e-01 4.63e-01 1.09e-02 4.60e-01 1.14e-02 3.90e-05 2.73e-02 1.14e+01 9.47e+00 3.54e+00 2.05e+00
4.08e-01 4.00e-01 2.03e-04 4.00e-01 2.03e-04 1.65e+00 7.97e+00 7.97e+00 7.97e+00 7.97e+00 7.97e+00
4.31e-01 3.70e-01 4.99e-04 3.70e-01 5.00e-04 5.29e-83 9.13e+00 9.11e+00 9.11e+00 9.11e+00 9.11e+00
4.15e-01 2.80e-01 1.89e-03 2.80e-01 1.93e-03 3.46e-85 2.58e+01 2.48e+01 2.48e+01 2.48e+01 9.98e-01
4.11e-01 3.40e-01 1.24e-03 3.40e-01 1.25e-03 6.93e-101 2.07e+01 2.04e+01 2.04e+01 2.04e+01 2.04e+01
4.08e-01 4.30e-01 2.50e-04 4.30e-01 2.50e-04 1.35e-15 1.35e-15 2.54e+01 2.54e+01 2.54e+01 2.54e+01
4.05e-01 4.13e-01 5.01e-03 4.10e-01 5.78e-03 7.88e+00 8.08e+00 1.54e+01 1.54e+01 6.83e+00 6.83e+00
4.29e-01 4.30e-01 4.30e-04 4.30e-01 4.31e-04 1.83e+01 1.83e+01 1.96e+01 1.96e+01 1.96e+01 1.96e+01
4.32e-01 4.31e-01 2.49e-03 4.30e-01 2.58e-03 1.99e+01 2.54e+01 2.50e+01 2.50e+01 2.50e+01 1.89e+00
4.21e-01 4.40e-01 2.36e-04 4.40e-01 2.36e-04 1.99e-03 1.99e-03 2.61e+01 2.61e+01 2.61e+01 2.61e+01
4.08e-01 4.89e-01 2.74e-03 4.90e-01 2.86e-03 6.38e-185 6.01e-49 2.29e+00 2.29e+00 2.29e+00 2.07e-01
4.24e-01 3.44e-01 6.89e-03 3.40e-01 7.91e-03 2.13e-30 6.72e+01 3.27e+01 2.70e+01 2.70e+01 2.47e+00
4.12e-01 4.16e-01 7.03e-02 4.20e-01 7.05e-02 5.75e+00 1.70e+01 5.58e+00 2.00e+00 1.34e+00 1.67e-01
4.31e-01 3.61e-01 2.18e-02 3.60e-01 2.18e-02 3.54e-161 1.03e+01 8.57e+00 8.57e+00 8.57e+00 1.72e+00
4.13e-01 3.97e-01 9.86e-03 4.00e-01 1.02e-02 1.01e+01 7.84e+01 3.16e+01 1.35e+01 1.35e+01 2.54e+00
4.03e-01 3.54e-01 4.92e-03 3.50e-01 6.38e-03 7.80e-35 3.39e+01 2.01e+01 1.38e+01 1.38e+01 1.38e+01
4.12e-01 4.20e-01 3.61e-04 4.20e-01 3.61e-04 3.47e+00 3.47e+00 1.89e+01 1.89e+01 1.89e+01 1.89e+01
4.24e-01 3.82e-01 6.15e-02 3.90e-01 6.19e-02 1.57e+00 2.28e+01 3.07e+00 9.21e-01 4.03e-01 5.76e-02
4.33e-01 2.50e-01 3.43e-04 2.50e-01 3.43e-04 3.14e-13 2.13e+01 2.13e+01 2.13e+01 2.13e+01 2.13e+01
4.05e-01 3.31e-01 5.15e-03 3.30e-01 5.17e-03 1.53e-43 3.55e+01 2.61e+01 2.61e+01 5.64e+00 3.80e+00
4.05e-01 3.93e-01 4.73e-03 3.90e-01 5.80e-03 4.35e+00 2.84e+01 1.89e+01 9.59e+00 9.59e+00 9.59e+00
4.22e-01 3.07e-01 7.18e-03 3.10e-01 7.75e-03 4.79e-07 2.21e+01 1.16e+01 7.43e+00 7.43e+00 7.55e-01
4.06e-01 3.65e-01 5.33e-03 3.60e-01 7.00e-03 7.04e-19 4.24e+00 2.17e+00 2.00e+00 2.00e+00 2.00e+00
4.02e-01 3.20e-01 3.21e-05 3.20e-01 3.21e-05 0.00e+00 3.00e+01 3.00e+01 3.00e+01 3.00e+01 3.00e+01
4.10e-01 3.05e-01 5.55e-03 3.10e-01 7.25e-03 7.06e-43 5.36e+01 2.76e+01 2.45e+01 2.45e+01 9.70e-01
4.05e-01 3.33e-01 1.08e-02 3.30e-01 1.12e-02 2.30e-11 1.11e+02 3.50e+01 1.93e+01 1.25e+01 1.32e+00
4.02e-01 3.91e-01 2.68e-03 3.90e-01 2.75e-03 9.15e-01 1.62e+01 1.49e+01 1.49e+01 1.49e+01 1.13e+00
4.27e-01 4.09e-01 5.36e-02 4.00e-01 5.44e-02 7.15e+00 5.33e+01 1.27e+01 4.97e+00 1.52e+00 2.65e-01
4.17e-01 4.51e-01 3.05e-03 4.50e-01 3.18e-03 4.10e-16 4.10e-16 1.56e+00 1.56e+00 1.56e+00 1.65e-01
4.13e-01 2.60e-01 1.82e-03 2.60e-01 1.85e-03 3.98e-213 3.68e+01 3.55e+01 3.55e+01 3.55e+01 1.43e+00
4.10e-01 3.58e-01 4.30e-03 3.60e-01 4.65e-03 2.03e-19 2.57e+01 2.02e+01 2.02e+01 5.08e+00 5.08e+00
4.04e-01 2.79e-01 3.74e-02 2.70e-01 3.84e-02 5.53e-01 1.13e+02 1.98e+01 7.84e+00 5.50e+00 9.37e-01
4.13e-01 3.98e-01 3.81e-03 4.00e-01 4.20e-03 4.00e-04 3.60e+01 2.96e+01 2.96e+01 2.96e+01 6.40e+00
4.24e-01 2.69e-01 3.63e-02 2.60e-01 3.74e-02 3.89e-02 9.95e+01 1.80e+01 9.52e+00 3.83e+00 5.47e-01
4.16e-01 2.75e-01 1.42e-02 2.70e-01 1.52e-02 5.36e-03 1.13e+02 2.85e+01 1.68e+01 7.32e+00 2.18e+00
4.11e-01 3.82e-01 7.26e-03 3.80e-01 7.66e-03 2.07e-02 6.25e+01 3.24e+01 2.02e+01 2.02e+01 1.79e+00
4.04e-01 4.00e-01 8.61e-03 4.00e-01 8.62e-03 2.37e+01 5.42e+01 3.04e+01 1.42e+01 1.42e+01 1.99e+00
4.20e-01 3.21e-01 5.35e-02 3.00e-01 5.74e-02 1.61e+00 1.37e+02 2.16e+01 7.96e+00 5.31e+00 6.32e-01
4.00e-01 3.68e-01 4.88e-03 3.70e-01 5.23e-03 1.54e-08 2.82e+01 2.06e+01 2.06e+01 6.51e+00 1.24e+00
4.09e-01 3.12e-01 2.01e-02 3.10e-01 2.02e-02 1.98e-02 1.43e+02 2.20e+01 1.19e+01 8.44e+00 1.11e+00
4.17e-01 4.84e-01 6.85e-03 4.80e-01 7.82e-03 1.77e-15 1.95e-05 1.17e+01 9.49e+00 9.49e+00 7.66e-01
4.21e-01 4.40e-01 1.62e-03 4.40e-01 1.64e-03 5.36e-02 5.36e-02 2.71e+01 2.71e+01 2.71e+01 2.71e+01
4.09e-01 3.90e-01 9.96e-02 5.20e-01 1.64e-01 2.46e-01 3.22e+01 3.08e+00 1.44e+00 8.38e-01 1.56e-01
4.35e-01 3.90e-01 1.13e-03 3.90e-01 1.14e-03 2.99e-34 2.47e+01 2.43e+01 2.43e+01 2.43e+01 2.43e+01
4.27e-01 3.60e-01 5.13e-03 3.60e-01 5.13e-03 3.64e-25 1.88e+01 1.40e+01 1.40e+01 2.60e+00 2.18e+00
4.32e-01 4.11e-01 4.12e-03 4.10e-01 4.23e-03 8.03e-03 1.39e+01 1.14e+01 1.14e+01 1.14e+01 5.74e-01
4.22e-01 4.50e-01 2.41e-04 4.50e-01 2.41e-04 8.41e-16 8.41e-16 1.00e+01 1.00e+01 1.00e+01 1.00e+01
4.09e-01 3.33e-01 1.46e-02 3.30e-01 1.49e-02 9.49e-06 1.29e+02 3.24e+01 1.93e+01 1.01e+01 1.18e+00
4.09e-01 3.98e-01 5.56e-03 4.00e-01 6.01e-03 1.25e+00 1.46e+01 1.06e+01 1.06e+01 3.61e+00 4.25e-01
4.26e-01 3.61e-01 1.01e-02 3.60e-01 1.02e-02 1.05e-07 2.07e+01 8.33e+00 4.06e+00 4.06e+00 9.21e-01
4.14e-01 4.40e-01 1.60e-03 4.40e-01 1.63e-03 2.94e-15 2.94e-15 7.09e+00 7.09e+00 7.09e+00 7.09e+00
4.23e-01 4.05e-01 5.16e-03 4.10e-01 7.11e-03 7.87e-02 3.12e+01 1.59e+01 1.52e+01 1.52e+01 1.52e+01
4.35e-01 3.74e-01 4.86e-03 3.70e-01 6.06e-03 6.71e-43 4.79e+01 3.05e+01 1.73e+01 1.73e+01 1.73e+01
4.30e-01 3.79e-01 1.63e-02 3.80e-01 1.63e-02 1.71e-01 1.19e+02 2.50e+01 1.33e+01 5.69e+00 1.05e+00
4.03e-01 4.00e-01 1.46e-03 4.00e-01 1.47e-03 1.29e+01 1.90e+01 1.89e+01 1.89e+01 1.89e+01 1.89e+01
4.04e-01 3.96e-01 5.07e-03 4.00e-01 6.63e-03 7.53e+00 2.38e+01 1.35e+01 1.03e+01 1.03e+01 1.03e+01
4.19e-01 3.70e-01 2.88e-04 3.70e-01 2.88e-04 2.91e-51 2.71e+01 2.71e+01 2.71e+01 2.71e+01 2.71e+01
4.22e-01 3.49e-01 7.97e-03 3.50e-01 8.01e-03 2.08e-19 6.53e+01 3.24e+01 1.66e+01 1.35e+01 1.95e+00
