2.31e-01 8.07e-01 8.51e-01 3.90e-01 9.47e-01 1.47e-13 1.91e-09 1.84e-05 1.48e-05 2.49e-06 4.62e-07
2.28e-01 2.93e-01 8.25e-02 2.50e-01 9.29e-02 2.38e-05 4.11e-05 4.03e-05 1.38e-05 6.39e-06 9.84e-07
2.33e-01 2.61e-01 1.41e-01 2.50e-01 1.41e-01 1.28e-06 8.80e-06 1.61e-04 1.61e-04 4.12e-05 1.62e-06
2.22e-01 2.27e-01 1.00e-01 2.00e-01 1.04e-01 3.58e-06 2.40e-05 5.73e-06 2.31e-06 8.70e-07 2.10e-07
2.34e-01 2.75e-01 1.35e-02 2.70e-01 1.46e-02 2.62e-06 2.72e-06 3.38e-04 1.93e-04 7.43e-05 1.95e-05
2.20e-01 4.40e-01 3.25e-01 4.40e-01 3.25e-01 3.75e-07 2.14e-06 9.50e-06 5.09e-06 3.07e-06 1.23e-07
2.28e-01 2.55e-01 8.48e-02 2.50e-01 8.50e-02 2.55e-11 2.50e-06 4.95e-04 4.95e-04 4.95e-04 1.27e-04
2.17e-01 5.08e-01 6.94e-01 2.00e-01 7.59e-01 5.21e-07 4.00e-06 8.79e-07 4.24e-07 2.46e-07 4.19e-08
2.42e-01 2.09e+00 9.10e-01 2.57e+00 1.03e+00 5.18e-07 1.42e-06 3.48e-06 1.83e-06 1.39e-06 1.24e-07
2.14e-01 9.50e-01 9.27e-01 4.10e-01 1.07e+00 4.65e-08 4.30e-07 4.64e-06 1.49e-06 1.11e-06 1.24e-07
2.17e-01 7.47e-01 9.52e-01 2.40e-01 1.08e+00 3.37e-07 4.48e-06 1.54e-05 2.41e-06 9.32e-07 1.55e-07
2.42e-01 2.75e-01 2.14e-02 2.70e-01 2.20e-02 5.75e-05 7.51e-05 3.38e-04 1.24e-04 1.11e-04 1.06e-05
2.39e-01 3.11e-01 2.73e-01 2.60e-01 2.77e-01 8.72e-07 2.27e-05 4.61e-04 1.78e-04 8.56e-05 6.94e-06
2.17e-01 1.88e+00 9.76e-01 3.80e-01 1.79e+00 1.92e-29 5.17e-18 1.10e-05 2.59e-06 1.66e-06 3.31e-07
2.36e-01 2.87e+00 1.95e-01 2.89e+00 1.96e-01 1.06e-07 3.28e-07 2.07e-04 9.90e-05 8.05e-05 7.13e-05
2.19e-01 2.43e-01 1.01e-02 2.40e-01 1.05e-02 1.92e-05 2.05e-05 2.93e-04 1.27e-04 1.27e-04 1.03e-05
2.20e-01 3.49e-01 4.13e-01 2.60e-01 4.23e-01 1.04e-07 6.01e-06 3.24e-04 9.60e-05 7.00e-05 3.25e-06
2.30e-01 6.77e-01 5.07e-01 5.00e-01 5.37e-01 5.65e-07 5.57e-06 4.61e-04 1.99e-04 8.21e-05 7.94e-06
2.45e-01 1.98e-01 1.34e-02 2.00e-01 1.35e-02 5.23e-11 4.06e-04 2.18e-04 1.04e-04 7.12e-05 7.67e-06
2.53e-01 2.91e-01 4.45e-02 2.80e-01 4.58e-02 3.86e-05 4.41e-05 2.73e-04 2.62e-04 8.98e-05 1.31e-05
2.60e-01 3.01e-01 3.07e-03 3.00e-01 3.24e-03 2.05e-50 2.05e-50 4.13e-04 4.13e-04 4.13e-04 4.98e-05
2.67e-01 3.40e-01 1.53e-03 3.40e-01 1.53e-03 1.17e-99 4.90e-15 4.94e-04 4.94e-04 4.94e-04 4.94e-04
2.60e-01 3.10e-01 3.17e-05 3.10e-01 3.17e-05 8.07e-119 8.07e-119 3.70e-05 3.70e-05 3.70e-05 3.70e-05
2.51e-01 3.94e-01 5.39e-03 3.90e-01 6.79e-03 8.14e-32 4.40e-10 5.94e-04 4.36e-04 4.36e-04 4.36e-04
2.61e-01 2.92e-01 3.63e-03 2.90e-01 3.94e-03 2.91e-14 2.91e-14 3.92e-04 3.92e-04 3.92e-04 7.30e-05
2.58e-01 2.58e+00 9.03e-03 2.58e+00 9.17e-03 4.98e-58 2.95e-27 1.90e-07 1.90e-07 1.90e-07 2.86e-08
2.62e-01 6.50e-01 6.97e-01 3.90e-01 7.44e-01 7.90e-10 2.26e-06 1.10e-04 6.00e-05 1.94e-05 1.11e-06
2.61e-01 2.50e-01 8.42e-04 2.50e-01 8.45e-04 6.82e-10 3.15e-04 3.12e-04 3.12e-04 3.12e-04 3.12e-04
2.65e-01 3.40e-01 4.17e-03 3.40e-01 4.17e-03 9.28e-51 6.28e-34 4.94e-04 4.94e-04 4.94e-04 5.21e-05
2.63e-01 2.60e-01 4.04e-06 2.60e-01 4.04e-06 1.64e-05 2.45e-05 2.45e-05 2.45e-05 2.45e-05 2.45e-05
2.61e-01 2.48e+00 1.03e-02 2.48e+00 1.08e-02 6.89e-136 3.31e-70 5.94e-06 2.78e-06 1.67e-06 2.39e-07
2.70e-01 4.13e-01 6.85e-02 4.10e-01 6.86e-02 4.98e-41 4.62e-19 1.74e-07 1.74e-07 3.41e-08 1.31e-08
2.50e-01 2.39e-01 3.42e-03 2.40e-01 3.68e-03 8.55e-06 3.39e-04 2.93e-04 2.93e-04 2.93e-04 4.71e-05
2.49e-01 3.40e-01 2.12e-03 3.40e-01 2.17e-03 5.27e-298 5.92e-52 4.94e-04 4.94e-04 4.94e-04 2.48e-05
2.70e-01 2.20e-01 4.60e-05 2.20e-01 4.60e-05 2.95e-93 1.64e-05 1.64e-05 1.64e-05 1.64e-05 1.64e-05
2.60e-01 2.54e-01 8.01e-02 2.20e-01 8.70e-02 1.89e-06 2.61e-04 6.13e-05 2.20e-05 1.59e-05 1.95e-06
2.53e-01 2.22e-01 3.99e-03 2.20e-01 4.46e-03 1.13e-52 2.05e-05 1.64e-05 1.64e-05 1.64e-05 4.13e-06
2.46e-01 2.40e+00 4.82e-01 2.51e+00 4.95e-01 1.60e-36 2.57e-25 4.07e-06 2.00e-06 1.24e-06 2.78e-07
2.49e-01 2.91e-01 1.03e-02 2.90e-01 1.03e-02 3.82e-08 3.83e-08 3.92e-04 2.48e-04 2.48e-04 5.32e-05
2.71e-01 2.87e-01 4.75e-03 2.90e-01 5.86e-03 2.29e-06 2.29e-06 3.17e-05 1.67e-05 1.67e-05 1.67e-05
2.62e-01 2.40e-01 1.38e-03 2.40e-01 1.40e-03 1.83e-20 2.07e-05 2.03e-05 2.03e-05 2.03e-05 2.03e-05
2.67e-01 4.34e-01 5.72e-03 4.30e-01 7.26e-03 9.32e-20 7.23e-08 6.70e-04 5.79e-04 5.79e-04 2.69e-05
2.63e-01 2.30e-01 1.05e-03 2.30e-01 1.06e-03 1.99e-71 1.85e-05 1.83e-05 1.83e-05 1.83e-05 1.83e-05
2.64e-01 2.94e-01 5.39e-03 2.90e-01 6.88e-03 1.41e-09 1.41e-09 3.92e-04 3.06e-04 3.06e-04 3.06e-04
2.67e-01 3.75e-01 6.25e-02 4.10e-01 7.18e-02 8.15e-05 2.44e-04 6.32e-04 2.19e-04 1.68e-04 4.77e-05
2.58e-01 2.61e-01 4.56e-02 2.50e-01 4.69e-02 4.40e-06 2.26e-05 2.23e-05 2.23e-05 2.23e-05 1.23e-06
2.52e-01 3.89e-01 4.47e-03 3.90e-01 4.63e-03 4.48e-40 8.52e-09 5.94e-04 5.94e-04 5.94e-04 3.58e-05
2.69e-01 2.64e-01 4.84e-03 2.60e-01 6.12e-03 2.11e-04 5.12e-04 3.32e-04 2.00e-04 2.00e-04 2.00e-04
2.51e-01 2.70e-01 1.15e-03 2.70e-01 1.16e-03 9.04e-19 9.04e-19 2.68e-05 2.68e-05 2.68e-05 2.68e-05
2.51e-01 2.40e-01 8.35e-03 2.40e-01 8.36e-03 5.47e-12 2.20e-05 2.03e-05 2.03e-05 2.03e-05 1.83e-06
2.53e-01 2.40e-01 5.89e-04 2.40e-01 5.90e-04 5.04e-08 2.03e-05 2.03e-05 2.03e-05 2.03e-05 2.03e-05
2.57e-01 2.56e+00 1.81e-02 2.57e+00 2.08e-02 3.38e-14 1.68e-12 3.47e-06 2.36e-06 1.54e-06 1.79e-07
2.68e-01 5.44e-01 5.32e-01 4.00e-01 5.51e-01 1.22e-07 8.04e-07 2.80e-05 9.15e-06 7.89e-06 4.23e-07
2.46e-01 1.83e-01 3.64e-02 1.80e-01 3.65e-02 2.57e-07 3.36e-04 1.32e-04 6.29e-05 6.29e-05 1.06e-05
2.67e-01 3.77e-01 5.17e-03 3.80e-01 5.90e-03 2.58e-30 6.86e-22 5.74e-04 2.68e-04 2.68e-04 2.60e-05
2.47e-01 3.68e-01 4.22e-03 3.70e-01 4.52e-03 1.69e-52 6.17e-10 5.54e-04 5.54e-04 5.54e-04 1.28e-04
2.71e-01 3.10e-01 1.09e-05 3.10e-01 1.09e-05 1.39e-69 1.39e-69 3.70e-05 3.70e-05 3.70e-05 3.70e-05
2.60e-01 2.47e+00 3.22e-01 2.53e+00 3.28e-01 8.11e-12 1.68e-10 3.75e-06 1.65e-06 1.60e-06 2.52e-07
2.64e-01 2.70e-01 1.40e-03 2.70e-01 1.41e-03 1.30e-04 1.32e-04 3.52e-04 3.52e-04 3.52e-04 3.52e-04
2.46e-01 2.08e-01 9.94e-02 2.60e-01 1.12e-01 1.66e-05 2.38e-04 6.75e-05 3.12e-05 2.81e-05 3.05e-06
2.69e-01 2.06e+00 9.30e-01 2.58e+00 1.06e+00 4.77e-69 9.81e-25 7.96e-09 7.96e-09 2.68e-09 7.20e-10
2.71e-01 2.07e-01 4.72e-03 2.10e-01 5.63e-03 5.88e-39 3.45e-04 2.36e-04 2.36e-04 1.08e-04 1.08e-04
2.44e-01 3.43e-01 4.73e-03 3.40e-01 5.60e-03 1.44e-96 1.05e-15 4.94e-04 4.94e-04 2.21e-04 2.21e-04
2.62e-01 2.17e-01 7.52e-03 2.20e-01 8.01e-03 1.77e-11 5.15e-04 2.55e-04 1.73e-04 6.53e-05 2.05e-05
2.69e-01 2.80e-01 1.45e-04 2.80e-01 1.45e-04 5.57e-09 5.57e-09 2.92e-05 2.92e-05 2.92e-05 2.92e-05
2.55e-01 2.70e-01 1.12e-01 2.60e-01 1.12e-01 2.46e-04 2.49e-04 5.06e-04 2.39e-04 2.39e-04 3.56e-05
2.70e-01 2.69e-01 1.22e-01 2.60e-01 1.22e-01 4.31e-04 1.73e-03 4.30e-04 2.52e-04 1.27e-04 1.78e-05
2.61e-01 3.12e-01 1.10e-01 4.20e-01 1.54e-01 9.07e-08 5.73e-05 1.58e-05 8.90e-06 5.15e-06 9.60e-07
2.53e-01 2.66e-01 9.69e-02 2.60e-01 9.71e-02 1.75e-04 2.25e-04 5.06e-04 1.83e-04 1.04e-04 1.02e-05
2.52e-01 2.18e+00 4.60e-01 2.29e+00 4.74e-01 2.46e-09 3.11e-08 1.17e-05 5.19e-06 2.60e-06 3.71e-07
2.59e-01 2.50e-01 7.75e-06 2.50e-01 7.75e-06 2.18e-06 2.23e-05 2.23e-05 2.23e-05 2.23e-05 2.23e-05
2.55e-01 2.84e-01 4.82e-03 2.80e-01 6.07e-03 6.88e-63 6.88e-63 2.92e-05 1.72e-05 1.72e-05 1.72e-05
2.54e-01 2.39e-01 7.14e-02 2.00e-01 8.12e-02 6.73e-05 6.03e-04 1.16e-04 5.02e-05 2.30e-05 2.79e-06
2.62e-01 3.85e-01 4.99e-03 3.90e-01 6.81e-03 6.69e-161 4.28e-14 5.94e-04 5.13e-04 5.13e-04 5.13e-04
2.49e-01 1.80e-01 6.62e-03 1.80e-01 6.62e-03 6.99e-08 2.94e-04 1.83e-04 5.61e-05 5.24e-05 5.24e-05
2.71e-01 2.37e+00 4.07e-01 2.45e+00 4.16e-01 2.49e-08 1.69e-07 5.25e-06 2.26e-06 1.25e-06 2.63e-07
2.45e-01 2.26e-01 1.57e-02 2.30e-01 1.61e-02 2.62e-05 4.94e-04 2.74e-04 1.55e-04 1.55e-04 8.25e-06
2.54e-01 3.81e-01 3.44e-03 3.80e-01 3.64e-03 8.58e-20 2.09e-15 5.74e-04 5.74e-04 5.74e-04 8.37e-05
2.51e-01 2.32e+00 6.38e-02 2.32e+00 6.39e-02 1.22e-16 6.36e-08 1.06e-05 5.18e-06 2.59e-06 3.32e-07
2.57e-01 3.49e-01 3.74e-03 3.50e-01 3.96e-03 2.49e-68 3.43e-24 5.14e-04 5.14e-04 5.14e-04 8.79e-05
2.64e-01 3.25e-01 9.23e-03 3.20e-01 1.05e-02 1.13e-12 1.21e-12 4.53e-04 4.53e-04 1.41e-04 1.60e-05
2.59e-01 3.08e-01 7.27e-03 3.10e-01 7.49e-03 7.09e-15 1.01e-08 4.33e-04 2.26e-04 2.26e-04 1.52e-05
2.64e-01 2.70e-01 4.27e-04 2.70e-01 4.28e-04 1.17e-05 1.17e-05 2.68e-05 2.68e-05 2.68e-05 2.68e-05
2.63e-01 2.43e+00 1.98e-01 2.45e+00 1.99e-01 1.43e-38 2.58e-07 5.70e-06 3.50e-06 1.61e-06 3.15e-07
2.62e-01 3.59e-01 7.95e-03 3.60e-01 8.03e-03 1.51e-34 2.44e-08 5.34e-04 2.98e-04 2.01e-04 3.22e-05
2.63e-01 2.20e-01 8.53e-03 2.20e-01 8.54e-03 5.32e-88 1.65e-05 1.64e-05 1.64e-05 1.64e-05 1.64e-05
2.60e-01 3.78e-01 5.12e-03 3.80e-01 5.59e-03 1.30e-27 1.81e-17 5.74e-04 5.74e-04 2.16e-04 3.75e-05
2.66e-01 3.08e-01 3.73e-03 3.10e-01 4.08e-03 2.96e-100 2.96e-100 3.70e-05 3.70e-05 3.70e-05 7.44e-06
2.62e-01 2.39e-01 2.92e-03 2.40e-01 3.07e-03 2.14e-34 2.24e-05 2.03e-05 2.03e-05 2.03e-05 2.14e-06
2.58e-01 2.20e-01 7.82e-04 2.20e-01 7.83e-04 8.99e-29 2.56e-04 2.55e-04 2.55e-04 2.55e-04 2.55e-04
2.63e-01 3.85e-01 4.89e-02 4.00e-01 5.12e-02 8.61e-05 1.47e-04 6.13e-04 4.04e-04 4.04e-04 1.54e-05
2.72e-01 3.59e-01 7.44e-03 3.60e-01 7.45e-03 1.86e-24 4.67e-19 5.34e-04 2.26e-04 1.96e-04 2.15e-05
2.49e-01 4.02e-01 3.86e-02 4.10e-01 3.95e-02 4.33e-06 5.59e-05 6.36e-04 3.52e-04 1.12e-04 6.39e-06
2.65e-01 2.83e-01 1.33e-02 2.80e-01 1.37e-02 1.57e-04 2.12e-04 3.31e-04 1.70e-04 8.04e-05 1.50e-05
2.69e-01 2.44e-01 6.09e-03 2.40e-01 7.50e-03 3.31e-06 9.26e-04 4.83e-04 3.88e-04 3.88e-04 2.67e-05
2.70e-01 3.30e-01 4.51e-03 3.30e-01 4.51e-03 7.57e-37 7.67e-37 4.74e-04 4.74e-04 4.74e-04 5.95e-05
2.65e-01 2.61e-01 1.24e-02 2.60e-01 1.24e-02 2.81e-04 7.93e-04 2.44e-04 2.37e-04 9.52e-05 1.17e-05
2.60e-01 2.52e+00 2.78e-01 2.56e+00 2.80e-01 3.19e-53 1.20e-30 3.64e-06 2.32e-06 1.38e-06 4.67e-07
2.68e-01 2.27e+00 7.07e-01 2.54e+00 7.56e-01 1.14e-33 1.07e-20 3.93e-06 1.87e-06 1.04e-06 4.34e-07
2.54e-01 2.58e-01 5.07e-03 2.60e-01 5.51e-03 2.03e-04 2.50e-04 3.32e-04 3.32e-04 1.24e-04 2.17e-05
2.47e-01 2.36e-01 4.89e-03 2.40e-01 6.30e-03 1.01e-04 4.85e-04 2.93e-04 1.93e-04 1.93e-04 1.93e-04
2.67e-01 3.60e-01 2.09e-03 3.60e-01 2.14e-03 0.00e+00 9.94e-46 5.34e-04 5.34e-04 5.34e-04 2.69e-05
2.60e-01 3.10e-01 6.92e-06 3.10e-01 6.92e-06 1.36e-133 1.36e-133 3.70e-05 3.70e-05 3.70e-05 3.70e-05
2.62e-01 3.50e-01 1.27e-04 3.50e-01 1.27e-04 2.17e-275 8.94e-224 5.14e-04 5.14e-04 5.14e-04 5.14e-04
2.60e-01 2.83e-01 3.05e-02 2.70e-01 3.32e-02 1.90e-04 2.03e-04 4.91e-04 2.21e-04 1.79e-04 1.82e-05
2.64e-01 5.41e-01 4.75e-01 4.00e-01 4.95e-01 2.23e-05 5.73e-05 9.76e-05 3.74e-05 2.06e-05 1.53e-06
2.54e-01 2.90e-01 9.92e-02 2.20e-01 1.21e-01 1.38e-06 4.63e-05 1.05e-05 5.78e-06 2.98e-06 3.73e-07
2.42e-01 2.55e+00 1.58e-01 2.57e+00 1.59e-01 4.62e-27 1.81e-19 3.39e-06 2.27e-06 2.27e-06 4.05e-07
2.50e-01 4.11e-01 8.76e-02 4.40e-01 9.21e-02 3.14e-06 2.61e-05 1.94e-05 1.07e-05 3.53e-06 7.85e-07
2.55e-01 1.02e+00 9.14e-01 4.20e-01 1.10e+00 5.84e-07 2.46e-06 1.30e-05 3.51e-06 2.18e-06 2.85e-07
2.47e-01 3.69e-01 6.42e-03 3.70e-01 6.56e-03 1.82e-21 2.29e-19 5.54e-04 2.31e-04 2.31e-04 1.20e-04
2.67e-01 2.26e+00 6.44e-01 2.50e+00 6.88e-01 2.59e-07 1.19e-06 3.89e-06 2.60e-06 1.74e-06 2.02e-07
2.57e-01 2.56e-01 5.27e-03 2.60e-01 6.87e-03 3.17e-04 5.15e-04 3.32e-04 2.80e-04 2.80e-04 2.80e-04
2.60e-01 3.22e-01 1.46e-01 3.10e-01 1.47e-01 1.59e-05 1.97e-05 4.60e-04 2.07e-04 1.51e-04 2.80e-05
2.60e-01 2.44e+00 2.97e-01 2.50e+00 3.03e-01 1.20e-08 2.47e-07 4.06e-06 2.03e-06 2.03e-06 2.57e-07
2.52e-01 1.59e+00 1.02e+00 3.70e-01 1.60e+00 3.47e-07 6.23e-07 8.30e-06 3.19e-06 1.70e-06 2.84e-07
2.60e-01 2.47e+00 9.67e-02 2.48e+00 9.68e-02 1.04e-10 7.87e-08 4.58e-06 2.20e-06 1.16e-06 3.19e-07
2.57e-01 4.24e-01 3.80e-02 4.30e-01 3.84e-02 3.38e-07 7.17e-06 1.03e-04 6.83e-05 3.78e-05 2.07e-06
2.53e-01 2.48e+00 3.91e-02 2.48e+00 3.92e-02 1.73e-31 1.26e-26 5.05e-06 2.45e-06 1.79e-06 2.69e-07
2.90e-01 3.97e-01 6.79e-03 4.00e-01 7.35e-03 5.52e-145 6.61e-07 6.13e-04 6.13e-04 2.31e-04 2.31e-04
2.89e-01 2.35e+00 2.47e-01 2.38e+00 2.49e-01 2.07e-13 1.11e-06 7.90e-06 4.20e-06 2.75e-06 2.50e-07
3.01e-01 3.30e-01 1.07e-04 3.30e-01 1.07e-04 1.66e-21 1.66e-21 4.74e-04 4.74e-04 4.74e-04 4.74e-04
2.74e-01 2.80e-01 1.33e-04 2.80e-01 1.33e-04 1.16e-05 1.16e-05 2.92e-05 2.92e-05 2.92e-05 2.92e-05
2.86e-01 1.01e+00 8.74e-01 4.70e-01 1.03e+00 6.19e-06 1.40e-05 4.42e-05 9.69e-06 5.13e-06 8.55e-07
2.98e-01 2.06e-01 7.30e-03 2.10e-01 8.41e-03 1.89e-10 5.03e-04 2.36e-04 2.05e-04 2.05e-04 2.26e-05
2.71e-01 2.40e-01 3.94e-05 2.40e-01 3.94e-05 1.52e-48 2.03e-05 2.03e-05 2.03e-05 2.03e-05 2.03e-05
2.84e-01 6.44e-01 7.54e-02 6.50e-01 7.57e-02 1.07e-06 1.39e-05 7.28e-04 7.28e-04 7.28e-04 4.02e-05
2.84e-01 4.02e-01 4.51e-03 4.00e-01 4.84e-03 1.54e-77 1.70e-09 6.13e-04 6.13e-04 1.63e-04 2.47e-05
2.86e-01 1.34e+00 8.79e-01 4.10e-01 1.28e+00 2.63e-15 1.68e-13 4.59e-05 1.45e-05 9.91e-06 1.38e-06
3.01e-01 3.96e-01 5.33e-03 4.00e-01 6.75e-03 5.72e-35 9.41e-16 6.13e-04 4.56e-04 4.56e-04 4.56e-04
2.98e-01 3.17e-01 1.14e-02 3.20e-01 1.18e-02 1.36e-04 1.63e-04 4.53e-04 2.44e-04 1.57e-04 2.96e-05
3.03e-01 3.30e-01 1.32e-03 3.30e-01 1.32e-03 1.14e-13 1.14e-13 4.74e-04 4.74e-04 4.74e-04 4.74e-04
2.78e-01 2.32e-01 2.81e-02 2.30e-01 2.82e-02 3.55e-30 2.27e-05 1.83e-05 1.83e-05 1.83e-05 4.23e-06
2.93e-01 3.70e-01 6.28e-03 3.70e-01 6.29e-03 7.74e-27 7.24e-24 5.54e-04 1.78e-04 1.42e-04 1.42e-04
2.79e-01 2.50e-01 6.74e-04 2.50e-01 6.76e-04 5.32e-28 2.24e-05 2.23e-05 2.23e-05 2.23e-05 2.23e-05
2.74e-01 5.67e-01 5.96e-01 3.90e-01 6.22e-01 9.41e-26 2.40e-16 1.51e-04 1.51e-04 5.00e-05 2.27e-06
2.89e-01 3.95e-01 4.99e-03 4.00e-01 6.75e-03 4.46e-68 1.10e-18 6.13e-04 5.15e-04 5.15e-04 5.15e-04
2.82e-01 3.39e-01 3.48e-03 3.40e-01 3.75e-03 3.01e-53 3.01e-53 4.94e-04 4.94e-04 4.94e-04 8.19e-05
2.90e-01 2.92e-01 5.54e-03 2.90e-01 6.02e-03 3.85e-04 4.33e-04 3.92e-04 1.72e-04 1.72e-04 3.55e-05
2.73e-01 3.04e-01 8.99e-03 3.00e-01 9.77e-03 4.90e-06 5.05e-06 4.13e-04 3.67e-04 1.39e-04 1.45e-05
2.93e-01 3.93e-01 6.62e-03 3.90e-01 7.18e-03 8.00e-20 1.61e-10 5.94e-04 3.64e-04 3.64e-04 2.39e-05
2.74e-01 2.91e-01 1.06e-02 2.90e-01 1.07e-02 1.46e-04 1.77e-04 3.92e-04 2.58e-04 7.89e-05 6.11e-05
2.89e-01 1.91e-01 3.25e-03 1.90e-01 3.47e-03 2.97e-104 5.04e-25 4.43e-25 4.43e-25 4.43e-25 6.24e-26
2.76e-01 5.43e-01 7.51e-01 1.50e-01 8.47e-01 2.68e-06 4.66e-04 1.19e-04 3.17e-05 1.89e-05 1.35e-06
2.98e-01 2.55e+00 5.40e-02 2.55e+00 5.41e-02 1.11e-81 1.94e-25 3.12e-06 2.71e-06 1.21e-06 1.64e-07
2.81e-01 5.67e-01 6.13e-01 3.70e-01 6.44e-01 6.05e-12 6.20e-12 2.43e-04 9.41e-05 7.82e-05 2.44e-06
2.80e-01 2.32e-01 3.79e-03 2.30e-01 4.17e-03 7.19e-142 2.21e-05 1.83e-05 1.83e-05 1.83e-05 3.86e-06
2.72e-01 3.02e-01 5.80e-03 3.00e-01 6.05e-03 8.22e-08 8.22e-08 4.13e-04 1.64e-04 1.64e-04 5.81e-05
2.82e-01 2.80e-01 2.78e-04 2.80e-01 2.78e-04 2.88e-04 3.72e-04 3.72e-04 3.72e-04 3.72e-04 3.72e-04
2.80e-01 2.04e-01 5.16e-02 2.00e-01 5.17e-02 1.45e-10 5.37e-05 1.25e-05 5.20e-06 5.03e-06 1.16e-06
3.02e-01 2.54e+00 9.75e-03 2.54e+00 9.75e-03 5.02e-209 4.92e-54 4.32e-06 2.56e-06 2.56e-06 5.20e-07
2.70e-01 3.87e-01 4.74e-03 3.90e-01 5.80e-03 1.66e-33 1.88e-11 5.94e-04 3.01e-04 3.01e-04 3.01e-04
2.84e-01 3.14e-01 4.99e-03 3.10e-01 6.50e-03 6.98e-12 6.98e-12 4.33e-04 3.13e-04 3.13e-04 3.13e-04
3.02e-01 2.72e-01 8.33e-03 2.70e-01 8.68e-03 2.30e-06 7.56e-04 3.52e-04 2.32e-04 1.24e-04 4.25e-05
2.78e-01 1.81e-01 2.56e-03 1.80e-01 2.64e-03 1.62e-65 8.50e-13 7.91e-13 7.91e-13 7.91e-13 5.96e-14
2.91e-01 2.40e+00 2.10e-02 2.40e+00 2.13e-02 9.92e-70 2.87e-25 7.17e-06 4.13e-06 2.02e-06 3.96e-07
3.00e-01 2.54e-01 4.88e-03 2.50e-01 6.25e-03 9.77e-47 5.13e-04 3.12e-04 2.01e-04 2.01e-04 2.01e-04
2.94e-01 3.10e-01 1.43e-03 3.10e-01 1.44e-03 5.10e-11 5.10e-11 4.33e-04 4.33e-04 4.33e-04 4.33e-04
2.87e-01 3.04e-01 4.87e-03 3.00e-01 6.20e-03 6.39e-08 6.39e-08 4.13e-04 2.59e-04 2.59e-04 2.59e-04
2.79e-01 1.36e+00 1.04e+00 3.70e-01 1.44e+00 1.18e-11 3.85e-06 1.24e-05 3.85e-06 2.06e-06 3.43e-07
2.74e-01 3.60e-01 2.55e-03 3.60e-01 2.56e-03 1.14e-115 3.37e-09 5.34e-04 5.34e-04 5.34e-04 2.42e-05
2.82e-01 2.57e-01 7.78e-03 2.60e-01 8.24e-03 6.27e-06 7.10e-04 3.32e-04 2.50e-04 9.52e-05 2.67e-05
2.82e-01 3.13e-01 5.79e-03 3.10e-01 6.44e-03 4.37e-08 4.37e-08 4.33e-04 2.31e-04 2.31e-04 4.14e-05
3.03e-01 3.30e-01 1.27e-03 3.30e-01 1.29e-03 2.66e-36 2.66e-36 4.28e-05 4.28e-05 4.28e-05 4.28e-05
2.92e-01 4.42e-01 4.82e-01 4.20e-01 4.83e-01 1.11e-09 6.06e-06 3.08e-06 9.68e-07 4.19e-07 8.07e-08
2.90e-01 2.95e-01 5.09e-03 2.90e-01 6.83e-03 3.92e-04 3.98e-04 3.92e-04 3.29e-04 3.29e-04 3.29e-04
3.01e-01 2.98e-01 3.63e-03 3.00e-01 3.95e-03 2.95e-05 4.06e-05 3.43e-05 3.43e-05 3.43e-05 6.38e-06
2.87e-01 2.78e-01 6.89e-03 2.80e-01 7.16e-03 1.73e-04 6.44e-04 3.72e-04 2.00e-04 2.00e-04 1.31e-05
2.90e-01 2.12e-01 3.76e-03 2.10e-01 4.07e-03 3.56e-87 6.62e-06 5.52e-06 5.52e-06 5.52e-06 1.08e-06
2.91e-01 4.10e-01 7.76e-03 4.10e-01 7.78e-03 4.06e-34 3.81e-12 1.75e-06 6.41e-07 5.01e-07 1.14e-07
3.01e-01 2.03e-01 7.93e-03 2.00e-01 8.33e-03 3.77e-21 4.16e-04 2.18e-04 1.33e-04 1.33e-04 1.32e-05
3.00e-01 3.30e-01 5.07e-02 3.30e-01 5.07e-02 7.26e-06 9.01e-06 4.74e-04 2.69e-04 2.69e-04 6.43e-05
2.91e-01 4.27e-01 1.24e-02 4.30e-01 1.29e-02 1.10e-44 3.43e-06 6.70e-04 3.47e-04 3.47e-04 5.05e-05
2.91e-01 1.99e-01 3.63e-03 2.00e-01 3.85e-03 6.71e-78 1.05e-08 8.96e-09 8.96e-09 8.96e-09 1.49e-09
2.96e-01 3.10e-01 1.69e-04 3.10e-01 1.69e-04 6.40e-09 6.40e-09 3.70e-05 3.70e-05 3.70e-05 3.70e-05
2.73e-01 2.80e-01 9.75e-05 2.80e-01 9.75e-05 9.76e-06 9.76e-06 2.92e-05 2.92e-05 2.92e-05 2.92e-05
3.01e-01 3.00e-01 2.28e-04 3.00e-01 2.29e-04 2.95e-05 3.43e-05 3.43e-05 3.43e-05 3.43e-05 3.43e-05
2.95e-01 3.61e-01 6.48e-03 3.60e-01 6.63e-03 9.59e-20 5.30e-19 5.34e-04 2.28e-04 2.28e-04 1.15e-04
2.73e-01 3.20e-01 1.27e-03 3.20e-01 1.28e-03 4.75e-141 4.75e-141 3.98e-05 3.98e-05 3.98e-05 3.98e-05
2.86e-01 2.46e-01 5.54e-03 2.50e-01 7.10e-03 2.61e-12 5.97e-04 3.12e-04 2.67e-04 2.67e-04 1.26e-05
2.79e-01 2.90e-01 6.89e-04 2.90e-01 6.90e-04 1.57e-06 1.57e-06 3.92e-04 3.92e-04 3.92e-04 3.92e-04
2.74e-01 2.31e+00 4.51e-01 2.41e+00 4.62e-01 5.16e-12 6.44e-07 6.38e-06 2.57e-06 1.62e-06 2.07e-07
2.87e-01 2.60e-01 1.26e-03 2.60e-01 1.26e-03 1.45e-13 2.49e-05 2.45e-05 2.45e-05 2.45e-05 2.45e-05
3.00e-01 4.10e-01 1.29e-03 4.10e-01 1.29e-03 7.83e-19 2.40e-12 6.36e-04 6.36e-04 6.36e-04 6.36e-04
2.95e-01 3.00e-01 2.19e-03 3.00e-01 2.21e-03 2.01e-04 2.08e-04 4.13e-04 4.13e-04 4.13e-04 1.66e-05
2.87e-01 2.90e-01 5.09e-04 2.90e-01 5.10e-04 2.10e-05 2.11e-05 3.17e-05 3.17e-05 3.17e-05 3.17e-05
2.87e-01 3.00e-01 8.56e-05 3.00e-01 8.56e-05 3.34e-19 3.34e-19 3.43e-05 3.43e-05 3.43e-05 3.43e-05
2.85e-01 2.28e+00 3.01e-02 2.28e+00 3.02e-02 8.89e-17 2.39e-11 1.44e-05 5.90e-06 3.60e-06 4.91e-07
2.92e-01 2.48e-01 8.14e-03 2.50e-01 8.32e-03 1.51e-08 6.47e-04 3.12e-04 1.96e-04 1.05e-04 1.26e-05
2.87e-01 3.00e-01 1.25e-03 3.00e-01 1.26e-03 3.90e-07 3.90e-07 3.43e-05 3.43e-05 3.43e-05 3.43e-05
2.76e-01 2.37e+00 1.13e-02 2.37e+00 1.13e-02 2.37e-135 6.14e-96 1.05e-05 6.63e-06 2.53e-06 4.21e-07
2.76e-01 2.30e-01 1.48e-04 2.30e-01 1.48e-04 4.29e-113 1.83e-05 1.83e-05 1.83e-05 1.83e-05 1.83e-05
2.82e-01 3.06e-01 6.29e-02 2.80e-01 6.80e-02 3.65e-04 1.35e-03 2.81e-04 1.33e-04 7.11e-05 9.35e-06
3.03e-01 2.70e-01 2.02e-03 2.70e-01 2.07e-03 9.14e-31 2.80e-05 2.68e-05 2.68e-05 2.68e-05 1.21e-06
2.80e-01 2.50e-01 1.77e-03 2.50e-01 1.79e-03 1.13e-20 3.23e-04 3.12e-04 3.12e-04 3.12e-04 3.12e-04
2.92e-01 2.66e-01 4.97e-03 2.70e-01 6.68e-03 2.21e-26 4.84e-05 2.68e-05 2.17e-05 2.17e-05 2.17e-05
2.85e-01 3.00e-01 2.84e-05 3.00e-01 2.84e-05 1.41e-10 1.41e-10 3.43e-05 3.43e-05 3.43e-05 3.43e-05
2.75e-01 2.78e-01 3.87e-03 2.80e-01 4.28e-03 1.77e-05 2.09e-05 2.92e-05 2.92e-05 2.92e-05 6.60e-06
3.02e-01 4.25e-01 1.36e-02 4.20e-01 1.45e-02 3.99e-09 2.31e-06 6.43e-04 2.62e-04 2.16e-04 2.26e-05
3.04e-01 2.54e-01 2.32e-02 2.50e-01 2.36e-02 2.21e-08 8.36e-04 3.12e-04 1.81e-04 7.07e-05 1.10e-05
2.93e-01 2.90e-01 8.70e-05 2.90e-01 8.70e-05 2.35e-05 3.17e-05 3.17e-05 3.17e-05 3.17e-05 3.17e-05
2.84e-01 2.50e-01 4.83e-04 2.50e-01 4.83e-04 3.94e-73 2.24e-05 2.23e-05 2.23e-05 2.23e-05 2.23e-05
3.00e-01 2.40e-01 3.53e-03 2.40e-01 3.53e-03 4.60e-38 3.35e-04 2.93e-04 2.93e-04 2.93e-04 1.91e-05
3.02e-01 2.98e-01 4.17e-03 3.00e-01 4.73e-03 2.72e-05 4.42e-05 3.43e-05 3.43e-05 1.00e-05 1.00e-05
2.91e-01 3.70e-01 1.02e-04 3.70e-01 1.02e-04 1.96e-237 1.04e-23 5.54e-04 5.54e-04 5.54e-04 5.54e-04
2.73e-01 2.40e-01 1.66e-05 2.40e-01 1.66e-05 3.30e-59 2.03e-05 2.03e-05 2.03e-05 2.03e-05 2.03e-05
3.03e-01 3.21e-01 2.49e-03 3.20e-01 2.54e-03 8.17e-07 8.17e-07 4.53e-04 4.53e-04 4.53e-04 2.96e-05
2.88e-01 3.20e-01 2.88e-04 3.20e-01 2.88e-04 2.10e-36 2.10e-36 3.98e-05 3.98e-05 3.98e-05 3.98e-05
2.89e-01 2.25e-01 9.57e-03 2.30e-01 1.06e-02 1.32e-11 7.05e-04 2.58e-04 9.08e-05 8.17e-05 1.17e-05
2.97e-01 2.50e+00 2.48e-01 2.54e+00 2.51e-01 4.10e-17 5.98e-10 3.62e-06 2.21e-06 1.67e-06 2.14e-07
2.81e-01 3.73e-01 6.38e-03 3.70e-01 7.11e-03 1.43e-36 5.09e-20 5.54e-04 3.54e-04 3.54e-04 7.52e-05
3.00e-01 1.23e+00 1.06e+00 4.00e-01 1.34e+00 3.40e-22 8.40e-11 1.43e-06 6.05e-07 2.95e-07 5.04e-08
2.82e-01 4.03e-01 5.42e-03 4.00e-01 6.02e-03 9.09e-59 6.05e-08 6.13e-04 6.13e-04 2.68e-04 3.39e-05
2.84e-01 4.51e-01 2.12e-02 4.50e-01 2.13e-02 7.65e-12 1.24e-05 7.06e-04 3.79e-04 3.79e-04 5.67e-05
3.01e-01 3.55e-01 5.03e-03 3.50e-01 6.92e-03 8.74e-35 1.46e-33 5.14e-04 4.68e-04 4.68e-04 4.68e-04
2.81e-01 1.93e-01 4.84e-03 1.90e-01 5.61e-03 9.89e-43 2.91e-04 2.00e-04 2.00e-04 8.66e-05 8.66e-05
2.98e-01 7.40e-01 7.57e-01 4.00e-01 8.30e-01 5.33e-08 1.03e-06 3.85e-05 1.54e-05 4.75e-06 6.79e-07
2.84e-01 2.14e-01 7.01e-03 2.10e-01 8.13e-03 1.99e-21 4.88e-04 2.36e-04 1.94e-04 1.94e-04 2.26e-05
2.98e-01 2.19e-01 2.85e-03 2.20e-01 2.93e-03 1.24e-64 2.79e-04 2.55e-04 2.55e-04 2.55e-04 2.18e-05
2.90e-01 3.97e-01 4.93e-03 4.00e-01 5.78e-03 7.09e-117 1.55e-09 6.13e-04 6.13e-04 2.90e-04 2.90e-04
3.00e-01 3.60e-01 1.93e-03 3.60e-01 1.93e-03 1.10e-159 6.49e-08 5.34e-04 5.34e-04 5.34e-04 5.34e-04
2.94e-01 1.65e-01 5.00e-03 1.70e-01 6.92e-03 5.31e-139 1.59e-05 8.29e-06 7.63e-06 7.63e-06 7.63e-06
2.95e-01 2.80e-01 1.58e-03 2.80e-01 1.59e-03 5.10e-06 3.82e-04 3.72e-04 3.72e-04 3.72e-04 3.72e-04
2.84e-01 2.50e-01 2.13e-04 2.50e-01 2.13e-04 7.32e-60 2.23e-05 2.23e-05 2.23e-05 2.23e-05 2.23e-05
2.87e-01 2.80e-01 1.17e-03 2.80e-01 1.18e-03 8.77e-06 2.96e-05 2.92e-05 2.92e-05 2.92e-05 2.92e-05
2.86e-01 2.55e+00 1.55e-02 2.56e+00 1.66e-02 3.63e-28 8.37e-16 3.81e-06 1.36e-06 1.36e-06 4.67e-07
2.86e-01 3.60e-01 7.47e-04 3.60e-01 7.49e-04 1.12e-253 1.01e-21 5.34e-04 5.34e-04 5.34e-04 5.34e-04
2.95e-01 3.65e-01 5.00e-03 3.70e-01 6.97e-03 3.58e-100 4.46e-17 5.54e-04 5.27e-04 5.27e-04 5.27e-04
2.82e-01 2.47e-01 4.74e-03 2.50e-01 5.85e-03 7.59e-87 3.39e-05 2.23e-05 1.17e-05 1.17e-05 1.17e-05
2.98e-01 4.11e-01 2.34e-02 4.10e-01 2.35e-02 1.07e-07 3.59e-05 6.32e-04 6.20e-04 6.20e-04 1.91e-05
2.82e-01 6.34e-01 6.72e-01 4.10e-01 7.09e-01 1.92e-09 5.75e-07 5.49e-06 2.07e-06 2.07e-06 1.38e-07
2.91e-01 5.08e-01 4.74e-01 4.00e-01 4.86e-01 1.24e-13 8.54e-09 1.91e-05 7.77e-06 4.41e-06 4.80e-07
2.90e-01 3.27e-01 5.06e-03 3.30e-01 5.93e-03 2.71e-16 2.71e-16 4.74e-04 2.36e-04 2.36e-04 2.36e-04
3.02e-01 4.09e-01 7.64e-02 4.40e-01 8.25e-02 4.20e-05 7.03e-04 5.00e-04 3.72e-04 1.81e-04 1.97e-05
2.94e-01 3.03e-01 6.56e-03 3.00e-01 7.29e-03 2.19e-04 2.47e-04 4.13e-04 2.70e-04 2.70e-04 1.87e-05
2.95e-01 3.13e-01 6.32e-03 3.10e-01 7.02e-03 3.01e-05 3.04e-05 4.33e-04 2.68e-04 2.68e-04 5.66e-05
2.99e-01 2.74e-01 4.86e-03 2.70e-01 6.11e-03 1.46e-08 5.61e-04 3.52e-04 2.09e-04 2.09e-04 2.09e-04
2.74e-01 4.09e-01 4.77e-02 4.20e-01 4.90e-02 1.76e-39 2.58e-05 2.38e-04 1.03e-04 8.99e-05 1.20e-05
2.97e-01 2.40e-01 2.01e-03 2.40e-01 2.06e-03 5.77e-122 2.11e-05 2.03e-05 2.03e-05 2.03e-05 9.16e-07
2.87e-01 2.80e-01 1.44e-04 2.80e-01 1.44e-04 8.39e-06 2.92e-05 2.92e-05 2.92e-05 2.92e-05 2.92e-05
2.95e-01 3.20e-01 1.52e-03 3.20e-01 1.54e-03 3.59e-31 3.59e-31 3.98e-05 3.98e-05 3.98e-05 3.98e-05
2.93e-01 2.52e+00 1.18e-02 2.52e+00 1.18e-02 4.14e-134 6.29e-44 4.81e-06 3.19e-06 1.26e-06 1.69e-07
2.96e-01 2.40e-01 7.24e-04 2.40e-01 7.26e-04 7.72e-131 2.04e-05 2.03e-05 2.03e-05 2.03e-05 2.03e-05
2.99e-01 3.98e-01 5.35e-03 4.00e-01 5.69e-03 1.10e-27 1.64e-17 6.13e-04 6.13e-04 2.25e-04 5.55e-05
2.95e-01 3.00e-01 2.34e-03 3.00e-01 2.36e-03 2.15e-04 2.17e-04 4.13e-04 4.13e-04 4.13e-04 2.07e-05
2.80e-01 1.11e-01 4.48e-03 1.10e-01 4.69e-03 1.20e-13 1.00e-04 7.85e-05 7.85e-05 1.81e-05 4.34e-06
2.89e-01 3.29e-01 8.44e-02 3.20e-01 8.49e-02 8.05e-05 1.14e-04 3.49e-04 1.94e-04 9.12e-05 2.05e-05
2.76e-01 2.21e+00 6.67e-01 2.45e+00 7.10e-01 6.09e-10 7.74e-10 5.13e-06 2.55e-06 1.41e-06 1.68e-07
2.73e-01 3.27e-01 4.41e-03 3.30e-01 5.14e-03 8.66e-158 8.66e-158 4.28e-05 4.28e-05 1.55e-05 1.55e-05
2.88e-01 3.53e-01 7.03e-03 3.50e-01 7.48e-03 5.72e-16 5.72e-16 5.14e-04 3.39e-04 3.39e-04 2.07e-05
2.72e-01 2.57e-01 4.64e-03 2.60e-01 5.59e-03 3.97e-17 3.56e-05 2.45e-05 2.45e-05 1.12e-05 1.12e-05
2.94e-01 2.44e-01 4.89e-03 2.40e-01 6.15e-03 1.41e-25 4.69e-04 2.93e-04 1.77e-04 1.77e-04 1.77e-04
2.93e-01 5.73e-01 5.99e-01 3.90e-01 6.27e-01 1.60e-17 4.32e-08 1.85e-04 1.85e-04 4.74e-05 3.72e-06
2.96e-01 2.82e-01 4.67e-03 2.80e-01 5.21e-03 5.66e-05 5.09e-04 3.72e-04 3.72e-04 1.27e-04 1.27e-04
2.72e-01 1.35e+00 9.60e-01 5.00e-01 1.29e+00 2.00e-06 5.18e-06 1.00e-05 4.39e-06 2.75e-06 5.10e-07
2.78e-01 2.44e+00 1.98e-01 2.46e+00 1.99e-01 5.96e-19 6.00e-19 5.97e-06 2.99e-06 1.66e-06 1.99e-07
2.79e-01 2.37e-01 7.91e-03 2.40e-01 8.58e-03 6.44e-09 6.44e-04 2.93e-04 2.34e-04 7.95e-05 3.39e-05
3.01e-01 3.09e-01 1.64e-02 3.10e-01 1.64e-02 2.94e-09 3.21e-09 2.13e-08 2.13e-08 2.13e-08 1.50e-09
2.77e-01 4.38e-01 2.81e-01 4.20e-01 2.82e-01 3.88e-08 5.49e-06 5.13e-06 2.44e-06 1.42e-06 1.42e-07
2.96e-01 2.05e+00 4.90e-01 2.19e+00 5.11e-01 1.46e-09 3.61e-09 1.98e-05 8.84e-06 4.54e-06 6.14e-07
3.02e-01 4.67e-01 3.46e-01 4.20e-01 3.49e-01 4.75e-07 9.77e-06 1.87e-05 6.91e-06 4.09e-06 3.84e-07
3.00e-01 3.18e-01 6.04e-03 3.20e-01 6.32e-03 5.15e-06 5.16e-06 4.53e-04 1.96e-04 1.96e-04 7.06e-05
2.72e-01 1.36e+00 9.15e-01 6.50e-01 1.16e+00 2.99e-05 1.53e-04 7.29e-04 4.03e-05 1.46e-05 3.66e-06
2.93e-01 2.38e+00 4.74e-01 2.49e+00 4.86e-01 9.82e-12 3.32e-06 4.17e-06 1.76e-06 1.27e-06 2.44e-07
3.02e-01 2.13e-01 8.96e-03 2.10e-01 9.40e-03 3.06e-86 3.75e-14 2.64e-14 2.64e-14 1.02e-14 1.02e-14
2.91e-01 1.12e+00 9.87e-01 3.90e-01 1.23e+00 2.38e-07 1.35e-06 2.08e-05 3.45e-06 2.43e-06 3.83e-07
3.01e-01 2.14e+00 6.44e-01 2.37e+00 6.84e-01 3.06e-07 5.83e-07 8.34e-06 2.99e-06 1.80e-06 2.57e-07
2.74e-01 2.79e-01 9.62e-03 2.80e-01 9.69e-03 3.06e-04 4.75e-04 3.72e-04 1.91e-04 1.91e-04 3.74e-05
2.72e-01 2.22e+00 6.98e-01 2.50e+00 7.52e-01 2.44e-07 5.22e-06 3.70e-06 2.67e-06 1.44e-06 1.92e-07
2.97e-01 2.15e+00 8.51e-01 2.58e+00 9.52e-01 1.48e-15 5.61e-08 3.24e-06 1.32e-06 1.17e-06 1.63e-07
2.71e-01 2.07e+00 8.88e-01 2.54e+00 1.00e+00 1.37e-07 3.56e-06 3.76e-06 2.62e-06 1.54e-06 1.90e-07
2.79e-01 4.16e-01 2.25e-01 3.90e-01 2.26e-01 1.59e-28 2.04e-17 6.23e-04 6.23e-04 1.97e-04 1.88e-05
2.82e-01 2.11e-01 1.08e-02 2.10e-01 1.09e-02 3.29e-12 6.06e-04 2.26e-04 1.33e-04 4.88e-05 6.81e-06
3.08e-01 4.30e-01 1.75e-03 4.30e-01 1.77e-03 1.58e-295 2.38e-11 6.70e-04 6.70e-04 6.70e-04 6.70e-04
3.15e-01 4.16e-01 3.54e-02 4.20e-01 3.56e-02 1.34e-11 4.31e-05 6.42e-04 3.10e-04 1.84e-04 9.69e-06
3.07e-01 3.22e-01 7.85e-03 3.20e-01 8.07e-03 1.11e-04 1.18e-04 4.53e-04 2.78e-04 1.48e-04 3.42e-05
3.35e-01 2.71e-01 9.20e-03 2.70e-01 9.22e-03 3.72e-12 8.13e-04 3.52e-04 1.88e-04 1.88e-04 2.48e-05
3.13e-01 3.30e-01 4.49e-05 3.30e-01 4.49e-05 1.03e-11 1.03e-11 4.28e-05 4.28e-05 4.28e-05 4.28e-05
3.34e-01 4.12e-01 4.95e-03 4.10e-01 5.34e-03 3.83e-42 1.58e-08 6.32e-04 6.32e-04 2.03e-04 3.50e-05
3.22e-01 3.40e-01 2.12e-04 3.40e-01 2.12e-04 3.87e-15 3.87e-15 4.58e-05 4.58e-05 4.58e-05 4.58e-05
3.12e-01 2.54e+00 1.57e-02 2.54e+00 1.58e-02 1.59e-88 3.02e-30 3.71e-06 1.73e-06 1.73e-06 1.30e-07
3.24e-01 2.93e-01 5.02e-03 2.90e-01 5.81e-03 2.14e-11 5.88e-04 3.92e-04 3.92e-04 1.83e-04 1.83e-04
3.26e-01 3.78e-01 3.94e-03 3.80e-01 4.38e-03 4.70e-74 2.54e-09 5.74e-04 5.74e-04 5.74e-04 1.36e-04
3.26e-01 2.39e+00 2.14e-02 2.39e+00 2.14e-02 1.07e-13 1.08e-13 8.42e-06 3.61e-06 3.42e-06 6.18e-07
3.25e-01 2.80e-01 2.09e-03 2.80e-01 2.14e-03 5.20e-57 3.06e-05 2.92e-05 2.92e-05 2.92e-05 1.47e-06
3.05e-01 3.14e-01 2.09e-02 3.10e-01 2.13e-02 3.26e-04 4.81e-04 4.33e-04 2.18e-04 2.18e-04 8.71e-06
3.26e-01 3.67e-01 7.33e-02 3.90e-01 7.69e-02 7.69e-05 2.44e-04 2.37e-04 7.01e-05 2.50e-05 3.57e-06
3.32e-01 2.33e+00 6.92e-02 2.33e+00 6.93e-02 2.54e-08 8.69e-08 1.05e-05 5.14e-06 2.82e-06 4.49e-07
3.29e-01 3.15e-01 7.44e-02 2.70e-01 8.72e-02 9.49e-07 1.40e-03 3.08e-04 1.26e-04 6.02e-05 1.24e-05
3.35e-01 3.38e-01 1.32e-02 3.40e-01 1.34e-02 4.50e-04 9.33e-04 4.02e-04 2.01e-04 1.19e-04 1.74e-05
3.09e-01 2.94e-01 1.39e-02 2.90e-01 1.46e-02 2.28e-04 1.29e-03 3.77e-04 2.13e-04 8.09e-05 1.38e-05
3.08e-01 2.56e-01 4.91e-03 2.60e-01 6.34e-03 5.72e-36 5.55e-04 3.32e-04 2.24e-04 2.24e-04 2.24e-04
3.05e-01 3.10e-01 8.36e-04 3.10e-01 8.38e-04 2.01e-04 2.01e-04 4.33e-04 4.33e-04 4.33e-04 4.33e-04
3.08e-01 3.30e-01 7.87e-04 3.30e-01 7.89e-04 5.62e-38 5.62e-38 4.28e-05 4.28e-05 4.28e-05 4.28e-05
3.33e-01 2.02e-01 9.39e-03 2.00e-01 9.51e-03 3.72e-101 1.19e-19 1.05e-19 1.05e-19 1.05e-19 1.43e-20
3.12e-01 2.94e-01 5.19e-03 2.90e-01 6.66e-03 2.34e-06 6.90e-04 3.92e-04 2.90e-04 2.90e-04 2.90e-04
3.16e-01 3.70e-01 1.82e-03 3.70e-01 1.82e-03 4.17e-103 5.12e-08 5.54e-04 5.54e-04 5.54e-04 5.54e-04
3.30e-01 3.30e-01 1.44e-03 3.30e-01 1.46e-03 4.52e-04 4.75e-04 4.74e-04 4.74e-04 4.74e-04 4.74e-04
3.22e-01 4.45e-01 5.47e-02 4.60e-01 5.66e-02 7.20e-35 3.68e-05 2.99e-04 2.99e-04 9.18e-05 2.26e-05
3.29e-01 4.11e-01 2.95e-03 4.10e-01 2.99e-03 3.26e-124 1.22e-12 6.32e-04 6.32e-04 6.32e-04 5.08e-05
3.07e-01 4.75e-01 2.98e-01 4.20e-01 3.03e-01 1.01e-07 4.26e-06 2.48e-05 1.42e-05 5.30e-06 6.62e-07
3.19e-01 3.27e-01 8.90e-03 3.30e-01 9.26e-03 3.18e-04 3.89e-04 4.74e-04 3.43e-04 1.83e-04 2.14e-05
3.28e-01 3.05e-01 6.16e-03 3.00e-01 7.63e-03 3.55e-06 8.57e-04 4.13e-04 3.90e-04 3.90e-04 1.87e-05
3.33e-01 5.48e-01 5.01e-01 4.10e-01 5.20e-01 4.77e-11 3.14e-07 1.56e-05 8.58e-06 4.89e-06 4.01e-07
3.35e-01 2.47e-01 4.54e-03 2.50e-01 5.39e-03 5.69e-148 4.40e-04 3.12e-04 3.12e-04 1.29e-04 1.29e-04
3.24e-01 3.10e-01 9.05e-04 3.10e-01 9.08e-04 1.82e-07 3.73e-05 3.70e-05 3.70e-05 3.70e-05 3.70e-05
3.05e-01 3.79e-01 3.31e-03 3.80e-01 3.37e-03 8.32e-68 9.90e-26 5.74e-04 5.74e-04 5.74e-04 1.73e-05
3.09e-01 4.23e-01 2.89e-02 4.30e-01 2.97e-02 1.53e-06 5.61e-05 6.70e-04 3.30e-04 2.22e-04 1.68e-05
3.13e-01 3.27e-01 4.62e-03 3.30e-01 5.55e-03 7.29e-05 7.29e-05 4.74e-04 4.74e-04 2.12e-04 2.12e-04
3.26e-01 2.30e+00 1.91e-02 2.30e+00 1.94e-02 7.14e-20 6.00e-15 1.19e-05 7.21e-06 3.27e-06 8.18e-07
3.13e-01 3.60e-01 9.61e-02 2.90e-01 1.19e-01 4.91e-10 3.78e-05 3.17e-05 1.66e-05 1.66e-05 1.91e-06
3.07e-01 2.63e-01 7.21e-03 2.60e-01 7.94e-03 7.54e-10 6.59e-04 3.32e-04 2.34e-04 2.34e-04 2.67e-05
3.28e-01 2.83e-01 7.38e-03 2.80e-01 7.86e-03 8.94e-10 7.15e-04 3.72e-04 2.24e-04 8.79e-05 2.99e-05
3.22e-01 3.00e-01 1.82e-03 3.00e-01 1.85e-03 3.22e-17 3.55e-05 3.43e-05 3.43e-05 3.43e-05 1.38e-06
3.25e-01 3.89e-01 9.90e-02 4.70e-01 1.28e-01 1.46e-48 3.20e-05 4.32e-05 4.32e-05 2.69e-05 2.17e-06
3.34e-01 3.08e-01 5.43e-03 3.10e-01 5.76e-03 5.61e-08 6.34e-04 4.33e-04 4.33e-04 1.59e-04 4.14e-05
3.33e-01 4.01e-01 4.14e-03 4.00e-01 4.40e-03 2.99e-45 5.09e-13 6.13e-04 6.13e-04 6.13e-04 1.29e-04
3.23e-01 4.73e-01 2.02e-02 4.70e-01 2.04e-02 5.70e-11 1.60e-05 7.40e-04 6.77e-04 1.64e-04 1.23e-04
3.36e-01 3.54e-01 4.82e-03 3.50e-01 6.05e-03 6.11e-14 6.11e-14 5.14e-04 3.00e-04 3.00e-04 3.00e-04
3.14e-01 3.87e-01 5.33e-03 3.90e-01 6.09e-03 7.72e-36 1.18e-21 5.94e-04 2.92e-04 2.92e-04 2.98e-05
3.35e-01 3.34e-01 7.03e-03 3.30e-01 8.00e-03 4.26e-04 7.37e-04 4.74e-04 3.76e-04 3.76e-04 4.05e-05
3.23e-01 3.20e-01 7.00e-05 3.20e-01 7.00e-05 2.76e-05 3.98e-05 3.98e-05 3.98e-05 3.98e-05 3.98e-05
3.35e-01 2.84e-01 6.91e-02 2.60e-01 7.31e-02 1.84e-12 7.45e-04 3.32e-04 1.69e-04 1.69e-04 1.34e-05
3.18e-01 3.32e-01 6.02e-03 3.30e-01 6.27e-03 5.64e-05 5.69e-05 4.74e-04 1.93e-04 1.93e-04 7.38e-05
3.03e-01 4.15e-01 2.09e-02 4.20e-01 2.14e-02 1.61e-15 1.28e-05 6.42e-04 3.03e-04 3.03e-04 6.13e-05
3.19e-01 3.95e-01 7.21e-03 3.90e-01 8.70e-03 2.06e-23 5.92e-11 5.94e-04 5.91e-04 5.91e-04 7.16e-05
3.34e-01 3.50e-01 1.49e-03 3.50e-01 1.51e-03 1.19e-07 1.19e-07 5.14e-04 5.14e-04 5.14e-04 5.14e-04
3.12e-01 3.42e-01 1.17e-02 3.40e-01 1.19e-02 3.40e-05 4.15e-05 4.84e-04 2.73e-04 1.64e-04 2.23e-05
3.33e-01 3.89e-01 5.10e-02 3.90e-01 5.10e-02 4.18e-11 4.24e-11 6.23e-04 3.51e-04 3.51e-04 3.13e-05
3.34e-01 3.40e-01 2.16e-03 3.40e-01 2.20e-03 1.89e-04 1.90e-04 4.94e-04 4.94e-04 4.94e-04 2.48e-05
3.19e-01 3.07e-01 4.54e-03 3.10e-01 5.39e-03 3.89e-05 6.11e-04 4.33e-04 4.33e-04 1.78e-04 1.78e-04
3.15e-01 3.44e-01 5.15e-03 3.40e-01 6.59e-03 2.47e-10 2.47e-10 4.94e-04 3.50e-04 3.50e-04 3.50e-04
3.04e-01 4.73e-01 3.23e-02 4.80e-01 3.29e-02 2.60e-19 2.42e-05 6.75e-04 4.14e-04 1.97e-04 5.09e-05
3.34e-01 3.78e-01 6.09e-03 3.80e-01 6.30e-03 2.38e-13 2.38e-13 5.74e-04 2.42e-04 2.42e-04 1.01e-04
3.12e-01 4.40e-01 1.88e-03 4.40e-01 1.91e-03 0.00e+00 0.00e+00 6.88e-04 6.88e-04 6.88e-04 2.42e-05
3.21e-01 2.90e-01 2.27e-05 2.90e-01 2.27e-05 1.09e-50 3.17e-05 3.17e-05 3.17e-05 3.17e-05 3.17e-05
3.32e-01 2.63e-01 8.26e-03 2.60e-01 8.94e-03 9.71e-16 7.31e-04 3.32e-04 2.47e-04 9.68e-05 5.01e-05
3.14e-01 3.83e-01 4.76e-03 3.80e-01 5.62e-03 1.69e-51 2.49e-29 5.74e-04 5.74e-04 2.57e-04 2.57e-04
3.33e-01 4.07e-01 1.36e-02 4.10e-01 1.39e-02 1.64e-09 1.30e-07 5.59e-04 2.89e-04 1.59e-04 3.50e-05
3.28e-01 4.21e-01 2.58e-01 4.30e-01 2.58e-01 1.66e-04 1.57e-03 4.56e-04 1.79e-04 1.04e-04 1.30e-05
3.32e-01 3.50e-01 4.54e-04 3.50e-01 4.54e-04 7.22e-18 7.22e-18 4.89e-05 4.89e-05 4.89e-05 4.89e-05
3.18e-01 2.50e-01 1.08e-03 2.50e-01 1.09e-03 7.44e-105 3.16e-04 3.12e-04 3.12e-04 3.12e-04 3.12e-04
3.10e-01 3.62e-01 9.18e-02 4.10e-01 1.03e-01 2.55e-18 3.17e-06 4.34e-06 1.00e-06 8.72e-07 1.74e-07
3.24e-01 4.71e-01 5.43e-03 4.70e-01 5.50e-03 7.77e-43 1.24e-11 7.40e-04 7.40e-04 2.01e-04 1.12e-04
3.18e-01 3.22e-01 4.07e-03 3.20e-01 4.58e-03 3.81e-04 3.81e-04 4.53e-04 4.53e-04 4.53e-04 1.21e-04
3.09e-01 3.50e-01 1.87e-05 3.50e-01 1.87e-05 1.98e-113 1.98e-113 4.89e-05 4.89e-05 4.89e-05 4.89e-05
3.37e-01 3.50e-01 1.27e-03 3.50e-01 1.28e-03 6.68e-07 6.68e-07 5.14e-04 5.14e-04 5.14e-04 5.14e-04
3.24e-01 3.11e-01 2.60e-03 3.10e-01 2.70e-03 1.71e-06 3.99e-05 3.70e-05 3.70e-05 3.70e-05 2.98e-06
3.26e-01 3.30e-01 3.51e-04 3.30e-01 3.51e-04 2.51e-05 2.51e-05 4.28e-05 4.28e-05 4.28e-05 4.28e-05
3.24e-01 3.56e-01 1.09e-02 3.60e-01 1.17e-02 1.59e-05 1.76e-05 5.34e-04 2.44e-04 1.80e-04 3.76e-05
3.07e-01 3.20e-01 1.06e-03 3.20e-01 1.07e-03 9.38e-17 9.38e-17 3.98e-05 3.98e-05 3.98e-05 3.98e-05
3.25e-01 3.87e-01 4.81e-03 3.90e-01 5.64e-03 1.44e-37 6.67e-32 5.94e-04 5.94e-04 2.63e-04 2.63e-04
3.25e-01 4.53e-01 9.64e-03 4.50e-01 1.00e-02 2.71e-19 1.13e-10 6.60e-04 3.12e-04 3.12e-04 2.98e-05
3.12e-01 1.47e+00 1.07e+00 4.00e-01 1.51e+00 2.30e-12 2.68e-08 1.23e-05 3.33e-06 1.72e-06 3.08e-07
3.27e-01 4.16e-01 2.80e-02 4.20e-01 2.84e-02 6.64e-20 1.87e-05 6.42e-04 6.42e-04 9.69e-05 7.75e-05
3.26e-01 2.81e-01 8.78e-03 2.80e-01 8.80e-03 1.19e-08 8.19e-04 3.72e-04 1.85e-04 1.85e-04 2.43e-05
3.21e-01 4.35e-01 2.04e-01 4.10e-01 2.05e-01 1.48e-19 4.45e-09 3.90e-06 1.29e-06 1.14e-06 3.92e-07
3.32e-01 3.14e-01 5.66e-03 3.10e-01 6.84e-03 6.97e-06 7.65e-04 4.33e-04 3.00e-04 3.00e-04 2.39e-05
3.06e-01 2.90e-01 7.81e-04 2.90e-01 7.84e-04 1.19e-15 3.19e-05 3.17e-05 3.17e-05 3.17e-05 3.17e-05
3.23e-01 3.86e-01 5.13e-03 3.90e-01 6.79e-03 4.08e-34 1.47e-23 5.94e-04 4.83e-04 4.83e-04 4.83e-04
3.28e-01 2.39e-01 1.02e-02 2.40e-01 1.02e-02 1.28e-15 7.38e-04 2.93e-04 1.60e-04 1.60e-04 3.53e-05
3.15e-01 3.96e-01 4.86e-03 4.00e-01 6.18e-03 1.03e-202 5.18e-12 6.13e-04 3.82e-04 3.82e-04 3.82e-04
3.23e-01 2.92e-01 4.18e-03 2.90e-01 4.75e-03 4.06e-18 4.09e-05 3.17e-05 3.17e-05 9.24e-06 9.24e-06
3.25e-01 2.96e-01 5.03e-03 3.00e-01 6.72e-03 8.50e-12 7.50e-04 4.13e-04 3.36e-04 3.36e-04 3.36e-04
3.18e-01 1.74e+00 1.01e+00 3.90e-01 1.69e+00 4.73e-09 3.24e-07 9.58e-06 2.74e-06 2.30e-06 3.60e-07
3.36e-01 3.90e-01 4.44e-04 3.90e-01 4.44e-04 3.17e-45 3.17e-45 6.23e-04 6.23e-04 6.23e-04 6.23e-04
3.07e-01 4.96e-01 4.28e-01 4.10e-01 4.37e-01 5.95e-13 4.22e-08 1.16e-05 1.09e-05 3.79e-06 3.50e-07
3.26e-01 3.19e-01 6.34e-03 3.20e-01 6.44e-03 2.49e-04 6.91e-04 4.53e-04 1.75e-04 1.75e-04 1.00e-04
3.23e-01 2.68e-01 4.24e-03 2.70e-01 4.85e-03 7.57e-70 4.60e-04 3.52e-04 3.52e-04 1.10e-04 1.10e-04
3.30e-01 2.56e-01 6.24e-03 2.60e-01 7.68e-03 1.63e-28 6.91e-04 3.32e-04 3.12e-04 3.12e-04 1.67e-05
3.27e-01 5.40e-01 5.67e-01 3.80e-01 5.89e-01 1.64e-06 2.05e-06 2.66e-04 1.25e-04 1.25e-04 3.00e-06
3.07e-01 3.56e-01 1.72e-01 4.20e-01 1.84e-01 5.89e-13 1.70e-05 2.10e-05 9.60e-06 3.06e-06 7.39e-07
3.22e-01 3.40e-01 3.92e-04 3.40e-01 3.93e-04 6.86e-11 6.86e-11 4.58e-05 4.58e-05 4.58e-05 4.58e-05
3.35e-01 3.80e-01 2.15e-03 3.80e-01 2.17e-03 2.48e-36 2.48e-36 5.74e-04 5.74e-04 5.74e-04 2.31e-05
3.08e-01 1.33e+00 1.06e+00 4.00e-01 1.41e+00 3.26e-13 3.21e-10 1.32e-05 3.52e-06 2.35e-06 3.13e-07
3.08e-01 3.67e-01 5.95e-03 3.70e-01 6.61e-03 2.80e-21 2.80e-21 5.54e-04 3.18e-04 3.18e-04 6.13e-05
3.15e-01 3.39e-01 6.47e-03 3.40e-01 6.54e-03 2.70e-06 2.70e-06 4.94e-04 1.94e-04 1.94e-04 1.19e-04
3.13e-01 3.88e-01 4.30e-03 3.90e-01 4.85e-03 3.05e-62 4.60e-24 5.94e-04 5.94e-04 1.79e-04 1.79e-04
3.33e-01 2.84e-01 4.91e-03 2.80e-01 6.38e-03 2.72e-82 4.92e-05 2.92e-05 2.01e-05 2.01e-05 2.01e-05
3.22e-01 3.70e-01 5.57e-04 3.70e-01 5.57e-04 5.15e-54 1.73e-15 5.54e-04 5.54e-04 5.54e-04 5.54e-04
3.04e-01 2.90e-01 3.43e-04 2.90e-01 3.44e-04 1.01e-12 3.17e-05 3.17e-05 3.17e-05 3.17e-05 3.17e-05
3.31e-01 3.69e-01 3.77e-03 3.70e-01 3.83e-03 6.57e-14 6.57e-14 5.54e-04 5.54e-04 5.54e-04 2.51e-05
3.23e-01 2.50e-01 1.82e-03 2.50e-01 1.82e-03 2.69e-64 3.23e-04 3.12e-04 3.12e-04 3.12e-04 3.12e-04
3.23e-01 2.75e-01 5.26e-03 2.80e-01 7.02e-03 2.84e-21 7.15e-04 3.72e-04 3.33e-04 3.33e-04 3.33e-04
3.06e-01 2.98e-01 1.28e-02 3.00e-01 1.29e-02 3.27e-04 1.12e-03 3.44e-04 1.56e-04 1.56e-04 2.07e-05
3.08e-01 3.12e-01 8.07e-03 3.10e-01 8.21e-03 3.82e-04 5.23e-04 4.33e-04 2.55e-04 1.59e-04 3.26e-05
3.27e-01 3.60e-01 1.99e-05 3.60e-01 1.99e-05 2.70e-61 2.70e-61 5.21e-05 5.21e-05 5.21e-05 5.21e-05
3.19e-01 4.16e-01 5.14e-03 4.20e-01 6.40e-03 1.13e-64 9.17e-16 6.51e-04 4.32e-04 4.32e-04 4.32e-04
3.17e-01 4.15e-01 2.19e-02 4.10e-01 2.24e-02 3.37e-30 2.65e-08 1.26e-06 1.15e-06 1.15e-06 3.18e-08
3.35e-01 5.61e-01 6.59e-01 2.80e-01 7.16e-01 1.76e-05 2.82e-04 3.32e-05 1.50e-05 8.94e-06 7.77e-07
3.18e-01 3.20e-01 1.12e-03 3.20e-01 1.13e-03 3.36e-05 3.36e-05 3.98e-05 3.98e-05 3.98e-05 3.98e-05
3.27e-01 4.17e-01 1.88e-02 4.20e-01 1.90e-02 7.70e-09 2.34e-05 6.51e-04 3.34e-04 3.34e-04 7.20e-05
3.24e-01 3.00e-01 2.58e-04 3.00e-01 2.59e-04 1.56e-19 3.43e-05 3.43e-05 3.43e-05 3.43e-05 3.43e-05
3.10e-01 4.13e-01 8.05e-03 4.10e-01 8.63e-03 5.96e-40 2.10e-07 6.32e-04 4.64e-04 1.59e-04 6.35e-05
3.24e-01 3.91e-01 2.64e-03 3.90e-01 2.74e-03 3.54e-150 3.54e-150 6.24e-05 6.24e-05 6.24e-05 5.33e-06
3.15e-01 3.10e-01 6.06e-04 3.10e-01 6.07e-04 1.77e-05 3.71e-05 3.70e-05 3.70e-05 3.70e-05 3.70e-05
3.03e-01 6.14e-01 6.10e-01 4.00e-01 6.47e-01 5.70e-10 4.04e-08 4.02e-05 1.03e-05 7.86e-06 8.98e-07
3.30e-01 3.64e-01 8.36e-03 3.60e-01 9.10e-03 8.03e-07 8.25e-07 5.34e-04 4.19e-04 1.45e-04 8.59e-05
3.26e-01 4.60e-01 4.72e-02 4.30e-01 5.57e-02 2.31e-07 5.58e-06 4.82e-04 2.28e-04 1.84e-04 3.01e-05
3.10e-01 4.72e-01 1.31e-01 4.60e-01 1.32e-01 2.30e-10 4.34e-07 2.34e-05 1.04e-05 7.00e-06 2.00e-06
3.11e-01 2.45e-01 6.53e-02 2.20e-01 7.00e-02 1.54e-08 7.91e-04 1.88e-04 7.30e-05 6.66e-05 1.28e-05
3.12e-01 5.79e-01 4.61e-01 4.30e-01 4.85e-01 9.75e-06 4.94e-05 2.83e-04 1.53e-04 6.79e-05 3.88e-06
