1.04e+00 9.92e-01 1.57e-02 9.90e-01 1.58e-02 9.58e-04 1.95e+00 4.58e-01 2.51e-01 1.89e-01 1.55e-02
1.03e+00 1.06e+00 3.53e-02 1.05e+00 3.57e-02 6.55e-01 1.85e+00 6.74e-01 3.12e-01 1.58e-01 2.13e-02
1.05e+00 1.92e-01 4.83e-01 3.00e-02 5.09e-01 5.52e-36 1.06e-06 1.94e-07 8.25e-08 8.25e-08 3.49e-09
1.01e+00 1.02e+00 1.29e-02 1.02e+00 1.30e-02 7.13e-01 1.29e+00 6.40e-01 6.40e-01 2.20e-01 3.66e-02
1.05e+00 1.01e+00 8.48e-03 1.01e+00 8.99e-03 2.28e-05 2.58e-01 1.13e-01 8.74e-02 3.75e-02 1.70e-02
1.02e+00 1.02e+00 3.79e-03 1.02e+00 3.97e-03 8.40e-02 1.13e-01 1.06e-01 1.06e-01 1.06e-01 1.76e-02
1.05e+00 9.46e-01 5.01e-02 9.60e-01 5.20e-02 1.60e-01 2.31e+01 1.59e+00 6.31e-01 3.85e-01 5.92e-02
1.02e+00 1.09e+00 2.70e-02 1.09e+00 2.73e-02 1.01e-02 1.31e-02 3.15e-01 1.74e-01 1.03e-01 1.68e-02
1.02e+00 1.33e+00 1.21e-01 1.35e+00 1.23e-01 3.59e-11 1.13e-04 1.30e-03 6.31e-04 3.15e-04 3.94e-05
1.04e+00 1.07e+00 2.26e-02 1.06e+00 2.40e-02 2.75e-01 4.60e-01 4.25e-01 1.92e-01 1.32e-01 1.44e-02
1.03e+00 1.02e+00 6.08e-02 1.03e+00 6.12e-02 9.06e-01 7.30e+00 7.20e-01 2.82e-01 1.69e-01 1.82e-02
1.02e+00 5.98e-02 4.56e-02 7.00e-02 4.67e-02 7.18e-26 1.57e-04 3.05e-05 1.77e-05 6.84e-06 1.75e-06
1.03e+00 1.17e+00 5.09e-03 1.17e+00 5.68e-03 1.22e-101 1.22e-101 3.99e-02 3.99e-02 1.54e-02 1.81e-03
1.05e+00 1.02e+00 2.37e-02 1.03e+00 2.43e-02 5.95e-01 5.24e+00 8.27e-01 3.26e-01 3.00e-01 3.10e-02
1.03e+00 9.41e-01 1.15e-02 9.40e-01 1.16e-02 9.27e-10 2.09e+00 7.25e-01 4.33e-01 1.86e-01 2.91e-02
1.05e+00 1.12e+00 8.53e-03 1.12e+00 9.08e-03 3.53e-15 3.53e-15 5.01e-02 2.69e-02 1.31e-02 8.31e-03
1.03e+00 1.16e+00 6.10e-02 1.19e+00 6.65e-02 1.15e-03 2.38e-03 6.14e-03 1.72e-03 1.04e-03 1.99e-04
1.03e+00 9.57e-01 9.63e-03 9.60e-01 1.01e-02 1.02e-12 7.01e-01 2.64e-01 1.17e-01 1.17e-01 1.86e-02
1.03e+00 9.61e-01 1.32e-02 9.60e-01 1.32e-02 1.19e-05 2.61e+00 6.14e-01 2.66e-01 2.19e-01 5.08e-02
1.02e+00 1.02e+00 2.17e-02 1.02e+00 2.20e-02 8.70e-01 2.10e+00 8.45e-01 3.03e-01 2.16e-01 2.88e-02
1.05e+00 9.69e-01 2.07e-02 9.70e-01 2.07e-02 1.09e-03 4.88e+00 7.99e-01 3.39e-01 3.05e-01 4.84e-02
1.02e+00 1.66e+00 1.17e-03 1.66e+00 1.17e-03 0.00e+00 0.00e+00 9.98e-07 9.98e-07 9.98e-07 9.98e-07
1.04e+00 1.19e+00 1.32e-02 1.19e+00 1.34e-02 4.76e-24 4.77e-24 5.08e-02 2.53e-02 1.41e-02 3.01e-03
1.02e+00 1.02e+00 4.25e-03 1.02e+00 4.86e-03 1.00e-01 1.00e-01 1.21e-01 1.21e-01 3.76e-02 3.76e-02
1.02e+00 9.07e-01 5.25e-02 9.00e-01 5.30e-02 2.86e-02 1.47e+01 1.28e+00 6.02e-01 3.17e-01 2.38e-02
1.02e+00 9.47e-01 1.17e-02 9.50e-01 1.20e-02 1.10e-07 2.04e+00 6.92e-01 3.79e-01 2.29e-01 4.52e-02
1.01e+00 9.36e-01 3.96e-02 9.50e-01 4.20e-02 3.27e-01 2.70e+01 2.25e+00 9.76e-01 7.18e-01 1.15e-01
1.05e+00 1.04e+00 2.06e-02 1.04e+00 2.06e-02 6.71e-01 3.58e+00 8.11e-01 2.90e-01 2.36e-01 1.81e-02
1.03e+00 1.15e+00 6.75e-03 1.15e+00 8.28e-03 8.82e-52 8.82e-52 9.84e-02 8.50e-02 8.50e-02 9.39e-03
9.98e-01 9.46e-01 4.91e-03 9.50e-01 6.05e-03 8.27e-26 1.58e+00 1.01e+00 5.60e-01 5.60e-01 5.60e-01
1.02e+00 1.00e+00 1.40e-02 1.00e+00 1.45e-02 6.86e-01 3.66e+00 1.03e+00 6.48e-01 2.70e-01 7.26e-02
1.04e+00 1.01e+00 4.35e-02 1.01e+00 4.35e-02 3.77e-01 4.03e+00 4.33e-01 1.76e-01 1.06e-01 1.04e-02
1.03e+00 9.29e-01 7.39e-03 9.30e-01 7.47e-03 1.33e-69 2.52e+00 1.41e+00 5.76e-01 4.48e-01 7.82e-02
1.05e+00 9.58e-01 3.99e-02 9.60e-01 4.00e-02 1.14e-01 2.14e+01 2.13e+00 7.71e-01 4.35e-01 7.46e-02
1.04e+00 1.25e+00 2.51e-02 1.25e+00 2.53e-02 2.55e-08 4.86e-08 2.34e-03 1.14e-03 7.35e-04 5.77e-05
1.03e+00 1.89e+00 4.28e-03 1.89e+00 4.77e-03 0.00e+00 2.51e-187 1.22e-09 1.22e-09 1.22e-09 3.07e-10
1.03e+00 1.88e+00 6.99e-03 1.89e+00 8.87e-03 0.00e+00 1.54e-100 1.22e-09 8.34e-10 8.34e-10 1.59e-10
1.03e+00 9.98e-01 2.23e-02 1.00e+00 2.24e-02 6.00e-01 8.69e+00 1.41e+00 6.06e-01 3.94e-01 4.73e-02
1.02e+00 3.05e-01 6.07e-01 6.00e-02 6.54e-01 2.05e-42 2.62e-07 5.04e-08 1.78e-08 1.64e-08 8.08e-10
1.04e+00 1.05e+00 2.68e-02 1.04e+00 2.73e-02 8.07e-01 2.37e+00 7.37e-01 3.03e-01 1.69e-01 2.17e-02
1.01e+00 9.53e-01 4.86e-02 9.60e-01 4.91e-02 1.12e+00 2.32e+01 1.95e+00 7.81e-01 4.53e-01 6.30e-02
1.02e+00 1.02e+00 2.22e-02 1.02e+00 2.25e-02 1.04e+00 3.67e+00 7.84e-01 4.60e-01 2.35e-01 3.66e-02
1.03e+00 9.55e-01 6.37e-03 9.50e-01 8.36e-03 7.03e-22 4.30e-01 1.99e-01 1.98e-01 1.98e-01 1.10e-02
1.03e+00 1.05e+00 2.96e-02 1.04e+00 3.04e-02 7.27e-01 1.94e+00 7.20e-01 3.65e-01 1.69e-01 2.67e-02
1.06e+00 1.03e+00 1.12e-01 9.60e-01 1.34e-01 3.51e-04 1.23e+00 1.98e-01 5.55e-02 2.89e-02 4.82e-03
1.02e+00 1.03e+00 2.47e-02 1.02e+00 2.57e-02 9.23e-01 2.72e+00 7.10e-01 2.80e-01 1.73e-01 2.80e-02
1.03e+00 9.94e-01 2.14e-02 9.90e-01 2.17e-02 4.35e-01 8.56e+00 1.36e+00 8.35e-01 4.25e-01 5.41e-02
1.05e+00 1.18e+00 8.68e-03 1.18e+00 9.09e-03 2.81e-38 2.81e-38 7.28e-02 5.64e-02 2.71e-02 2.93e-03
1.02e+00 9.38e-01 2.83e-02 9.50e-01 3.05e-02 2.03e-02 2.06e+01 2.62e+00 1.03e+00 6.62e-01 8.07e-02
1.05e+00 1.15e+00 3.16e-02 1.15e+00 3.18e-02 1.97e-03 3.19e-03 1.23e-01 5.51e-02 3.23e-02 4.73e-03
1.03e+00 1.13e+00 1.49e-02 1.13e+00 1.49e-02 1.06e-09 1.06e-09 1.36e-01 7.48e-02 5.44e-02 4.73e-03
1.01e+00 1.01e+00 1.30e-02 1.01e+00 1.32e-02 9.60e-01 2.19e+00 8.15e-01 4.18e-01 2.24e-01 3.48e-02
1.03e+00 1.02e+00 3.89e-02 1.02e+00 3.89e-02 1.27e+00 7.84e+00 1.09e+00 5.29e-01 2.81e-01 3.35e-02
1.01e+00 1.02e+00 4.81e-03 1.02e+00 5.77e-03 2.15e-01 2.23e-01 4.40e-01 4.40e-01 2.08e-01 2.08e-01
1.06e+00 1.02e+00 4.84e-03 1.02e+00 5.22e-03 1.87e-13 1.29e-01 9.47e-02 9.47e-02 2.95e-02 4.76e-03
1.05e+00 1.05e+00 1.09e-02 1.05e+00 1.13e-02 4.53e-01 7.00e-01 5.14e-01 2.66e-01 1.45e-01 3.10e-02
1.03e+00 8.62e-01 4.32e-02 8.40e-01 4.85e-02 7.32e-03 2.73e+01 2.07e+00 1.12e+00 5.59e-01 7.63e-02
1.01e+00 2.12e-01 6.53e-02 2.60e-01 8.10e-02 8.57e-05 3.45e+01 1.03e+01 2.37e+00 1.60e+00 1.55e-01
1.04e+00 1.76e+00 1.51e-01 1.68e+00 1.70e-01 6.21e-53 9.50e-11 6.77e-10 3.18e-10 2.72e-10 6.15e-11
1.02e+00 1.01e+00 5.49e-03 1.01e+00 5.60e-03 5.15e-02 2.22e-01 1.54e-01 1.54e-01 4.79e-02 2.32e-02
1.01e+00 1.05e+00 5.87e-03 1.05e+00 7.57e-03 1.85e-11 1.85e-11 4.13e-01 3.40e-01 3.40e-01 2.49e-02
1.05e+00 5.53e-02 1.18e-01 4.00e-02 1.19e-01 1.51e-35 4.26e-04 6.61e-05 4.85e-05 2.87e-05 1.97e-05
1.02e+00 1.00e+00 1.07e-02 1.00e+00 1.07e-02 2.17e-01 2.68e+00 9.67e-01 6.17e-01 2.33e-01 1.36e-01
1.01e+00 7.78e-02 1.15e-01 7.00e-02 1.15e-01 2.78e-12 1.45e-02 2.99e-03 1.57e-03 7.05e-04 2.04e-04
1.01e+00 1.01e+00 5.69e-03 1.01e+00 6.76e-03 1.30e-01 1.41e-01 1.36e-01 1.03e-01 1.03e-01 1.16e-02
1.05e+00 1.12e+00 5.81e-02 1.14e+00 6.14e-02 1.58e-02 1.28e-01 1.42e-01 6.55e-02 3.41e-02 4.48e-03
1.04e+00 9.64e-01 1.33e-02 9.60e-01 1.39e-02 3.61e-06 2.26e+00 5.97e-01 3.29e-01 1.30e-01 2.28e-02
1.05e+00 9.72e-01 6.10e-03 9.70e-01 6.41e-03 5.90e-28 2.90e-01 1.84e-01 7.59e-02 7.59e-02 2.69e-02
1.02e+00 9.67e-01 1.33e-02 9.70e-01 1.36e-02 8.06e-04 2.05e+00 5.38e-01 2.88e-01 1.47e-01 3.24e-02
1.05e+00 9.84e-01 5.81e-02 9.70e-01 5.97e-02 1.10e-01 6.78e+00 6.41e-01 3.36e-01 1.44e-01 8.01e-03
1.02e+00 1.12e+00 3.34e-02 1.12e+00 3.34e-02 3.83e-03 7.08e-03 1.65e-01 7.48e-02 4.00e-02 8.20e-03
1.04e+00 1.25e+00 4.62e-03 1.25e+00 4.62e-03 8.85e-137 8.85e-137 5.90e-03 5.90e-03 5.90e-03 7.11e-04
1.03e+00 8.58e-01 7.53e-02 8.20e-01 8.44e-02 1.18e-01 1.21e+01 1.35e+00 3.48e-01 1.98e-01 2.37e-02
1.00e+00 9.47e-01 8.62e-02 9.10e-01 9.40e-02 5.28e-09 2.13e+00 5.58e-01 1.77e-01 1.63e-01 2.08e-02
1.04e+00 1.07e+00 1.70e-02 1.07e+00 1.70e-02 1.42e-01 1.84e-01 4.31e-01 2.12e-01 1.05e-01 1.63e-02
1.06e+00 1.09e+00 2.56e-02 1.08e+00 2.62e-02 3.23e-01 6.52e-01 3.57e-01 1.90e-01 1.15e-01 2.59e-02
1.06e+00 9.90e-01 7.04e-03 9.90e-01 7.05e-03 4.44e-20 2.59e-01 1.48e-01 5.86e-02 4.82e-02 2.97e-03
1.03e+00 1.04e+00 3.43e-02 1.03e+00 3.47e-02 1.06e+00 4.48e+00 8.20e-01 3.96e-01 2.63e-01 3.21e-02
1.05e+00 1.02e+00 6.15e-03 1.02e+00 6.17e-03 9.83e-05 1.82e-01 1.16e-01 3.78e-02 3.78e-02 2.79e-02
1.04e+00 9.57e-01 4.45e-02 9.50e-01 4.50e-02 9.53e-02 8.28e+00 7.03e-01 2.89e-01 1.68e-01 1.92e-02
1.01e+00 1.01e+00 1.20e-02 1.01e+00 1.24e-02 8.98e-01 2.18e+00 7.77e-01 5.75e-01 3.68e-01 8.74e-02
1.06e+00 1.04e+00 3.31e-02 1.03e+00 3.52e-02 2.18e-02 2.47e-01 7.51e-02 3.22e-02 1.20e-02 1.65e-03
1.03e+00 7.95e-02 1.18e-01 7.00e-02 1.18e-01 5.45e-12 2.89e-02 6.36e-03 2.89e-03 1.45e-03 4.18e-04
1.02e+00 9.72e-01 4.48e-02 9.70e-01 4.48e-02 2.85e-01 6.90e+00 6.68e-01 2.89e-01 1.30e-01 1.22e-02
1.05e+00 9.43e-01 1.16e-01 8.30e-01 1.62e-01 4.74e-01 4.22e+00 6.53e-01 2.86e-01 1.92e-01 2.04e-02
1.03e+00 9.81e-01 2.31e-02 9.80e-01 2.32e-02 1.04e-01 4.99e+00 7.80e-01 3.71e-01 2.34e-01 3.41e-02
1.02e+00 1.13e+00 8.13e-03 1.14e+00 9.95e-03 1.49e-42 1.49e-42 1.12e-01 1.08e-01 3.14e-02 1.91e-02
1.05e+00 1.08e+00 7.75e-02 1.10e+00 8.03e-02 2.59e-01 1.71e+00 2.59e-01 1.07e-01 5.11e-02 8.24e-03
1.04e+00 9.50e-01 5.77e-02 9.70e-01 6.10e-02 5.47e-01 2.18e+01 1.26e+00 5.03e-01 3.26e-01 4.41e-02
1.05e+00 9.95e-01 1.06e-01 9.60e-01 1.12e-01 1.65e-02 1.26e+00 9.82e-02 3.73e-02 1.51e-02 1.81e-03
1.01e+00 1.90e+00 6.89e-03 1.90e+00 7.30e-03 0.00e+00 0.00e+00 8.85e-10 5.25e-10 5.25e-10 4.00e-11
1.02e+00 9.40e-01 1.22e-02 9.40e-01 1.22e-02 1.25e-07 2.56e+00 6.03e-01 5.94e-01 2.22e-01 4.28e-02
1.06e+00 1.12e+00 7.13e-03 1.12e+00 7.55e-03 1.87e-15 1.87e-15 3.07e-02 1.73e-02 1.73e-02 1.85e-03
1.02e+00 9.25e-01 1.02e-01 8.30e-01 1.39e-01 1.08e+00 2.85e+01 1.01e+00 4.92e-01 3.05e-01 4.47e-02
1.04e+00 9.83e-01 1.25e-02 9.80e-01 1.28e-02 3.14e-06 1.10e+00 2.90e-01 2.31e-01 1.37e-01 1.01e-02
1.01e+00 9.71e-01 3.65e-02 9.70e-01 3.65e-02 1.15e+00 1.80e+01 1.84e+00 8.78e-01 5.37e-01 4.88e-02
1.02e+00 9.53e-01 6.85e-02 9.70e-01 7.07e-02 3.26e-01 7.89e+00 6.03e-01 2.37e-01 1.01e-01 1.17e-02
1.02e+00 1.07e+00 5.12e-02 1.05e+00 5.44e-02 2.15e-02 4.25e-02 4.99e-02 1.88e-02 6.75e-03 1.17e-03
1.04e+00 9.53e-01 8.55e-02 9.70e-01 8.71e-02 7.51e-01 2.07e+01 8.68e-01 4.06e-01 2.14e-01 3.38e-02
1.03e+00 1.88e+00 8.04e-03 1.88e+00 8.20e-03 3.99e-278 1.39e-134 1.54e-09 1.23e-09 1.23e-09 1.16e-10
1.05e+00 9.73e-01 1.37e-02 9.70e-01 1.41e-02 2.24e-07 2.39e+00 5.80e-01 3.14e-01 1.68e-01 2.55e-02
1.02e+00 9.51e-01 2.59e-02 9.50e-01 2.59e-02 4.36e-02 6.93e+00 1.04e+00 4.99e-01 2.64e-01 2.35e-02
1.02e+00 1.88e+00 1.13e-02 1.88e+00 1.23e-02 8.94e-186 1.55e-90 1.68e-09 9.20e-10 6.50e-10 2.28e-10
1.03e+00 5.63e-02 1.36e-01 4.00e-02 1.36e-01 1.30e-32 3.75e-04 5.91e-05 4.06e-05 2.05e-05 1.88e-05
1.02e+00 9.59e-01 2.27e-02 9.60e-01 2.28e-02 5.68e-03 5.09e+00 1.01e+00 5.60e-01 2.74e-01 3.23e-02
1.02e+00 7.06e-01 8.89e-02 7.10e-01 8.90e-02 9.05e-04 2.43e+01 1.12e+00 4.31e-01 2.26e-01 2.12e-02
1.03e+00 9.58e-01 4.23e-02 9.50e-01 4.30e-02 1.31e-01 8.47e+00 8.60e-01 3.19e-01 1.68e-01 2.70e-02
1.05e+00 1.03e+00 3.56e-02 1.03e+00 3.59e-02 9.16e-01 8.24e+00 9.36e-01 4.98e-01 2.16e-01 3.00e-02
1.02e+00 9.45e-01 7.14e-03 9.50e-01 8.75e-03 2.11e-18 4.78e-01 2.13e-01 2.06e-01 2.06e-01 2.78e-02
1.03e+00 9.54e-01 1.03e-02 9.50e-01 1.12e-02 1.12e-09 1.17e+00 4.34e-01 1.68e-01 1.44e-01 2.18e-02
1.05e+00 1.19e+00 6.86e-03 1.19e+00 8.33e-03 3.26e-73 3.26e-73 5.41e-02 4.98e-02 4.98e-02 5.98e-03
1.04e+00 1.02e+00 4.85e-03 1.02e+00 5.35e-03 7.26e-03 1.32e-01 9.40e-02 9.40e-02 3.40e-02 4.25e-03
1.06e+00 1.13e+00 2.45e-02 1.14e+00 2.70e-02 1.04e-02 1.44e-02 1.96e-01 1.06e-01 3.99e-02 1.03e-02
1.04e+00 9.12e-01 4.01e-02 9.10e-01 4.01e-02 2.64e-02 1.33e+01 1.18e+00 5.37e-01 3.28e-01 2.98e-02
1.03e+00 8.99e-01 6.98e-02 8.90e-01 7.03e-02 1.19e-01 1.90e+01 1.28e+00 6.45e-01 2.69e-01 3.58e-02
1.05e+00 1.09e+00 1.53e-02 1.09e+00 1.53e-02 4.26e-03 4.47e-03 2.51e-01 1.20e-01 1.20e-01 1.26e-02
1.04e+00 1.03e+00 1.35e-02 1.03e+00 1.41e-02 7.20e-01 1.71e+00 7.03e-01 3.65e-01 1.38e-01 2.60e-02
1.03e+00 9.45e-01 1.12e-02 9.40e-01 1.22e-02 2.63e-08 1.81e+00 5.81e-01 2.70e-01 2.52e-01 5.34e-02
1.03e+00 8.85e-01 6.98e-02 9.20e-01 7.79e-02 8.36e-02 1.87e+01 8.95e-01 4.33e-01 2.22e-01 2.85e-02
1.04e+00 1.28e+00 6.13e-02 1.30e+00 6.61e-02 1.69e-06 6.81e-06 6.90e-04 3.15e-04 1.80e-04 3.24e-05
1.03e+00 1.21e+00 5.85e-03 1.21e+00 6.45e-03 3.97e-214 1.00e-212 1.95e-02 9.71e-03 9.71e-03 1.96e-03
1.03e+00 1.04e+00 5.31e-03 1.04e+00 5.54e-03 2.44e-01 2.66e-01 4.49e-01 4.49e-01 1.44e-01 4.51e-02
1.03e+00 1.89e+00 1.55e-02 1.89e+00 1.57e-02 0.00e+00 3.31e-37 1.23e-09 4.16e-10 1.92e-10 4.96e-11
1.04e+00 1.89e+00 6.12e-03 1.89e+00 7.63e-03 0.00e+00 0.00e+00 1.22e-09 7.55e-10 7.55e-10 9.20e-11
1.01e+00 9.56e-01 1.01e-02 9.60e-01 1.08e-02 3.12e-07 8.55e-01 3.03e-01 1.32e-01 8.98e-02 1.06e-02
1.02e+00 9.87e-01 3.21e-02 9.80e-01 3.29e-02 1.31e+00 1.32e+01 1.78e+00 7.77e-01 4.57e-01 4.86e-02
1.05e+00 1.02e+00 6.10e-02 1.04e+00 6.46e-02 6.98e-01 7.91e+00 6.29e-01 2.57e-01 1.46e-01 1.98e-02
1.03e+00 9.89e-01 3.66e-02 9.80e-01 3.76e-02 2.35e-01 5.26e+00 6.57e-01 3.32e-01 1.93e-01 1.55e-02
1.03e+00 1.24e+00 5.12e-03 1.24e+00 6.61e-03 2.79e-102 2.79e-102 6.85e-03 4.65e-03 4.65e-03 4.65e-03
1.04e+00 9.86e-01 2.44e-02 9.80e-01 2.51e-02 1.60e-01 1.27e+01 1.88e+00 8.39e-01 4.60e-01 7.16e-02
1.01e+00 9.28e-01 5.38e-03 9.30e-01 5.61e-03 5.08e-35 3.95e-01 2.77e-01 2.77e-01 8.90e-02 2.92e-02
1.05e+00 9.90e-01 1.23e-02 9.90e-01 1.23e-02 8.09e-05 3.87e+00 8.99e-01 8.73e-01 3.54e-01 8.23e-02
1.04e+00 1.00e+00 6.82e-02 9.80e-01 7.14e-02 1.13e-13 3.60e-01 1.48e-01 1.39e-01 4.55e-02 6.71e-03
1.02e+00 9.02e-01 3.11e-02 9.10e-01 3.22e-02 2.91e-04 3.70e+01 4.05e+00 1.91e+00 1.36e+00 2.14e-01
1.05e+00 1.01e+00 6.80e-03 1.01e+00 7.00e-03 9.57e-08 2.06e-01 1.17e-01 5.67e-02 5.67e-02 2.83e-02
1.05e+00 1.66e+00 2.56e-01 1.85e+00 3.18e-01 4.07e-28 3.45e-13 9.55e-10 4.64e-10 2.95e-10 4.22e-11
1.05e+00 1.02e+00 6.19e-03 1.02e+00 6.33e-03 6.10e-07 1.89e-01 1.16e-01 4.90e-02 4.90e-02 2.34e-02
1.05e+00 1.03e+00 3.40e-02 1.03e+00 3.41e-02 2.86e-01 2.51e+00 3.30e-01 1.50e-01 8.81e-02 8.81e-03
1.02e+00 1.04e+00 4.28e-03 1.04e+00 4.90e-03 3.23e-03 3.23e-03 2.66e-02 2.66e-02 8.42e-03 8.42e-03
1.04e+00 1.62e+00 4.79e-01 1.68e+00 4.83e-01 5.21e-48 2.13e-09 9.36e-10 4.72e-10 2.85e-10 5.24e-11
1.03e+00 9.92e-01 1.49e-02 9.90e-01 1.50e-02 9.91e-03 1.92e+00 4.49e-01 2.46e-01 1.85e-01 1.77e-02
1.01e+00 9.57e-01 1.37e-02 9.60e-01 1.40e-02 3.41e-04 2.70e+00 7.15e-01 3.58e-01 2.05e-01 5.32e-02
1.03e+00 8.69e-01 3.66e-03 8.70e-01 3.89e-03 4.50e-297 1.03e+00 8.79e-01 8.79e-01 8.79e-01 1.46e-01
1.05e+00 1.06e+00 2.25e-02 1.05e+00 2.32e-02 7.36e-01 1.96e+00 6.21e-01 3.47e-01 1.85e-01 2.26e-02
1.01e+00 9.96e-01 1.56e-02 1.00e+00 1.60e-02 1.05e+00 4.24e+00 1.21e+00 4.65e-01 3.64e-01 7.53e-02
1.06e+00 1.16e+00 9.26e-03 1.16e+00 9.30e-03 3.34e-23 3.34e-23 9.83e-02 5.33e-02 5.33e-02 7.90e-03
1.02e+00 9.52e-01 2.60e-02 9.50e-01 2.61e-02 5.50e-02 1.75e+01 2.42e+00 9.99e-01 6.17e-01 7.35e-02
1.03e+00 1.04e+00 3.53e-02 1.04e+00 3.55e-02 8.13e-01 2.62e+00 6.68e-01 2.73e-01 1.51e-01 2.10e-02
1.03e+00 9.87e-01 2.58e-02 9.80e-01 2.67e-02 4.52e-01 1.33e+01 1.87e+00 7.68e-01 5.63e-01 6.15e-02
1.03e+00 1.23e+00 5.21e-03 1.23e+00 6.18e-03 4.40e-222 1.89e-168 1.14e-02 6.56e-03 6.56e-03 6.56e-03
1.03e+00 9.48e-01 5.74e-03 9.50e-01 6.14e-03 2.11e-40 3.53e-01 2.28e-01 9.73e-02 9.73e-02 2.52e-02
1.06e+00 1.02e+00 1.17e-02 1.03e+00 1.27e-02 5.12e-03 4.13e-01 1.38e-01 6.24e-02 6.03e-02 1.18e-02
1.05e+00 1.09e+00 7.45e-03 1.09e+00 7.45e-03 7.95e-09 7.95e-09 2.45e-01 1.02e-01 1.01e-01 8.63e-03
1.03e+00 1.02e+00 1.55e-02 1.02e+00 1.56e-02 7.73e-01 2.93e+00 8.38e-01 4.54e-01 3.14e-01 3.75e-02
1.05e+00 1.07e+00 3.69e-02 1.06e+00 3.77e-02 5.88e-01 2.03e+00 5.49e-01 2.48e-01 1.67e-01 1.96e-02
1.02e+00 1.02e+00 1.15e-02 1.02e+00 1.16e-02 8.46e-01 1.47e+00 8.53e-01 4.54e-01 2.36e-01 3.43e-02
1.05e+00 9.68e-01 2.33e-02 9.70e-01 2.34e-02 6.38e-03 5.27e+00 7.85e-01 4.21e-01 2.11e-01 2.87e-02
1.05e+00 1.00e+00 2.61e-02 1.00e+00 2.61e-02 1.49e-02 3.36e+00 5.89e-01 2.57e-01 1.96e-01 1.35e-02
1.03e+00 9.50e-01 1.41e-02 9.50e-01 1.41e-02 1.95e-07 3.22e+00 7.11e-01 3.24e-01 3.20e-01 2.38e-02
1.04e+00 1.03e+00 1.75e-02 1.03e+00 1.75e-02 1.13e+00 3.66e+00 1.04e+00 4.74e-01 2.21e-01 3.16e-02
1.05e+00 1.89e+00 3.45e-03 1.89e+00 3.55e-03 0.00e+00 8.20e-139 1.22e-09 1.22e-09 1.22e-09 1.35e-10
1.01e+00 9.40e-01 1.65e-03 9.40e-01 1.66e-03 1.86e-117 1.84e-01 1.79e-01 1.79e-01 1.79e-01 1.79e-01
1.04e+00 1.89e+00 3.52e-03 1.89e+00 3.65e-03 0.00e+00 1.50e-140 1.22e-09 1.22e-09 1.22e-09 1.53e-10
1.02e+00 9.87e-01 1.24e-02 9.90e-01 1.28e-02 4.32e-02 4.26e+00 1.16e+00 6.23e-01 6.23e-01 5.24e-02
1.03e+00 8.45e-01 2.54e-02 8.30e-01 2.94e-02 4.85e-05 9.57e+00 1.65e+00 5.34e-01 4.10e-01 8.91e-02
1.03e+00 1.26e+00 3.93e-03 1.26e+00 4.18e-03 9.54e-265 9.54e-265 4.97e-03 4.97e-03 4.97e-03 9.75e-04
1.01e+00 5.97e-02 8.54e-02 7.00e-02 8.60e-02 1.73e-23 2.10e-04 3.37e-05 2.11e-05 1.17e-05 3.52e-06
1.03e+00 1.19e+00 1.59e-02 1.19e+00 1.60e-02 1.58e-18 1.58e-18 4.89e-02 3.02e-02 2.07e-02 1.96e-03
1.05e+00 1.07e+00 4.86e-02 1.06e+00 4.92e-02 6.63e-01 3.02e+00 5.36e-01 2.16e-01 1.20e-01 2.06e-02
1.05e+00 9.59e-01 5.81e-03 9.60e-01 5.87e-03 2.92e-46 3.56e-01 2.36e-01 7.47e-02 7.47e-02 4.50e-02
1.04e+00 9.79e-01 2.62e-02 9.70e-01 2.77e-02 1.46e-01 1.48e+01 1.80e+00 1.12e+00 6.83e-01 5.70e-02
1.02e+00 1.11e+00 7.95e-03 1.11e+00 7.95e-03 3.64e-35 3.64e-35 1.90e-01 8.88e-02 7.83e-02 8.60e-03
1.03e+00 1.01e+00 3.22e-02 1.01e+00 3.24e-02 1.22e+00 9.93e+00 1.25e+00 5.44e-01 3.34e-01 5.08e-02
1.04e+00 1.06e+00 2.56e-02 1.06e+00 2.57e-02 4.74e-01 1.03e+00 4.94e-01 3.26e-01 1.71e-01 2.44e-02
1.05e+00 1.12e+00 5.53e-02 1.15e+00 6.15e-02 1.34e-04 6.89e-03 5.85e-03 2.62e-03 1.16e-03 1.83e-04
1.03e+00 9.83e-01 4.41e-02 9.80e-01 4.42e-02 3.48e-01 6.11e+00 6.12e-01 2.83e-01 1.31e-01 1.41e-02
1.03e+00 9.13e-01 1.60e-02 9.20e-01 1.73e-02 1.79e-07 5.70e+00 1.36e+00 8.95e-01 3.51e-01 5.51e-02
1.02e+00 1.27e+00 7.07e-03 1.27e+00 7.38e-03 5.06e-98 2.06e-96 3.45e-03 1.89e-03 1.89e-03 1.56e-04
1.03e+00 1.05e+00 4.72e-03 1.05e+00 5.29e-03 4.39e-07 4.39e-07 1.87e-01 1.87e-01 6.47e-02 6.47e-02
1.04e+00 8.86e-01 1.53e-02 8.90e-01 1.59e-02 1.67e-12 5.85e+00 1.37e+00 7.31e-01 3.86e-01 8.03e-02
1.04e+00 1.02e+00 2.56e-02 1.02e+00 2.60e-02 2.94e-01 3.17e+00 4.89e-01 2.04e-01 1.19e-01 2.21e-02
1.02e+00 9.33e-01 4.64e-02 9.50e-01 4.95e-02 1.24e-01 9.96e+00 6.88e-01 3.12e-01 2.09e-01 2.99e-02
1.03e+00 1.08e+00 8.80e-01 3.00e-02 1.37e+00 3.65e-49 8.63e-09 1.23e-09 6.39e-10 4.12e-10 5.88e-11
1.03e+00 9.46e-01 1.33e-02 9.50e-01 1.38e-02 1.59e-07 2.74e+00 7.50e-01 3.83e-01 3.83e-01 4.03e-02
1.05e+00 1.18e+00 8.00e-03 1.18e+00 8.35e-03 2.82e-45 2.82e-45 7.17e-02 4.97e-02 2.34e-02 6.84e-03
1.02e+00 9.76e-01 2.87e-02 9.70e-01 2.92e-02 2.14e-01 5.71e+00 7.19e-01 3.72e-01 2.08e-01 2.60e-02
1.02e+00 9.50e-01 1.36e-02 9.50e-01 1.36e-02 3.81e-06 2.83e+00 6.51e-01 2.79e-01 2.70e-01 6.86e-02
1.02e+00 1.03e+00 5.76e-02 1.00e+00 6.44e-02 7.14e-02 5.59e-01 8.12e-02 2.05e-02 1.31e-02 2.33e-03
1.03e+00 1.25e+00 4.24e-03 1.25e+00 4.73e-03 7.28e-228 7.28e-228 5.85e-03 5.85e-03 1.65e-03 1.65e-03
1.03e+00 1.87e+00 3.12e-02 1.89e+00 3.99e-02 5.38e-125 2.90e-18 5.50e-10 1.65e-10 1.03e-10 1.42e-11
1.03e+00 9.66e-01 4.35e-02 9.60e-01 4.39e-02 4.48e-03 5.56e+00 9.57e-01 3.66e-01 3.60e-01 2.15e-02
1.04e+00 1.03e+00 3.53e-02 1.02e+00 3.59e-02 1.01e+00 7.51e+00 1.06e+00 4.82e-01 2.32e-01 4.88e-02
1.02e+00 9.16e-01 5.80e-03 9.20e-01 7.09e-03 2.54e-49 5.53e-01 3.09e-01 2.19e-01 2.19e-01 1.55e-02
1.05e+00 1.00e+00 1.32e-02 1.00e+00 1.32e-02 1.19e-04 7.69e-01 1.74e-01 7.64e-02 7.64e-02 1.41e-02
1.04e+00 1.09e+00 2.88e-02 1.09e+00 2.88e-02 7.96e-02 1.20e-01 3.89e-01 1.77e-01 1.03e-01 1.26e-02
1.05e+00 1.89e+00 2.86e-03 1.89e+00 2.99e-03 0.00e+00 0.00e+00 1.22e-09 1.22e-09 1.22e-09 1.17e-10
1.05e+00 1.01e+00 6.75e-03 1.01e+00 6.75e-03 5.82e-07 1.99e-01 1.17e-01 4.13e-02 3.78e-02 3.78e-02
1.05e+00 1.10e+00 5.16e-02 1.09e+00 5.26e-02 2.55e-01 8.75e-01 2.99e-01 1.53e-01 7.22e-02 1.06e-02
1.05e+00 1.00e+00 4.10e-02 1.00e+00 4.12e-02 1.59e-01 4.84e+00 5.02e-01 2.09e-01 1.20e-01 1.49e-02
1.03e+00 9.03e-01 6.17e-02 9.50e-01 7.74e-02 2.03e-01 4.25e+01 2.49e+00 1.30e+00 8.70e-01 1.53e-01
1.02e+00 9.46e-01 4.83e-03 9.50e-01 6.04e-03 3.10e-102 1.59e+00 1.01e+00 5.79e-01 5.79e-01 5.79e-01
1.01e+00 1.00e+00 1.95e-02 1.01e+00 2.04e-02 1.13e+00 3.86e+00 8.79e-01 4.68e-01 2.68e-01 2.85e-02
1.02e+00 9.72e-01 2.59e-02 9.70e-01 2.60e-02 3.41e-02 4.61e+00 8.12e-01 5.46e-01 2.51e-01 2.90e-02
1.04e+00 1.25e+00 1.05e-02 1.25e+00 1.06e-02 7.00e-31 7.02e-31 1.20e-02 6.97e-03 6.97e-03 4.21e-04
1.04e+00 9.24e-01 6.87e-02 9.40e-01 7.05e-02 6.67e-02 1.15e+01 6.99e-01 2.79e-01 1.60e-01 1.37e-02
1.04e+00 9.45e-01 7.48e-02 9.30e-01 7.63e-02 7.11e-02 3.54e+00 2.29e-01 7.00e-02 4.51e-02 6.22e-03
1.02e+00 1.07e+00 4.48e-02 1.06e+00 4.72e-02 2.68e-01 7.67e-01 5.26e-01 2.22e-01 1.43e-01 1.58e-02
1.03e+00 9.62e-01 1.29e-02 9.60e-01 1.31e-02 1.02e-06 2.28e+00 5.79e-01 2.74e-01 2.74e-01 2.78e-02
1.04e+00 1.85e+00 4.85e-02 1.89e+00 6.12e-02 1.56e-105 1.71e-17 4.18e-10 1.56e-10 1.02e-10 1.07e-11
1.01e+00 1.12e+00 1.13e-02 1.12e+00 1.18e-02 4.88e-21 4.88e-21 1.67e-01 7.90e-02 6.22e-02 1.01e-02
1.03e+00 1.09e+00 6.31e-02 1.07e+00 6.59e-02 3.36e-03 7.97e-03 3.84e-03 1.59e-03 8.07e-04 1.47e-04
1.03e+00 9.62e-01 1.25e-02 9.60e-01 1.26e-02 2.07e-06 2.26e+00 5.75e-01 4.97e-01 2.43e-01 2.82e-02
1.03e+00 1.04e+00 7.44e-03 1.04e+00 8.16e-03 3.68e-01 4.38e-01 5.03e-01 3.62e-01 3.62e-01 4.81e-02
1.03e+00 8.79e-01 1.48e-01 9.50e-01 1.64e-01 2.50e-01 1.26e+01 4.81e-01 1.32e-01 8.13e-02 1.02e-02
1.05e+00 1.07e+00 4.27e-02 1.05e+00 4.57e-02 3.04e-02 5.82e-02 2.20e-02 1.18e-02 5.54e-03 9.23e-04
1.03e+00 1.01e+00 2.58e-02 1.02e+00 2.66e-02 1.20e+00 6.39e+00 1.00e+00 5.14e-01 3.71e-01 7.16e-02
1.01e+00 1.89e+00 2.11e-03 1.89e+00 2.13e-03 0.00e+00 2.38e-280 1.22e-09 1.22e-09 1.22e-09 4.91e-11
1.04e+00 9.57e-01 6.80e-03 9.60e-01 7.42e-03 1.28e-25 3.76e-01 1.93e-01 1.39e-01 1.39e-01 6.78e-03
1.02e+00 1.15e+00 4.40e-02 1.16e+00 4.57e-02 7.73e-04 2.46e-03 1.10e-02 3.91e-03 1.70e-03 1.89e-04
1.02e+00 1.06e+00 2.93e-02 1.05e+00 3.04e-02 3.15e-01 6.33e-01 6.55e-01 3.32e-01 1.78e-01 2.37e-02
1.05e+00 1.13e+00 8.52e-03 1.12e+00 9.92e-03 1.56e-12 1.56e-12 5.64e-02 5.39e-02 1.47e-02 1.16e-02
1.03e+00 1.85e+00 2.50e-02 1.85e+00 2.54e-02 2.52e-88 3.09e-18 9.16e-10 4.85e-10 3.53e-10 4.19e-11
1.03e+00 1.89e+00 4.34e-03 1.89e+00 4.56e-03 0.00e+00 4.59e-169 1.22e-09 1.22e-09 1.22e-09 4.29e-11
1.01e+00 1.03e+00 4.21e-02 1.02e+00 4.43e-02 1.17e+00 4.45e+00 9.63e-01 3.65e-01 2.52e-01 3.15e-02
1.02e+00 1.17e+00 6.04e-03 1.17e+00 6.37e-03 3.04e-22 3.09e-22 1.52e-04 6.73e-05 6.73e-05 2.14e-05
1.03e+00 1.01e+00 3.35e-02 1.01e+00 3.36e-02 4.64e-01 3.16e+00 4.50e-01 2.08e-01 1.17e-01 1.14e-02
1.05e+00 9.88e-01 1.50e-02 9.90e-01 1.51e-02 1.28e-04 2.00e+00 4.44e-01 2.55e-01 1.94e-01 2.13e-02
1.02e+00 1.89e+00 2.44e-03 1.89e+00 2.44e-03 0.00e+00 2.67e-256 1.22e-09 1.22e-09 1.22e-09 5.52e-11
1.01e+00 9.60e-01 1.33e-02 9.60e-01 1.33e-02 7.14e-04 2.45e+00 5.91e-01 2.37e-01 2.37e-01 5.47e-02
1.03e+00 1.25e+00 1.03e-02 1.25e+00 1.08e-02 1.71e-37 1.72e-37 1.15e-02 4.95e-03 3.22e-03 1.21e-03
1.04e+00 1.07e+00 3.43e-02 1.07e+00 3.46e-02 3.65e-01 8.48e-01 4.85e-01 2.47e-01 1.62e-01 1.76e-02
1.05e+00 1.90e+00 6.03e-03 1.89e+00 7.89e-03 0.00e+00 0.00e+00 1.22e-09 8.89e-10 8.89e-10 1.23e-10
1.01e+00 9.35e-01 7.15e-03 9.40e-01 8.54e-03 5.28e-23 5.23e-01 2.36e-01 2.23e-01 2.23e-01 2.84e-02
1.02e+00 3.76e-01 5.79e-01 7.00e-02 6.55e-01 9.47e-18 1.63e-04 2.52e-05 7.26e-06 7.26e-06 6.75e-07
1.03e+00 9.92e-01 5.94e-02 9.80e-01 6.07e-02 1.67e-01 3.30e+00 2.80e-01 1.14e-01 4.89e-02 6.99e-03
1.01e+00 1.54e+00 4.74e-01 1.66e+00 4.90e-01 9.59e-47 6.56e-08 5.64e-08 1.94e-08 9.52e-09 1.70e-09
1.04e+00 1.07e+00 6.37e-03 1.07e+00 6.39e-03 4.02e-04 4.02e-04 1.96e-01 5.80e-02 4.92e-02 4.92e-02
1.05e+00 1.06e+00 3.00e-02 1.05e+00 3.11e-02 8.56e-01 2.86e+00 7.24e-01 3.45e-01 1.81e-01 2.59e-02
1.01e+00 9.57e-01 2.65e-02 9.60e-01 2.67e-02 1.27e-01 6.40e+00 9.06e-01 4.32e-01 2.39e-01 2.08e-02
1.03e+00 9.75e-01 2.26e-02 9.70e-01 2.32e-02 4.46e-02 5.08e+00 7.39e-01 4.88e-01 2.60e-01 4.03e-02
1.02e+00 1.15e+00 1.51e-02 1.14e+00 1.73e-02 4.30e-11 4.31e-11 5.52e-02 2.27e-02 2.16e-02 2.59e-03
1.03e+00 1.32e+00 1.52e-02 1.33e+00 2.11e-02 7.94e-259 3.08e-221 1.50e-03 1.17e-03 4.74e-04 7.53e-05
1.03e+00 9.38e-01 1.43e-02 9.40e-01 1.43e-02 3.65e-08 3.44e+00 7.71e-01 3.70e-01 2.95e-01 4.50e-02
1.05e+00 1.09e+00 6.59e-02 1.02e+00 9.85e-02 5.03e-04 2.12e-02 6.42e-03 2.51e-03 1.50e-03 2.61e-04
1.01e+00 1.03e+00 5.35e-03 1.03e+00 6.53e-03 7.01e-03 7.02e-03 5.01e-01 3.30e-01 3.30e-01 1.76e-02
1.02e+00 1.87e+00 1.07e-02 1.86e+00 1.26e-02 1.10e-159 3.22e-113 2.74e-09 1.68e-09 1.14e-09 3.03e-10
1.01e+00 1.04e+00 5.16e-01 1.33e+00 5.94e-01 1.25e-07 3.41e-04 6.37e-05 2.28e-05 1.48e-05 2.00e-06
1.01e+00 9.27e-01 9.84e-03 9.30e-01 1.04e-02 6.90e-13 7.47e-01 2.99e-01 1.28e-01 1.28e-01 1.20e-02
1.01e+00 9.08e-01 9.21e-02 8.30e-01 1.21e-01 1.13e+00 3.74e+01 1.38e+00 6.42e-01 3.59e-01 5.66e-02
1.02e+00 9.10e-01 5.73e-02 9.40e-01 6.47e-02 3.05e-03 9.46e+00 1.09e+00 4.09e-01 2.14e-01 3.25e-02
1.02e+00 9.32e-01 1.42e-02 9.30e-01 1.44e-02 1.10e-09 3.62e+00 9.60e-01 5.13e-01 2.76e-01 2.51e-02
1.01e+00 8.53e-01 1.10e-01 9.40e-01 1.40e-01 1.15e+00 5.92e+01 1.59e+00 8.30e-01 5.42e-01 6.92e-02
1.04e+00 9.83e-01 4.22e-02 9.80e-01 4.23e-02 6.06e-01 1.81e+01 1.55e+00 6.57e-01 3.52e-01 4.76e-02
1.04e+00 9.79e-01 1.28e-02 9.80e-01 1.29e-02 9.13e-07 1.39e+00 3.59e-01 1.53e-01 1.09e-01 2.31e-02
1.02e+00 1.90e+00 1.66e-02 1.89e+00 1.81e-02 0.00e+00 9.54e-35 1.10e-09 4.30e-10 3.64e-10 2.21e-11
1.02e+00 9.41e-01 1.35e-02 9.40e-01 1.36e-02 8.54e-07 3.29e+00 7.97e-01 3.57e-01 2.67e-01 7.43e-02
1.01e+00 8.03e-01 7.50e-02 8.00e-01 7.51e-02 2.58e-02 2.49e+01 1.25e+00 4.45e-01 2.62e-01 3.18e-02
1.03e+00 9.71e-01 1.12e-02 9.70e-01 1.13e-02 4.75e-07 9.74e-01 3.58e-01 2.07e-01 8.82e-02 1.62e-02
1.03e+00 1.03e+00 5.60e-03 1.03e+00 5.75e-03 4.75e-01 5.40e-01 5.01e-01 5.01e-01 1.66e-01 7.05e-02
1.02e+00 9.20e-01 4.59e-02 9.40e-01 5.02e-02 2.34e-01 3.79e+01 2.67e+00 1.06e+00 7.16e-01 1.14e-01
1.03e+00 1.01e+00 3.91e-02 1.01e+00 3.92e-02 1.13e+00 1.07e+01 1.24e+00 5.65e-01 3.09e-01 3.77e-02
1.04e+00 1.88e+00 7.74e-03 1.89e+00 9.86e-03 0.00e+00 4.94e-95 1.22e-09 8.89e-10 8.89e-10 4.91e-11
1.02e+00 1.11e+00 6.11e-03 1.11e+00 7.53e-03 5.03e-55 5.03e-55 1.13e-01 9.85e-02 9.85e-02 5.13e-03
1.03e+00 1.07e+00 7.49e-03 1.07e+00 8.87e-03 6.49e-08 6.49e-08 3.31e-01 2.51e-01 2.51e-01 4.32e-02
1.05e+00 9.86e-01 2.16e-02 9.80e-01 2.23e-02 1.18e-02 4.21e+00 6.57e-01 3.95e-01 1.95e-01 2.35e-02
1.04e+00 1.11e+00 1.07e-02 1.11e+00 1.07e-02 1.16e-08 1.16e-08 1.89e-01 1.19e-01 3.33e-02 4.75e-03
1.02e+00 9.60e-01 5.27e-02 9.50e-01 5.36e-02 2.64e-01 8.65e+00 7.61e-01 3.16e-01 1.61e-01 1.89e-02
1.03e+00 1.85e+00 2.55e-02 1.85e+00 2.60e-02 1.85e-104 5.91e-19 9.05e-10 5.11e-10 2.18e-10 3.73e-11
1.03e+00 9.36e-01 4.70e-02 9.50e-01 4.90e-02 2.66e-01 3.18e+01 2.35e+00 9.72e-01 6.38e-01 7.59e-02
1.04e+00 9.04e-01 3.23e-02 9.30e-01 4.16e-02 2.79e-17 3.54e+00 4.04e-01 1.95e-01 1.64e-01 3.34e-02
1.03e+00 9.63e-01 1.69e-02 9.60e-01 1.72e-02 1.71e-03 4.12e+00 8.90e-01 3.75e-01 2.77e-01 3.41e-02
1.04e+00 1.18e+00 5.20e-02 1.18e+00 5.21e-02 4.94e-04 1.03e-02 5.89e-02 2.81e-02 1.75e-02 2.28e-03
1.03e+00 1.20e+00 5.54e-03 1.20e+00 6.83e-03 4.62e-182 4.62e-182 2.29e-02 1.66e-02 1.66e-02 1.04e-03
1.01e+00 1.01e+00 6.24e-03 1.01e+00 6.43e-03 1.30e-01 1.91e-01 1.34e-01 6.45e-02 6.45e-02 2.89e-02
1.05e+00 1.02e+00 2.86e-02 1.02e+00 2.89e-02 6.98e-01 6.31e+00 8.98e-01 4.30e-01 2.64e-01 3.86e-02
1.03e+00 1.02e+00 2.37e-02 1.02e+00 2.38e-02 1.07e+00 4.46e+00 8.75e-01 4.08e-01 2.72e-01 4.35e-02
1.03e+00 9.65e-01 7.59e-03 9.60e-01 9.00e-03 6.14e-18 4.10e-01 1.74e-01 1.72e-01 1.72e-01 2.89e-02
1.02e+00 9.88e-01 2.76e-02 9.90e-01 2.77e-02 9.72e-01 1.22e+01 1.61e+00 7.49e-01 3.98e-01 6.64e-02
1.02e+00 1.01e+00 1.34e-02 1.01e+00 1.37e-02 7.56e-01 3.26e+00 8.56e-01 4.66e-01 2.61e-01 4.10e-02
1.02e+00 9.97e-01 5.68e-02 1.00e+00 5.69e-02 1.17e+00 1.18e+01 9.51e-01 3.88e-01 2.25e-01 3.13e-02
1.02e+00 1.84e+00 4.81e-02 1.86e+00 5.12e-02 4.95e-98 2.14e-16 5.58e-10 2.72e-10 1.53e-10 1.70e-11
1.04e+00 9.67e-01 6.75e-03 9.70e-01 7.37e-03 1.10e-20 3.23e-01 1.77e-01 1.08e-01 1.08e-01 9.78e-03
1.02e+00 1.82e+00 5.04e-02 1.79e+00 6.02e-02 1.25e-315 2.78e-35 1.30e-09 5.90e-10 4.19e-10 1.03e-10
1.02e+00 5.79e-01 6.27e-01 7.00e-02 8.08e-01 2.28e-11 6.86e-04 1.63e-04 3.54e-05 2.02e-05 2.53e-06
1.04e+00 1.89e+00 4.53e-03 1.89e+00 5.12e-03 0.00e+00 0.00e+00 1.22e-09 1.22e-09 3.44e-10 3.44e-10
1.01e+00 1.04e+00 5.15e-03 1.04e+00 6.33e-03 4.56e-07 4.56e-07 4.50e-01 2.78e-01 2.78e-01 2.78e-01
1.04e+00 1.23e+00 1.20e-02 1.23e+00 1.22e-02 2.39e-26 9.55e-12 2.59e-02 1.34e-02 8.57e-03 1.04e-03
1.03e+00 1.19e+00 4.70e-03 1.19e+00 4.74e-03 3.32e-172 3.32e-172 2.25e-02 2.25e-02 4.19e-03 2.38e-03
1.04e+00 9.66e-01 3.51e-02 9.70e-01 3.53e-02 2.22e-01 2.03e+01 2.14e+00 7.99e-01 5.33e-01 5.07e-02
1.05e+00 9.84e-01 1.05e-02 9.80e-01 1.12e-02 3.80e-11 5.19e-01 1.67e-01 9.13e-02 6.29e-02 9.75e-03
1.05e+00 9.49e-01 3.29e-03 9.50e-01 3.39e-03 1.39e-140 8.30e-01 7.35e-01 7.35e-01 7.35e-01 8.49e-02
1.02e+00 9.71e-01 1.74e-02 9.70e-01 1.74e-02 1.59e-02 3.86e+00 7.60e-01 4.50e-01 2.25e-01 4.95e-02
1.01e+00 9.25e-01 6.68e-03 9.30e-01 8.44e-03 2.17e-33 5.54e-01 2.56e-01 2.47e-01 2.47e-01 2.19e-02
1.05e+00 9.90e-01 2.41e-02 9.90e-01 2.41e-02 1.84e-02 4.55e+00 6.98e-01 3.57e-01 1.90e-01 2.28e-02
1.05e+00 1.07e+00 2.28e-02 1.07e+00 2.28e-02 4.73e-01 8.96e-01 5.03e-01 2.55e-01 1.47e-01 3.07e-02
1.03e+00 5.11e-01 7.56e-01 3.00e-02 8.96e-01 4.84e-39 1.18e-07 1.68e-08 1.16e-08 6.20e-09 3.45e-10
1.01e+00 9.36e-01 1.12e-02 9.40e-01 1.19e-02 5.06e-09 2.03e+00 6.89e-01 3.22e-01 2.46e-01 5.19e-02
1.05e+00 1.25e+00 9.53e-03 1.24e+00 1.09e-02 2.07e-28 2.11e-28 5.02e-03 4.66e-03 1.61e-03 2.02e-04
1.05e+00 1.17e+00 9.69e-03 1.17e+00 1.02e-02 1.14e-27 1.14e-27 8.37e-02 3.32e-02 3.32e-02 5.89e-03
1.02e+00 8.90e-01 1.69e-02 8.90e-01 1.69e-02 7.92e-05 6.30e+00 1.52e+00 7.53e-01 5.64e-01 4.09e-02
1.02e+00 8.07e-01 6.32e-01 7.00e-02 9.71e-01 3.39e-09 8.89e-04 1.54e-04 4.54e-05 2.79e-05 4.13e-06
1.01e+00 9.23e-01 5.97e-03 9.20e-01 6.90e-03 4.08e-49 5.41e-01 3.00e-01 2.06e-01 2.06e-01 3.01e-02
1.02e+00 9.68e-01 8.40e-03 9.70e-01 8.70e-03 3.13e-07 3.84e-01 1.78e-01 1.18e-01 6.17e-02 6.26e-03
1.05e+00 9.46e-01 3.13e-02 9.50e-01 3.16e-02 2.42e-03 7.39e+00 1.02e+00 3.56e-01 2.12e-01 2.87e-02
1.05e+00 1.17e+00 9.35e-03 1.17e+00 9.92e-03 5.83e-29 5.83e-29 8.33e-02 6.91e-02 3.06e-02 5.02e-03
1.03e+00 1.89e+00 6.31e-03 1.89e+00 7.38e-03 0.00e+00 1.27e-94 1.22e-09 5.58e-10 5.58e-10 3.07e-11
1.05e+00 1.10e+00 1.32e-02 1.10e+00 1.35e-02 5.27e-05 5.33e-05 1.99e-01 9.93e-02 5.02e-02 1.31e-02
1.03e+00 1.02e+00 3.53e-02 1.02e+00 3.54e-02 1.27e+00 7.86e+00 1.08e+00 5.72e-01 2.46e-01 4.65e-02
1.05e+00 9.70e-01 1.27e-02 9.70e-01 1.27e-02 4.03e-08 1.88e+00 4.33e-01 1.77e-01 1.74e-01 3.05e-02
1.05e+00 1.19e+00 7.49e-03 1.19e+00 7.54e-03 1.06e-58 1.06e-58 5.77e-02 2.79e-02 2.00e-02 2.32e-03
1.06e+00 1.14e+00 1.69e-02 1.15e+00 1.79e-02 6.46e-06 7.17e-06 1.18e-01 4.28e-02 3.96e-02 5.66e-03
1.03e+00 9.54e-01 1.02e-02 9.50e-01 1.09e-02 5.63e-10 1.10e+00 4.19e-01 1.67e-01 1.22e-01 1.90e-02
1.04e+00 1.02e+00 4.90e-02 1.00e+00 5.29e-02 3.89e-03 4.76e-01 8.43e-02 3.48e-02 1.42e-02 2.11e-03
1.05e+00 1.13e+00 3.72e-02 1.13e+00 3.74e-02 3.08e-02 5.44e-02 1.99e-01 8.93e-02 5.60e-02 7.14e-03
1.04e+00 9.49e-01 4.81e-02 9.50e-01 4.81e-02 3.68e-01 2.78e+01 2.11e+00 9.23e-01 4.93e-01 5.05e-02
1.05e+00 1.89e+00 2.30e-03 1.89e+00 2.36e-03 0.00e+00 2.15e-311 1.22e-09 1.22e-09 1.22e-09 6.75e-11
1.02e+00 9.59e-01 2.66e-02 9.60e-01 2.66e-02 3.07e-02 5.66e+00 9.33e-01 4.08e-01 2.07e-01 2.65e-02
1.04e+00 9.54e-01 2.20e-02 9.50e-01 2.24e-02 2.09e-03 5.99e+00 9.08e-01 5.36e-01 2.82e-01 4.51e-02
1.06e+00 1.20e+00 7.47e-03 1.20e+00 7.47e-03 2.38e-60 2.38e-60 4.71e-02 2.01e-02 1.89e-02 1.42e-03
1.05e+00 1.01e+00 1.18e-02 1.01e+00 1.19e-02 2.52e-04 5.21e-01 1.29e-01 1.22e-01 4.41e-02 9.52e-03
1.05e+00 9.86e-01 1.22e-02 9.90e-01 1.28e-02 1.44e-06 8.75e-01 2.48e-01 1.31e-01 1.31e-01 2.71e-02
1.02e+00 1.04e+00 4.95e-03 1.04e+00 6.40e-03 2.53e-04 2.53e-04 3.00e-01 2.07e-01 2.07e-01 2.07e-01
1.04e+00 1.03e+00 2.58e-02 1.03e+00 2.59e-02 9.95e-01 4.34e+00 8.73e-01 4.06e-01 2.47e-01 2.57e-02
1.03e+00 9.96e-01 2.21e-02 9.90e-01 2.28e-02 6.73e-01 9.04e+00 1.39e+00 9.65e-01 4.79e-01 5.68e-02
1.02e+00 9.51e-01 1.91e-02 9.50e-01 1.91e-02 1.56e-03 5.45e+00 1.00e+00 6.27e-01 2.84e-01 3.55e-02
1.04e+00 1.20e+00 3.24e-02 1.22e+00 3.73e-02 9.86e-06 1.15e-05 5.81e-03 2.59e-03 9.82e-04 1.19e-04
1.02e+00 9.80e-01 3.70e-02 9.70e-01 3.84e-02 3.58e-01 5.77e+00 7.16e-01 3.17e-01 1.95e-01 1.63e-02
1.05e+00 1.08e+00 1.70e-02 1.08e+00 1.70e-02 8.94e-02 1.06e-01 3.71e-01 1.84e-01 8.80e-02 1.50e-02
1.05e+00 1.08e+00 3.22e-02 1.07e+00 3.29e-02 4.76e-01 1.11e+00 5.37e-01 2.20e-01 1.69e-01 2.20e-02
1.04e+00 1.10e+00 2.09e-02 1.10e+00 2.13e-02 1.69e-02 2.03e-02 2.45e-01 1.62e-01 8.01e-02 1.06e-02
1.06e+00 1.01e+00 7.37e-03 1.01e+00 7.69e-03 1.29e-13 2.18e-01 1.13e-01 6.77e-02 3.07e-02 6.83e-03
1.01e+00 1.13e+00 2.95e-02 1.15e+00 3.46e-02 3.17e-05 2.06e-04 1.45e-02 6.56e-03 2.94e-03 5.05e-04
1.02e+00 1.87e+00 1.07e-02 1.86e+00 1.32e-02 1.36e-184 4.18e-116 2.25e-09 1.69e-09 8.37e-10 3.05e-10
1.03e+00 1.89e+00 2.34e-03 1.89e+00 2.36e-03 0.00e+00 6.06e-277 1.22e-09 1.22e-09 1.22e-09 5.52e-11
1.05e+00 1.00e+00 3.09e-02 1.00e+00 3.10e-02 5.02e-01 1.19e+01 1.23e+00 6.65e-01 3.89e-01 5.98e-02
1.05e+00 8.15e-01 8.98e-02 8.00e-01 9.10e-02 2.77e-02 2.15e+01 9.70e-01 3.74e-01 1.97e-01 1.90e-02
1.02e+00 1.12e-01 2.32e-02 1.10e-01 2.33e-02 3.92e-14 3.19e+01 4.81e+00 2.05e+00 1.82e+00 2.05e-01
1.05e+00 1.17e+00 3.75e-02 1.18e+00 3.91e-02 1.96e-03 3.28e-03 9.52e-02 4.53e-02 3.06e-02 3.96e-03
1.03e+00 9.51e-01 1.09e-02 9.50e-01 1.09e-02 3.53e-11 1.55e+00 5.92e-01 3.39e-01 1.19e-01 1.79e-02
1.04e+00 1.26e+00 1.64e-02 1.26e+00 1.66e-02 4.70e-08 9.63e-06 2.33e-02 1.25e-02 9.85e-03 8.95e-04
1.02e+00 9.49e-01 4.17e-02 9.60e-01 4.30e-02 5.53e-01 2.50e+01 2.12e+00 8.47e-01 5.24e-01 8.07e-02
1.06e+00 9.56e-01 6.26e-02 9.60e-01 6.27e-02 1.03e-01 8.57e+00 6.02e-01 2.45e-01 1.04e-01 1.11e-02
1.02e+00 1.02e+00 5.08e-03 1.02e+00 6.62e-03 8.60e-02 1.16e-01 9.29e-02 7.09e-02 7.09e-02 7.09e-02
1.04e+00 1.01e+00 2.01e-02 1.02e+00 2.10e-02 6.99e-01 5.14e+00 9.28e-01 5.30e-01 2.90e-01 3.99e-02
1.02e+00 1.03e+00 2.03e-03 1.03e+00 2.07e-03 4.79e-03 4.79e-03 1.10e-01 1.10e-01 1.10e-01 4.95e-03
1.03e+00 9.75e-01 1.28e-02 9.70e-01 1.36e-02 6.65e-05 1.65e+00 4.51e-01 2.47e-01 2.47e-01 1.51e-02
1.03e+00 1.89e+00 6.01e-03 1.89e+00 6.92e-03 3.78e-305 3.52e-138 1.22e-09 1.22e-09 5.09e-10 3.68e-11
1.00e+00 1.02e+00 3.83e-03 1.02e+00 4.02e-03 5.12e-03 5.13e-03 4.64e-01 4.64e-01 4.64e-01 7.92e-02
1.02e+00 1.11e+00 5.69e-03 1.11e+00 5.79e-03 8.39e-52 8.39e-52 9.64e-02 9.64e-02 3.10e-02 1.55e-02
1.04e+00 6.49e-01 7.89e-02 6.90e-01 8.89e-02 7.02e-05 3.88e+01 1.62e+00 7.54e-01 3.95e-01 5.80e-02
1.05e+00 9.92e-01 1.43e-02 9.90e-01 1.44e-02 1.64e-03 5.13e+00 1.16e+00 6.43e-01 5.08e-01 8.58e-02
1.04e+00 1.07e+00 2.06e-02 1.06e+00 2.16e-02 3.33e-01 5.75e-01 4.48e-01 2.63e-01 1.46e-01 2.65e-02
1.02e+00 1.26e+00 9.35e-03 1.26e+00 9.35e-03 2.51e-49 2.51e-49 3.39e-03 1.89e-03 1.89e-03 3.24e-04
1.03e+00 9.64e-01 1.01e-02 9.60e-01 1.08e-02 3.57e-10 6.47e-01 2.35e-01 1.09e-01 7.09e-02 1.06e-02
1.01e+00 1.05e+00 5.01e-03 1.05e+00 7.00e-03 2.29e-20 2.29e-20 2.02e-01 1.94e-01 1.94e-01 1.94e-01
1.04e+00 1.07e+00 6.93e-03 1.07e+00 7.74e-03 3.86e-08 3.86e-08 3.29e-01 1.79e-01 1.79e-01 2.98e-02
1.02e+00 1.81e+00 3.78e-02 1.80e+00 3.91e-02 0.00e+00 1.30e-37 7.38e-09 3.35e-09 1.70e-09 2.55e-10
1.03e+00 1.04e+00 9.00e-03 1.04e+00 9.63e-03 4.28e-01 5.36e-01 5.52e-01 4.46e-01 1.89e-01 2.22e-02
1.03e+00 1.11e+00 1.57e-02 1.11e+00 1.64e-02 4.33e-07 4.35e-07 4.06e-01 2.71e-01 1.24e-01 3.94e-02
1.02e+00 1.01e+00 7.07e-03 1.01e+00 7.17e-03 5.48e-02 2.23e-01 1.26e-01 6.18e-02 3.97e-02 3.97e-02
1.01e+00 9.74e-01 2.23e-02 9.70e-01 2.26e-02 4.78e-01 1.21e+01 1.88e+00 1.11e+00 5.99e-01 9.04e-02
1.02e+00 9.31e-01 5.17e-03 9.30e-01 5.33e-03 1.04e-42 3.91e-01 2.83e-01 2.83e-01 7.95e-02 2.98e-02
1.03e+00 1.02e+00 4.98e-03 1.02e+00 6.70e-03 1.05e-01 1.88e-01 1.21e-01 9.88e-02 9.88e-02 9.88e-02
1.01e+00 1.04e+00 2.44e-02 1.04e+00 2.47e-02 4.03e-01 7.09e-01 6.45e-01 2.85e-01 1.49e-01 3.13e-02
1.01e+00 9.59e-01 3.44e-02 9.60e-01 3.44e-02 5.66e-01 1.87e+01 2.15e+00 1.12e+00 4.81e-01 6.67e-02
1.03e+00 1.01e+00 4.53e-02 1.01e+00 4.53e-02 4.41e-01 3.93e+00 4.34e-01 1.89e-01 1.07e-01 1.37e-02
1.03e+00 1.02e+00 3.42e-03 1.02e+00 3.66e-03 6.93e-02 1.30e-01 1.21e-01 1.21e-01 1.21e-01 1.88e-02
1.05e+00 1.07e+00 6.46e-02 1.01e+00 8.88e-02 4.62e-04 5.00e-02 1.07e-02 5.37e-03 4.40e-03 5.50e-04
1.05e+00 9.94e-01 8.36e-02 9.60e-01 9.02e-02 4.77e-03 5.32e+00 7.69e-01 2.68e-01 1.02e-01 1.28e-02
1.03e+00 1.06e+00 2.49e-02 1.05e+00 2.55e-02 4.65e-01 9.22e-01 7.00e-01 2.65e-01 1.51e-01 2.44e-02
1.03e+00 9.44e-01 5.24e-02 9.50e-01 5.28e-02 1.12e-01 8.60e+00 6.68e-01 2.58e-01 1.43e-01 1.34e-02
1.03e+00 1.21e+00 5.80e-02 1.16e+00 7.68e-02 7.67e-05 2.00e-04 5.39e-03 2.13e-03 1.22e-03 1.22e-04
1.05e+00 1.03e+00 1.88e-02 1.03e+00 1.88e-02 9.85e-02 1.20e+00 2.85e-01 1.06e-01 6.42e-02 1.86e-02
1.03e+00 9.45e-01 6.09e-03 9.40e-01 7.72e-03 3.23e-32 4.75e-01 2.27e-01 2.19e-01 2.19e-01 1.26e-02
1.02e+00 8.78e-01 7.26e-02 8.40e-01 8.18e-02 4.13e-01 4.45e+01 1.97e+00 8.28e-01 5.32e-01 6.18e-02
1.05e+00 1.07e+00 2.87e-02 1.05e+00 3.25e-02 8.72e-01 1.95e+00 7.68e-01 3.81e-01 1.56e-01 2.76e-02
1.03e+00 1.85e+00 2.87e-02 1.85e+00 2.88e-02 2.49e-74 3.60e-16 8.32e-10 4.56e-10 2.02e-10 3.94e-11
1.03e+00 9.22e-01 3.80e-02 9.30e-01 3.89e-02 1.37e-02 1.05e+01 1.03e+00 4.70e-01 2.68e-01 3.27e-02
1.03e+00 1.04e+00 2.86e-02 1.04e+00 2.86e-02 8.78e-01 2.79e+00 8.56e-01 3.10e-01 1.88e-01 3.29e-02
1.03e+00 9.23e-01 1.32e-02 9.30e-01 1.48e-02 8.65e-10 3.21e+00 9.07e-01 4.65e-01 2.16e-01 5.06e-02
1.02e+00 1.03e+00 1.22e-02 1.03e+00 1.25e-02 2.55e-03 2.66e-03 1.53e-02 1.53e-02 3.54e-03 9.23e-04
1.01e+00 1.42e+00 6.97e-02 1.43e+00 7.01e-02 1.83e-28 6.18e-07 4.16e-05 1.82e-05 9.11e-06 8.89e-07
1.02e+00 9.45e-01 1.73e-02 9.40e-01 1.80e-02 1.84e-04 5.00e+00 1.13e+00 3.83e-01 3.77e-01 4.64e-02
1.02e+00 9.36e-01 1.18e-02 9.40e-01 1.25e-02 6.48e-08 2.31e+00 6.83e-01 3.87e-01 2.89e-01 7.21e-02
1.04e+00 9.04e-01 5.32e-02 9.30e-01 5.94e-02 1.26e-02 1.42e+01 9.84e-01 3.89e-01 2.19e-01 2.51e-02
1.04e+00 1.29e+00 8.39e-03 1.29e+00 8.43e-03 3.42e-21 8.43e-18 1.04e-02 5.87e-03 5.87e-03 6.81e-04
1.04e+00 9.85e-01 4.36e-02 9.70e-01 4.61e-02 5.85e-02 3.20e+00 3.73e-01 1.68e-01 6.14e-02 1.42e-02
1.04e+00 9.40e-01 6.63e-02 9.50e-01 6.70e-02 1.16e-01 1.03e+01 7.01e-01 2.41e-01 1.11e-01 1.39e-02
1.01e+00 1.01e+00 1.10e-02 1.01e+00 1.11e-02 8.78e-02 2.55e-01 1.19e-01 5.73e-02 5.73e-02 5.97e-03
1.02e+00 9.97e-01 2.25e-02 1.00e+00 2.27e-02 2.42e-01 2.76e+00 5.89e-01 2.72e-01 2.32e-01 1.88e-02
1.03e+00 9.65e-01 1.07e-02 9.70e-01 1.19e-02 8.09e-09 9.77e-01 3.25e-01 1.52e-01 1.28e-01 2.29e-02
1.03e+00 1.84e-01 4.44e-01 3.00e-02 4.70e-01 2.10e-32 6.83e-05 1.08e-05 6.71e-06 3.80e-06 1.93e-07
1.05e+00 1.08e+00 1.79e-02 1.08e+00 1.80e-02 7.62e-02 9.60e-02 2.91e-01 1.79e-01 1.05e-01 1.72e-02
1.03e+00 1.04e+00 6.18e-03 1.04e+00 6.26e-03 1.30e-01 1.41e-01 4.55e-01 1.62e-01 1.62e-01 9.59e-02
1.03e+00 9.36e-01 2.41e-02 9.40e-01 2.44e-02 3.40e-03 7.27e+00 1.15e+00 4.23e-01 3.37e-01 4.62e-02
1.01e+00 9.61e-01 7.45e-03 9.60e-01 7.47e-03 8.21e-11 3.59e-01 1.91e-01 8.64e-02 7.20e-02 7.68e-03
1.01e+00 1.02e+00 2.28e-02 1.02e+00 2.29e-02 8.69e-01 2.10e+00 8.50e-01 3.29e-01 1.77e-01 3.03e-02
1.06e+00 9.69e-01 2.60e-02 9.70e-01 2.60e-02 5.87e-06 3.84e+00 8.55e-01 3.42e-01 2.23e-01 4.28e-02
1.03e+00 1.19e+00 4.70e-03 1.19e+00 4.77e-03 1.01e-180 1.01e-180 1.91e-02 1.91e-02 3.94e-03 1.73e-03
1.01e+00 1.04e+00 5.19e-03 1.04e+00 6.94e-03 6.03e-04 6.03e-04 4.45e-01 3.85e-01 3.85e-01 3.85e-01
1.01e+00 6.96e-01 9.08e-02 7.00e-01 9.09e-02 1.31e-02 3.86e+01 1.61e+00 6.40e-01 3.31e-01 4.41e-02
1.05e+00 1.07e+00 1.08e-02 1.06e+00 1.19e-02 1.07e-01 1.18e-01 3.65e-01 1.63e-01 1.43e-01 1.84e-02
1.04e+00 1.26e+00 4.00e-03 1.26e+00 4.01e-03 7.09e-208 7.09e-208 4.98e-03 4.98e-03 4.98e-03 4.50e-04
1.05e+00 9.74e-01 1.25e-02 9.70e-01 1.32e-02 1.73e-07 1.47e+00 4.07e-01 2.14e-01 2.14e-01 5.92e-02
1.03e+00 9.96e-01 2.09e-02 1.00e+00 2.13e-02 1.41e-01 3.70e+00 5.83e-01 3.56e-01 2.06e-01 2.09e-02
1.05e+00 1.24e+00 1.05e-02 1.24e+00 1.09e-02 2.01e-24 2.02e-24 4.78e-03 1.99e-03 1.27e-03 2.16e-04
1.02e+00 9.94e-01 1.43e-02 9.90e-01 1.47e-02 4.64e-01 4.88e+00 1.23e+00 7.34e-01 4.18e-01 5.48e-02
1.03e+00 9.38e-01 3.03e-02 9.40e-01 3.03e-02 1.10e-02 8.06e+00 1.16e+00 5.79e-01 3.41e-01 2.57e-02
1.03e+00 1.04e-01 2.69e-01 6.00e-02 2.73e-01 7.49e-23 2.67e-05 4.28e-06 2.97e-06 1.75e-06 5.61e-07
1.03e+00 1.04e+00 7.97e-03 1.04e+00 8.77e-03 3.62e-01 4.28e-01 5.31e-01 4.09e-01 1.31e-01 7.48e-02
1.03e+00 1.25e+00 3.36e-03 1.25e+00 3.50e-03 6.20e-229 6.20e-229 5.85e-03 5.85e-03 5.85e-03 7.34e-04
1.04e+00 9.42e-01 1.02e-02 9.40e-01 1.04e-02 1.55e-12 1.24e+00 4.75e-01 2.41e-01 2.41e-01 4.53e-02
1.04e+00 1.03e+00 1.32e-02 1.03e+00 1.33e-02 3.65e-01 2.33e+00 6.26e-01 2.60e-01 1.91e-01 5.05e-02
1.02e+00 9.14e-01 4.93e-02 9.40e-01 5.55e-02 2.33e-01 3.84e+01 2.59e+00 1.08e+00 7.37e-01 1.10e-01
1.04e+00 1.01e+00 2.38e-02 1.01e+00 2.39e-02 6.30e-01 7.46e+00 1.24e+00 5.28e-01 3.97e-01 5.48e-02
1.02e+00 1.02e+00 2.85e-02 1.02e+00 2.86e-02 1.28e+00 4.90e+00 1.04e+00 5.22e-01 3.20e-01 3.26e-02
1.00e+00 9.12e-01 3.52e-02 9.10e-01 3.52e-02 1.42e-01 3.75e+01 3.59e+00 1.51e+00 9.87e-01 1.26e-01
1.05e+00 1.08e+00 2.72e-02 1.07e+00 3.08e-02 3.94e-01 5.95e-01 6.35e-01 3.28e-01 1.80e-01 4.14e-02
1.02e+00 1.02e+00 3.24e-03 1.02e+00 3.29e-03 1.20e-01 1.23e-01 1.45e-01 1.45e-01 1.45e-01 1.39e-02
1.01e+00 9.14e-01 1.48e-02 9.20e-01 1.60e-02 3.34e-07 4.94e+00 1.24e+00 7.96e-01 3.47e-01 5.68e-02
1.05e+00 1.29e+00 1.09e-02 1.29e+00 1.13e-02 1.41e-58 2.87e-55 2.79e-03 1.86e-03 8.16e-04 1.72e-04
1.04e+00 9.89e-01 1.99e-02 9.90e-01 1.99e-02 1.22e-01 8.78e+00 1.45e+00 6.24e-01 5.72e-01 6.84e-02
1.03e+00 4.88e-02 4.58e-02 4.00e-02 4.66e-02 2.99e-33 5.44e-04 8.30e-05 5.54e-05 3.60e-05 1.98e-05
1.02e+00 9.78e-01 2.15e-02 9.80e-01 2.16e-02 8.81e-02 4.20e+00 7.06e-01 3.49e-01 2.34e-01 2.46e-02
1.03e+00 1.16e+00 2.58e-02 1.15e+00 2.63e-02 4.29e-05 1.59e-04 9.48e-03 3.30e-03 2.62e-03 1.57e-04
1.02e+00 9.90e-01 1.67e-02 9.90e-01 1.67e-02 3.96e-01 6.18e+00 1.27e+00 7.58e-01 3.35e-01 7.29e-02
1.01e+00 9.98e-01 6.96e-03 1.00e+00 7.28e-03 8.85e-02 1.33e+00 7.19e-01 4.16e-01 4.16e-01 2.89e-02
1.02e+00 1.01e+00 1.82e-02 1.01e+00 1.84e-02 1.04e+00 3.32e+00 1.03e+00 4.82e-01 3.18e-01 3.71e-02
1.05e+00 9.83e-01 8.77e-03 9.80e-01 9.15e-03 1.15e-12 4.01e-01 1.67e-01 1.32e-01 7.21e-02 2.60e-02
1.01e+00 9.30e-01 1.29e-02 9.30e-01 1.29e-02 8.34e-08 3.06e+00 7.32e-01 6.59e-01 2.73e-01 4.88e-02
1.02e+00 1.04e+00 2.98e-02 1.03e+00 3.06e-02 8.71e-01 2.17e+00 7.45e-01 3.45e-01 1.98e-01 3.22e-02
1.02e+00 1.17e+00 3.48e-02 1.17e+00 3.48e-02 1.02e-10 6.18e-03 8.10e-02 4.79e-02 2.57e-02 1.98e-03
1.01e+00 1.02e+00 4.57e-03 1.02e+00 5.28e-03 6.48e-02 7.80e-02 1.22e-01 1.22e-01 4.11e-02 4.11e-02
1.02e+00 9.43e-01 2.09e-02 9.40e-01 2.11e-02 3.33e-03 6.20e+00 9.85e-01 4.89e-01 3.04e-01 5.57e-02
1.06e+00 1.08e+00 2.26e-02 1.07e+00 2.34e-02 4.65e-01 9.68e-01 4.74e-01 2.75e-01 1.44e-01 1.91e-02
1.02e+00 9.47e-01 6.89e-03 9.50e-01 7.71e-03 3.22e-23 4.06e-01 2.10e-01 1.48e-01 1.48e-01 1.48e-02
1.05e+00 1.89e+00 5.91e-03 1.89e+00 6.66e-03 0.00e+00 4.92e-115 1.22e-09 1.22e-09 3.93e-10 7.36e-11
1.04e+00 1.01e+00 3.34e-02 1.02e+00 3.47e-02 9.46e-01 1.03e+01 1.13e+00 4.72e-01 2.82e-01 4.22e-02
1.06e+00 1.03e+00 1.25e-02 1.03e+00 1.25e-02 1.47e-02 3.95e-01 1.44e-01 7.81e-02 3.76e-02 7.23e-03
1.02e+00 1.16e+00 1.97e-02 1.16e+00 1.99e-02 3.32e-06 3.63e-06 3.67e-04 1.75e-04 1.75e-04 1.11e-05
1.02e+00 1.02e+00 2.93e-02 1.02e+00 2.97e-02 1.25e+00 6.03e+00 1.05e+00 4.12e-01 3.54e-01 4.50e-02
1.03e+00 1.10e+00 4.18e-02 1.12e+00 4.62e-02 1.18e-01 1.88e-01 2.44e-01 1.57e-01 9.54e-02 1.12e-02
1.02e+00 1.86e+00 3.70e-02 1.86e+00 3.72e-02 2.39e-85 8.60e-61 2.17e-09 1.69e-09 1.69e-09 2.40e-10
1.01e+00 1.84e+00 3.69e-02 1.85e+00 3.77e-02 6.94e-69 3.05e-16 9.09e-10 5.15e-10 2.00e-10 2.42e-11
1.01e+00 1.01e+00 6.02e-03 1.01e+00 6.62e-03 8.86e-02 1.44e-01 1.04e-01 6.51e-02 6.51e-02 1.46e-02
1.02e+00 1.12e+00 1.58e-02 1.12e+00 1.58e-02 2.32e-10 2.33e-10 2.96e-01 1.71e-01 1.35e-01 1.37e-02
1.04e+00 1.05e+00 5.68e-03 1.05e+00 5.92e-03 1.62e-01 1.72e-01 4.06e-01 4.06e-01 1.51e-01 5.11e-02
1.03e+00 1.25e+00 4.09e-03 1.25e+00 4.11e-03 1.85e-152 1.85e-152 5.86e-03 5.86e-03 5.86e-03 4.71e-04
1.04e+00 1.00e+00 3.21e-02 1.00e+00 3.21e-02 7.35e-01 1.23e+01 1.36e+00 7.84e-01 4.96e-01 6.40e-02
1.02e+00 1.00e+00 5.21e-03 1.00e+00 5.31e-03 5.78e-04 1.71e-01 1.25e-01 1.25e-01 3.07e-02 1.51e-02
1.03e+00 9.52e-01 1.49e-02 9.50e-01 1.50e-02 7.00e-06 3.59e+00 8.37e-01 4.59e-01 3.04e-01 4.49e-02
1.05e+00 9.61e-01 2.20e-02 9.60e-01 2.20e-02 1.49e-03 5.76e+00 9.62e-01 4.14e-01 2.04e-01 3.22e-02
1.00e+00 9.16e-01 1.84e-02 9.20e-01 1.88e-02 1.90e-04 6.42e+00 1.30e+00 6.13e-01 4.14e-01 4.60e-02
1.03e+00 1.12e+00 5.98e-03 1.12e+00 7.35e-03 3.45e-56 3.45e-56 1.05e-01 8.65e-02 8.65e-02 7.91e-03
1.02e+00 9.29e-01 2.19e-02 9.30e-01 2.20e-02 8.67e-04 7.28e+00 1.18e+00 4.74e-01 4.74e-01 5.74e-02
1.04e+00 1.05e-01 3.35e-01 3.00e-02 3.44e-01 2.87e-47 4.30e-06 1.01e-06 4.68e-07 4.68e-07 4.21e-08
1.03e+00 1.10e+00 7.53e-02 1.16e+00 9.38e-02 1.46e-02 6.85e-02 1.36e-02 6.08e-03 3.90e-03 5.45e-04
1.03e+00 1.71e+00 4.29e-01 1.85e+00 4.50e-01 6.76e-47 6.28e-10 6.34e-10 2.67e-10 1.47e-10 2.32e-11
1.04e+00 1.82e+00 6.36e-02 1.88e+00 8.63e-02 2.02e-68 1.63e-12 5.75e-10 2.51e-10 1.48e-10 3.21e-11
1.01e+00 1.33e+00 5.78e-02 1.34e+00 5.85e-02 7.76e-15 2.83e-06 2.12e-04 8.14e-05 5.20e-05 8.00e-06
1.04e+00 1.28e+00 7.64e-02 1.30e+00 7.86e-02 1.09e-05 4.58e-05 7.29e-04 3.08e-04 1.80e-04 2.37e-05
1.01e+00 1.14e-01 1.99e-01 8.00e-02 2.02e-01 2.86e-08 5.92e-03 8.69e-04 3.76e-04 2.15e-04 1.61e-05
1.02e+00 7.61e-02 2.82e-02 8.00e-02 2.84e-02 1.17e-11 5.40e-02 9.83e-03 4.21e-03 2.42e-03 3.37e-04
1.01e+00 7.31e-02 8.54e-02 7.00e-02 8.54e-02 1.70e-19 1.77e-02 2.48e-03 1.30e-03 6.19e-04 1.47e-04
1.03e+00 1.23e+00 7.78e-02 1.23e+00 7.79e-02 5.23e-05 2.58e-04 2.53e-03 1.05e-03 7.26e-04 6.18e-05
1.02e+00 8.32e-01 6.60e-02 8.30e-01 6.61e-02 3.50e-02 2.81e+01 1.46e+00 5.77e-01 3.33e-01 3.92e-02
1.04e+00 1.02e+00 3.49e-02 1.02e+00 3.50e-02 9.46e-01 8.97e+00 1.04e+00 5.47e-01 3.47e-01 3.86e-02
1.03e+00 1.21e+00 2.78e-02 1.21e+00 2.81e-02 8.57e-06 1.38e-05 3.79e-03 1.70e-03 1.03e-03 1.12e-04
1.03e+00 1.01e+00 5.77e-02 1.00e+00 5.80e-02 4.07e-01 4.11e+00 3.75e-01 1.78e-01 7.83e-02 9.49e-03
1.05e+00 1.84e+00 4.35e-02 1.85e+00 4.39e-02 4.54e-78 1.15e-12 6.40e-10 2.96e-10 2.15e-10 2.83e-11
1.02e+00 7.62e-02 2.12e-01 6.00e-02 2.13e-01 1.64e-33 1.10e-06 1.87e-07 8.43e-08 7.61e-08 2.67e-08
1.03e+00 1.05e+00 1.97e-02 1.05e+00 1.98e-02 5.77e-01 1.14e+00 7.30e-01 3.77e-01 1.91e-01 3.57e-02
1.01e+00 1.23e+00 4.59e-02 1.20e+00 5.54e-02 3.91e-06 7.04e-06 2.17e-03 1.17e-03 6.52e-04 9.51e-05
1.04e+00 4.76e-01 5.19e-01 1.00e-01 6.40e-01 1.14e-03 1.32e-01 1.62e-02 3.41e-03 1.30e-03 2.00e-04
1.04e+00 1.06e+00 1.14e-01 9.40e-01 1.62e-01 4.71e-04 8.50e-01 1.60e-01 5.64e-02 3.29e-02 3.76e-03
1.01e+00 9.16e-01 1.26e-01 8.00e-01 1.72e-01 7.16e-01 1.96e+01 8.20e-01 3.04e-01 1.88e-01 2.43e-02
1.03e+00 1.08e+00 4.70e-02 1.08e+00 4.70e-02 3.10e-01 9.78e-01 4.08e-01 1.84e-01 1.18e-01 1.76e-02
1.04e+00 1.02e+00 3.07e-02 1.02e+00 3.07e-02 8.27e-01 7.10e+00 9.85e-01 3.88e-01 2.53e-01 3.08e-02
1.02e+00 9.67e-01 3.40e-02 9.70e-01 3.41e-02 1.04e-01 6.07e+00 7.53e-01 4.62e-01 2.67e-01 1.91e-02
1.03e+00 1.36e+00 4.89e-01 1.42e+00 4.93e-01 6.68e-32 8.92e-09 6.78e-09 1.54e-09 7.04e-10 1.32e-10
1.05e+00 5.94e-02 1.49e-01 4.00e-02 1.50e-01 4.80e-30 8.32e-06 1.35e-06 9.44e-07 5.19e-07 3.53e-07
1.04e+00 9.99e-01 2.92e-02 1.00e+00 2.92e-02 1.96e-01 4.22e+00 5.51e-01 2.96e-01 1.45e-01 1.72e-02
1.03e+00 9.41e-01 3.85e-02 9.40e-01 3.85e-02 5.50e-02 9.10e+00 9.63e-01 3.97e-01 2.11e-01 2.41e-02
1.02e+00 6.08e-01 1.98e-01 7.00e-01 2.19e-01 4.29e-02 2.78e+01 1.54e+00 5.18e-01 2.85e-01 2.11e-02
1.07e+00 9.87e-01 2.99e-02 9.80e-01 3.07e-02 8.35e-03 5.30e+00 6.63e-01 3.41e-01 1.80e-01 2.62e-02
1.09e+00 1.02e+00 1.20e-02 1.02e+00 1.20e-02 8.32e-07 6.39e-01 1.68e-01 1.42e-01 5.26e-02 8.42e-03
1.09e+00 1.08e+00 3.07e-02 1.08e+00 3.08e-02 2.32e-01 1.33e+00 2.28e-01 1.19e-01 5.61e-02 7.65e-03
1.11e+00 1.04e+00 2.28e-02 1.03e+00 2.39e-02 4.62e-03 2.30e+00 3.18e-01 1.51e-01 1.03e-01 1.46e-02
1.07e+00 1.05e+00 8.27e-03 1.05e+00 8.48e-03 1.97e-02 1.13e+00 5.50e-01 3.34e-01 1.74e-01 2.21e-02
1.07e+00 1.05e+00 7.99e-03 1.05e+00 8.69e-03 1.51e-01 1.04e+00 5.34e-01 3.35e-01 1.21e-01 7.51e-02
1.09e+00 1.03e+00 1.41e-02 1.03e+00 1.41e-02 2.30e-05 1.11e+00 2.54e-01 1.28e-01 9.28e-02 1.12e-02
1.07e+00 1.12e+00 4.93e-02 1.13e+00 4.96e-02 1.41e-01 5.45e-01 1.94e-01 8.35e-02 5.18e-02 5.88e-03
1.06e+00 9.56e-01 3.78e-02 9.60e-01 3.80e-02 8.52e-03 7.36e+00 7.64e-01 3.75e-01 1.61e-01 1.90e-02
1.09e+00 1.15e+00 8.19e-03 1.15e+00 8.19e-03 1.31e-14 1.31e-14 1.14e-01 5.14e-02 5.14e-02 5.14e-03
1.07e+00 9.82e-01 7.42e-03 9.80e-01 7.60e-03 1.72e-32 3.13e-01 1.59e-01 9.24e-02 5.34e-02 7.97e-03
1.08e+00 1.05e+00 9.43e-03 1.05e+00 9.47e-03 2.35e-04 1.39e-01 6.87e-02 4.14e-02 2.24e-02 2.07e-03
1.07e+00 1.89e+00 6.15e-03 1.89e+00 7.31e-03 7.07e-322 3.90e-120 1.22e-09 5.83e-10 5.83e-10 7.97e-11
1.11e+00 1.21e+00 4.13e-02 1.21e+00 4.13e-02 4.51e-04 7.62e-04 1.05e-02 5.10e-03 3.06e-03 2.72e-04
1.07e+00 1.02e+00 1.50e-02 1.02e+00 1.52e-02 1.86e-03 1.28e+00 3.09e-01 1.65e-01 8.41e-02 1.46e-02
1.11e+00 1.22e+00 1.11e-02 1.22e+00 1.20e-02 7.60e-18 7.62e-18 6.93e-03 3.41e-03 2.99e-03 3.48e-04
1.08e+00 1.17e+00 2.76e-02 1.17e+00 2.76e-02 1.83e-03 3.11e-03 1.25e-01 5.52e-02 3.17e-02 4.87e-03
1.09e+00 1.19e+00 7.64e-03 1.19e+00 7.86e-03 4.43e-25 4.43e-25 6.21e-02 3.65e-02 1.75e-02 3.75e-03
1.08e+00 1.01e+00 7.08e-02 9.80e-01 7.53e-02 2.56e-02 5.84e+00 5.34e-01 2.00e-01 9.68e-02 1.33e-02
1.10e+00 2.92e-01 5.18e-01 7.00e-02 5.63e-01 9.57e-18 2.67e-06 4.12e-07 1.45e-07 1.11e-07 1.55e-08
1.09e+00 1.04e+00 2.11e-02 1.04e+00 2.15e-02 5.42e-02 1.93e+00 3.83e-01 1.64e-01 8.30e-02 1.42e-02
1.08e+00 1.10e+00 1.61e-02 1.10e+00 1.63e-02 8.84e-02 1.33e-01 2.35e-01 9.16e-02 6.27e-02 1.45e-02
1.08e+00 1.28e+00 6.00e-03 1.28e+00 7.30e-03 5.02e-160 5.02e-160 3.63e-03 2.99e-03 2.99e-03 1.46e-04
1.09e+00 1.11e+00 6.04e-03 1.11e+00 7.32e-03 5.40e-03 5.43e-03 1.66e-01 1.24e-01 1.24e-01 8.37e-03
1.07e+00 9.56e-01 1.75e-02 9.50e-01 1.85e-02 7.72e-07 4.72e+00 1.06e+00 4.02e-01 3.33e-01 4.29e-02
1.09e+00 1.07e+00 2.46e-02 1.07e+00 2.50e-02 4.21e-01 3.02e+00 5.39e-01 2.49e-01 1.18e-01 2.80e-02
1.09e+00 1.35e+00 6.14e-02 1.37e+00 6.50e-02 2.64e-08 2.89e-07 1.52e-04 5.85e-05 3.93e-05 4.79e-06
1.10e+00 8.79e-01 7.46e-01 3.00e-02 1.13e+00 3.03e-28 1.86e-06 3.01e-07 1.22e-07 6.29e-08 9.53e-09
1.08e+00 1.88e+00 9.10e-03 1.88e+00 9.10e-03 1.37e-287 1.76e-117 1.68e-09 1.17e-09 6.25e-10 2.19e-10
1.07e+00 1.22e+00 1.49e-02 1.22e+00 1.55e-02 3.18e-16 3.30e-12 3.58e-02 2.22e-02 1.20e-02 2.20e-03
1.08e+00 1.50e-01 2.91e-01 8.00e-02 2.99e-01 1.36e-10 9.87e-05 1.83e-05 9.94e-06 3.76e-06 2.21e-07
1.09e+00 1.04e+00 1.20e-02 1.04e+00 1.21e-02 1.58e-04 3.19e-01 1.18e-01 6.62e-02 3.07e-02 2.96e-03
1.07e+00 1.01e+00 1.74e-02 1.01e+00 1.74e-02 4.37e-03 2.37e+00 4.68e-01 2.83e-01 1.33e-01 2.99e-02
1.10e+00 1.13e+00 6.29e-03 1.13e+00 7.94e-03 2.42e-03 2.43e-03 1.34e-01 1.11e-01 1.11e-01 7.40e-03
1.09e+00 1.15e+00 1.08e-02 1.15e+00 1.09e-02 6.08e-09 6.11e-09 1.09e-01 6.37e-02 2.97e-02 1.59e-02
1.07e+00 1.16e+00 3.86e-02 1.16e+00 3.86e-02 6.82e-04 9.51e-04 2.34e-02 9.11e-03 7.43e-03 1.40e-03
1.06e+00 1.68e+00 3.70e-02 1.66e+00 4.19e-02 3.66e-56 8.35e-14 1.99e-07 9.09e-08 3.86e-08 5.68e-09
1.07e+00 9.70e-01 2.13e-02 9.70e-01 2.13e-02 1.41e-04 5.00e+00 8.21e-01 3.48e-01 3.28e-01 4.83e-02
1.09e+00 1.23e+00 1.20e-02 1.23e+00 1.25e-02 4.12e-20 2.59e-16 3.34e-02 2.31e-02 1.35e-02 3.54e-03
1.09e+00 9.96e-01 1.63e-02 1.00e+00 1.68e-02 4.83e-09 2.31e+00 5.12e-01 2.02e-01 1.86e-01 4.58e-02
1.09e+00 5.06e-01 6.03e-01 8.00e-02 7.38e-01 1.81e-07 5.85e-03 8.74e-04 1.93e-04 1.02e-04 1.81e-05
1.10e+00 1.08e+00 3.36e-02 1.07e+00 3.42e-02 4.71e-01 4.38e+00 5.93e-01 2.68e-01 1.42e-01 2.37e-02
1.06e+00 1.33e+00 5.90e-02 1.33e+00 5.90e-02 3.41e-17 1.75e-09 2.48e-07 1.07e-07 8.69e-08 9.48e-09
1.08e+00 1.05e+00 4.17e-01 1.19e+00 4.41e-01 3.60e-04 1.02e-02 1.54e-03 6.68e-04 3.72e-04 5.48e-05
1.08e+00 9.94e-01 1.47e-02 9.90e-01 1.53e-02 3.65e-07 1.79e+00 4.54e-01 2.81e-01 1.35e-01 2.51e-02
1.08e+00 1.88e+00 9.97e-03 1.89e+00 1.32e-02 4.86e-217 1.20e-91 1.22e-09 1.11e-09 4.36e-10 4.91e-11
1.10e+00 1.24e+00 5.77e-02 1.25e+00 5.84e-02 2.34e-07 7.18e-03 2.14e-02 8.32e-03 4.42e-03 5.20e-04
1.09e+00 9.64e-01 5.54e-01 8.00e-02 1.04e+00 5.43e-06 4.46e-03 6.38e-04 2.65e-04 1.71e-04 2.25e-05
1.08e+00 1.10e+00 3.81e-02 1.09e+00 3.88e-02 4.08e-01 1.82e+00 3.52e-01 1.68e-01 9.11e-02 1.45e-02
1.08e+00 9.90e-01 1.74e-02 9.90e-01 1.74e-02 7.95e-06 3.23e+00 6.18e-01 3.88e-01 1.83e-01 4.67e-02
1.06e+00 1.21e+00 4.07e-03 1.21e+00 4.39e-03 6.85e-49 6.85e-49 1.09e-02 1.09e-02 1.09e-02 2.41e-03
1.10e+00 1.20e+00 8.66e-03 1.20e+00 8.67e-03 6.52e-21 6.52e-21 5.23e-02 2.55e-02 2.55e-02 3.68e-03
1.10e+00 1.37e+00 3.30e-01 1.42e+00 3.33e-01 7.13e-23 1.20e-08 2.31e-08 1.16e-08 4.77e-09 4.77e-10
1.10e+00 1.24e+00 5.38e-03 1.24e+00 6.01e-03 3.52e-58 6.27e-13 2.76e-02 2.76e-02 1.11e-02 1.25e-03
1.06e+00 1.23e+00 1.11e-01 1.25e+00 1.12e-01 5.60e-04 3.03e-03 1.03e-02 4.41e-03 2.52e-03 2.80e-04
1.10e+00 1.03e+00 1.21e-02 1.03e+00 1.27e-02 8.58e-07 4.37e-01 1.35e-01 6.92e-02 5.22e-02 3.53e-03
1.07e+00 9.72e-01 1.31e-02 9.70e-01 1.32e-02 4.93e-15 1.00e+00 3.95e-01 2.02e-01 8.73e-02 1.59e-02
1.07e+00 1.04e+00 1.09e-02 1.04e+00 1.10e-02 2.18e-03 2.84e-01 1.14e-01 5.85e-02 2.12e-02 4.59e-03
1.10e+00 1.06e+00 2.39e-02 1.06e+00 2.40e-02 6.59e-02 1.74e+00 2.56e-01 1.21e-01 8.21e-02 1.15e-02
1.06e+00 9.79e-01 2.40e-02 9.80e-01 2.40e-02 5.87e-03 5.07e+00 7.78e-01 3.52e-01 2.04e-01 2.61e-02
1.07e+00 1.04e+00 8.54e-03 1.04e+00 9.31e-03 3.04e-02 1.51e+00 6.43e-01 5.56e-01 1.87e-01 1.94e-02
1.09e+00 1.26e+00 2.09e-02 1.26e+00 2.09e-02 2.38e-11 9.79e-10 2.80e-03 1.46e-03 7.99e-04 9.21e-05
1.09e+00 1.23e+00 7.60e-03 1.23e+00 7.80e-03 5.05e-51 3.79e-38 3.26e-02 2.58e-02 1.33e-02 1.33e-02
1.10e+00 1.00e+00 1.45e-02 1.00e+00 1.45e-02 4.51e-12 1.60e+00 3.47e-01 1.77e-01 1.70e-01 5.08e-02
1.10e+00 1.08e+00 2.55e-02 1.07e+00 2.80e-02 3.74e-01 2.67e+00 4.36e-01 2.64e-01 1.41e-01 2.09e-02
1.09e+00 1.44e+00 1.44e-01 1.45e+00 1.45e-01 1.82e-27 1.95e-08 2.49e-07 1.09e-07 7.24e-08 5.05e-09
1.11e+00 1.04e+00 1.11e-02 1.04e+00 1.14e-02 3.96e-07 2.86e-01 1.08e-01 4.77e-02 2.76e-02 5.96e-03
1.08e+00 1.03e+00 1.47e-02 1.03e+00 1.50e-02 7.96e-04 1.06e+00 2.54e-01 1.45e-01 7.10e-02 1.36e-02
1.10e+00 1.04e+00 2.00e-02 1.04e+00 2.02e-02 5.89e-03 1.85e+00 3.62e-01 1.77e-01 8.84e-02 1.05e-02
1.10e+00 1.12e+00 4.09e-02 1.12e+00 4.09e-02 2.49e-01 1.17e+00 2.20e-01 1.04e-01 7.12e-02 1.10e-02
1.08e+00 1.09e+00 1.11e-02 1.09e+00 1.17e-02 1.97e-01 2.90e-01 2.27e-01 1.39e-01 1.14e-01 3.19e-02
1.08e+00 1.19e+00 9.96e-03 1.19e+00 1.09e-02 4.05e-20 4.05e-20 3.62e-02 1.40e-02 1.07e-02 1.82e-03
1.07e+00 1.01e+00 2.00e-02 1.01e+00 2.00e-02 7.67e-03 2.98e+00 5.31e-01 2.05e-01 1.60e-01 2.72e-02
1.07e+00 1.13e+00 4.72e-02 1.13e+00 4.72e-02 9.27e-02 2.81e-01 1.74e-01 8.08e-02 5.87e-02 6.64e-03
1.06e+00 1.86e+00 2.55e-02 1.86e+00 2.55e-02 5.53e-55 4.88e-18 6.60e-10 4.51e-10 1.44e-10 3.61e-11
1.09e+00 1.15e+00 1.51e-02 1.15e+00 1.57e-02 4.99e-04 5.70e-04 1.13e-01 7.41e-02 3.49e-02 7.83e-03
1.07e+00 1.35e+00 9.95e-02 1.36e+00 1.00e-01 4.76e-12 1.71e-06 3.04e-05 1.26e-05 7.32e-06 9.15e-07
1.07e+00 1.18e+00 2.11e-02 1.18e+00 2.14e-02 1.86e-06 2.18e-06 7.52e-02 4.19e-02 2.10e-02 3.19e-03
1.10e+00 1.06e+00 1.43e-02 1.05e+00 1.73e-02 3.49e-03 4.48e-01 1.15e-01 5.50e-02 4.47e-02 4.83e-03
1.07e+00 1.27e+00 7.20e-03 1.27e+00 7.48e-03 2.24e-45 3.63e-40 2.87e-03 1.49e-03 1.49e-03 1.30e-04
1.09e+00 1.38e+00 5.16e-01 1.56e+00 5.48e-01 3.81e-25 1.51e-06 6.06e-07 2.68e-07 1.48e-07 2.89e-08
1.07e+00 9.97e-01 1.97e-02 1.00e+00 1.99e-02 2.26e-03 3.43e+00 5.75e-01 2.81e-01 1.88e-01 4.11e-02
1.08e+00 1.88e+00 9.96e-03 1.89e+00 1.12e-02 3.85e-188 1.56e-72 1.22e-09 7.12e-10 2.21e-10 2.45e-11
1.10e+00 1.16e+00 6.96e-03 1.16e+00 8.01e-03 4.89e-13 4.89e-13 8.11e-02 6.48e-02 6.48e-02 6.93e-03
1.09e+00 1.24e+00 4.24e-04 1.24e+00 4.24e-04 1.72e-179 1.72e-179 6.85e-03 6.85e-03 6.85e-03 6.85e-03
1.08e+00 1.03e+00 5.49e-02 1.03e+00 5.51e-02 5.12e-01 9.00e+00 6.67e-01 2.73e-01 1.64e-01 1.68e-02
1.10e+00 1.04e+00 1.39e-02 1.04e+00 1.43e-02 1.34e-04 9.43e-01 2.96e-01 1.14e-01 5.94e-02 1.19e-02
1.08e+00 1.04e+00 2.39e-02 1.04e+00 2.43e-02 1.73e-01 5.34e+00 8.03e-01 2.94e-01 2.69e-01 2.94e-02
1.07e+00 1.01e+00 1.14e-02 1.01e+00 1.14e-02 7.23e-08 4.60e-01 1.61e-01 1.08e-01 3.55e-02 6.46e-03
1.11e+00 1.20e+00 7.77e-03 1.20e+00 7.79e-03 2.10e-25 2.10e-25 5.34e-02 2.52e-02 2.15e-02 2.41e-03
1.06e+00 9.76e-01 1.86e-02 9.70e-01 1.96e-02 3.98e-05 4.16e+00 8.59e-01 3.71e-01 3.43e-01 2.82e-02
1.09e+00 1.10e+00 1.24e-02 1.10e+00 1.31e-02 1.91e-01 2.50e-01 3.90e-01 1.89e-01 1.89e-01 1.01e-02
1.08e+00 1.88e+00 1.02e-02 1.89e+00 1.36e-02 3.84e-101 1.16e-68 1.22e-09 1.14e-09 4.54e-10 4.91e-11
1.07e+00 9.20e-01 1.65e-02 9.20e-01 1.65e-02 1.96e-12 2.66e+00 6.13e-01 3.55e-01 1.32e-01 1.61e-02
1.10e+00 1.02e+00 6.24e-03 1.02e+00 6.35e-03 9.65e-39 2.16e-01 1.31e-01 5.48e-02 5.48e-02 2.91e-02
1.11e+00 1.05e+00 1.11e-02 1.05e+00 1.11e-02 1.03e-04 3.01e-01 1.21e-01 6.33e-02 2.50e-02 7.31e-03
1.07e+00 9.87e-01 1.48e-02 9.90e-01 1.52e-02 4.36e-07 2.10e+00 5.07e-01 3.32e-01 1.67e-01 2.43e-02
1.10e+00 1.22e+00 1.16e-02 1.22e+00 1.24e-02 8.74e-15 8.83e-15 3.87e-02 1.57e-02 1.46e-02 3.89e-03
1.10e+00 1.24e+00 4.93e-03 1.24e+00 4.99e-03 3.39e-73 1.02e-32 2.70e-02 2.70e-02 5.42e-03 2.71e-03
1.06e+00 9.99e-01 8.70e-02 9.60e-01 9.54e-02 8.13e-09 2.00e+00 5.07e-01 4.87e-01 1.31e-01 1.34e-02
1.06e+00 1.22e+00 1.74e-02 1.22e+00 1.74e-02 8.24e-14 5.93e-05 3.62e-02 1.84e-02 8.29e-03 1.82e-03
1.07e+00 1.10e+00 6.99e-02 1.12e+00 7.19e-02 2.08e-01 1.33e+00 1.92e-01 8.39e-02 4.19e-02 7.40e-03
1.08e+00 1.10e+00 4.28e-02 1.09e+00 4.37e-02 3.85e-01 1.93e+00 3.30e-01 1.64e-01 1.17e-01 1.76e-02
1.08e+00 9.78e-01 4.90e-02 9.70e-01 4.97e-02 1.22e-01 1.93e+01 1.42e+00 5.43e-01 3.38e-01 3.56e-02
1.06e+00 9.83e-01 1.37e-02 9.80e-01 1.41e-02 5.76e-08 1.82e+00 4.61e-01 2.49e-01 1.31e-01 3.02e-02
1.06e+00 1.74e+00 3.45e-01 1.82e+00 3.55e-01 1.13e-37 4.33e-10 5.94e-10 2.49e-10 1.28e-10 2.57e-11
1.11e+00 1.22e+00 1.04e-02 1.22e+00 1.06e-02 4.78e-17 4.81e-17 7.85e-03 3.67e-03 1.89e-03 9.47e-04
1.08e+00 1.86e+00 3.74e-02 1.89e+00 4.61e-02 1.00e-70 3.24e-17 4.90e-10 1.20e-10 8.48e-11 1.09e-11
1.09e+00 1.82e+00 1.05e-01 1.88e+00 1.20e-01 1.06e-36 9.47e-13 5.71e-10 2.28e-10 1.67e-10 1.36e-11
1.05e+00 9.89e-01 1.44e-02 9.90e-01 1.44e-02 1.29e-05 1.88e+00 4.25e-01 2.39e-01 1.80e-01 5.40e-02
1.08e+00 1.06e+00 2.50e-02 1.05e+00 2.66e-02 5.36e-01 4.08e+00 6.85e-01 3.03e-01 1.91e-01 3.03e-02
1.10e+00 1.05e+00 3.69e-02 1.05e+00 3.70e-02 3.18e-01 6.47e+00 6.91e-01 2.84e-01 1.63e-01 2.26e-02
1.10e+00 1.09e+00 9.36e-02 1.03e+00 1.09e-01 5.85e-03 1.05e+00 1.07e-01 3.75e-02 2.43e-02 2.94e-03
1.07e+00 1.22e+00 1.51e-02 1.22e+00 1.55e-02 8.54e-16 2.52e-12 3.66e-02 2.47e-02 1.23e-02 1.64e-03
1.07e+00 1.28e+00 8.38e-03 1.28e+00 8.77e-03 1.07e-188 1.07e-188 3.58e-03 3.58e-03 5.58e-04 4.32e-04
1.06e+00 9.30e-01 2.83e-02 9.30e-01 2.83e-02 1.38e-03 8.46e+00 1.07e+00 4.11e-01 3.58e-01 3.26e-02
1.07e+00 1.28e+00 8.10e-03 1.28e+00 8.35e-03 1.06e-199 1.06e-199 3.58e-03 3.58e-03 6.11e-04 3.24e-04
1.10e+00 1.49e+00 5.49e-02 1.46e+00 6.09e-02 5.27e-20 3.82e-08 7.53e-06 3.42e-06 1.83e-06 2.48e-07
1.09e+00 9.69e-01 6.66e-02 9.70e-01 6.66e-02 1.53e-01 1.83e+01 1.02e+00 3.43e-01 2.18e-01 3.74e-02
1.10e+00 1.07e+00 4.04e-02 1.05e+00 4.33e-02 1.37e-01 2.36e+00 2.76e-01 1.10e-01 5.59e-02 8.23e-03
1.08e+00 1.00e+00 8.85e-02 9.70e-01 9.49e-02 2.06e-02 3.83e+00 3.22e-01 1.16e-01 6.32e-02 6.12e-03
1.06e+00 9.45e-01 5.42e-03 9.50e-01 7.29e-03 1.37e-17 1.61e+00 8.34e-01 7.46e-01 7.46e-01 7.46e-01
1.06e+00 1.03e+00 4.16e-02 1.04e+00 4.20e-02 6.45e-01 6.62e+00 7.07e-01 2.90e-01 1.63e-01 2.20e-02
1.08e+00 1.02e+00 8.08e-02 9.90e-01 8.68e-02 6.46e-13 7.89e-01 1.99e-01 8.28e-02 6.80e-02 4.94e-03
1.06e+00 9.95e-01 8.93e-03 1.00e+00 1.02e-02 1.09e-11 3.26e-01 1.28e-01 1.22e-01 3.61e-02 3.87e-03
1.06e+00 1.89e+00 1.90e-03 1.89e+00 1.91e-03 0.00e+00 6.42e-297 1.22e-09 1.22e-09 1.22e-09 3.68e-11
1.09e+00 1.01e+00 1.29e-02 1.01e+00 1.30e-02 2.85e-08 7.61e-01 1.87e-01 8.28e-02 5.95e-02 8.16e-03
1.10e+00 9.91e-01 3.54e-02 9.90e-01 3.54e-02 3.69e-03 5.23e+00 6.49e-01 3.07e-01 1.55e-01 1.44e-02
1.10e+00 1.03e+00 3.66e-02 1.03e+00 3.69e-02 1.27e-01 8.98e+00 9.18e-01 3.34e-01 2.18e-01 3.18e-02
1.08e+00 1.11e+00 6.19e-03 1.11e+00 7.33e-03 9.65e-06 9.67e-06 1.81e-01 1.27e-01 1.27e-01 1.00e-02
1.09e+00 1.31e+00 1.77e-02 1.30e+00 2.27e-02 1.46e-96 4.00e-93 3.21e-06 2.29e-06 7.89e-07 4.51e-07
1.08e+00 9.96e-01 2.84e-02 9.90e-01 2.91e-02 1.42e-02 4.38e+00 5.85e-01 2.78e-01 1.46e-01 1.39e-02
1.09e+00 1.15e+00 4.63e-02 1.16e+00 4.73e-02 6.18e-02 2.25e-01 1.21e-01 5.47e-02 3.49e-02 5.32e-03
1.09e+00 1.04e+00 5.90e-02 1.04e+00 5.90e-02 3.87e-01 8.02e+00 5.41e-01 2.27e-01 1.24e-01 1.46e-02
1.08e+00 1.06e+00 6.97e-03 1.06e+00 7.17e-03 6.46e-03 6.93e-01 3.63e-01 2.19e-01 2.19e-01 1.04e-01
1.11e+00 2.46e-01 5.58e-01 3.00e-02 5.99e-01 1.56e-37 3.85e-07 8.22e-08 3.68e-08 3.68e-08 1.36e-09
1.09e+00 1.17e+00 7.24e-03 1.17e+00 7.88e-03 1.16e-27 1.16e-27 8.04e-02 5.58e-02 5.58e-02 6.06e-03
1.09e+00 1.01e+00 7.93e-03 1.01e+00 7.97e-03 2.63e-18 2.27e-01 1.12e-01 5.96e-02 4.61e-02 6.75e-03
1.09e+00 1.03e+00 1.99e-02 1.03e+00 2.01e-02 5.87e-03 2.07e+00 4.22e-01 2.12e-01 1.04e-01 1.30e-02
1.10e+00 1.24e+00 5.60e-03 1.24e+00 5.63e-03 9.47e-61 1.22e-24 2.78e-02 2.78e-02 6.29e-03 4.19e-03
1.07e+00 1.21e+00 1.86e-02 1.22e+00 1.94e-02 4.02e-14 1.12e-04 4.03e-02 1.76e-02 1.68e-02 2.48e-03
1.09e+00 1.16e+00 1.08e-02 1.16e+00 1.11e-02 4.00e-10 4.01e-10 9.43e-02 5.07e-02 2.75e-02 3.79e-03
1.08e+00 9.99e-01 9.35e-02 9.50e-01 1.06e-01 2.60e-02 5.44e+00 6.89e-01 1.86e-01 9.30e-02 1.27e-02
1.09e+00 1.28e+00 4.45e-03 1.28e+00 4.68e-03 3.88e-244 7.42e-158 6.98e-03 6.98e-03 1.65e-03 3.51e-04
1.06e+00 1.08e+00 1.88e-02 1.08e+00 1.90e-02 2.63e-01 4.81e-01 3.16e-01 1.57e-01 8.92e-02 1.36e-02
1.11e+00 1.03e+00 6.45e-03 1.03e+00 7.47e-03 6.05e-29 1.76e-01 9.80e-02 6.25e-02 6.25e-02 6.89e-03
