4.11e-01 4.43e-01 4.67e-03 4.40e-01 5.62e-03 1.31e-12 1.31e-12 6.88e-04 6.88e-04 3.18e-04 3.18e-04
4.04e-01 3.21e-01 1.07e-02 3.20e-01 1.07e-02 3.21e-15 1.22e-03 4.53e-04 2.76e-04 8.89e-05 9.12e-06
4.28e-01 3.16e-01 4.88e-03 3.20e-01 6.03e-03 9.74e-35 7.09e-04 4.53e-04 2.53e-04 2.53e-04 2.53e-04
4.02e-01 4.11e-01 3.06e-03 4.10e-01 3.24e-03 1.70e-05 1.70e-05 6.96e-05 6.96e-05 6.96e-05 8.39e-06
4.12e-01 4.20e-01 1.79e-04 4.20e-01 1.79e-04 1.72e-05 1.72e-05 7.33e-05 7.33e-05 7.33e-05 7.33e-05
4.07e-01 4.20e-01 7.98e-04 4.20e-01 8.01e-04 3.33e-07 3.33e-07 7.33e-05 7.33e-05 7.33e-05 7.33e-05
4.03e-01 4.46e-01 1.01e-01 4.90e-01 1.11e-01 3.16e-10 6.02e-04 6.80e-04 3.89e-04 2.05e-04 2.39e-05
4.34e-01 3.69e-01 6.51e-03 3.70e-01 6.60e-03 1.15e-23 9.25e-04 5.54e-04 2.26e-04 2.26e-04 1.37e-04
4.28e-01 4.60e-01 4.26e-04 4.60e-01 4.26e-04 1.23e-53 1.23e-53 8.89e-05 8.89e-05 8.89e-05 8.89e-05
4.32e-01 3.05e-01 3.15e-02 3.00e-01 3.19e-02 1.13e-08 5.24e-04 4.13e-04 4.13e-04 8.50e-05 2.90e-05
4.12e-01 3.08e-01 4.41e-02 3.10e-01 4.41e-02 6.79e-13 1.88e-03 3.63e-04 2.50e-04 1.37e-04 2.83e-05
4.10e-01 2.80e-01 1.51e-03 2.80e-01 1.53e-03 4.02e-291 2.99e-05 2.92e-05 2.92e-05 2.92e-05 2.92e-05
4.34e-01 3.66e-01 6.51e-03 3.70e-01 7.76e-03 3.38e-25 1.10e-03 5.54e-04 4.49e-04 4.49e-04 3.90e-05
4.02e-01 3.38e-01 5.47e-03 3.40e-01 5.92e-03 1.82e-30 7.46e-04 4.94e-04 2.06e-04 2.06e-04 4.47e-05
4.07e-01 3.54e-01 7.04e-03 3.50e-01 8.23e-03 7.42e-14 1.13e-03 5.14e-04 4.86e-04 4.86e-04 4.65e-05
4.33e-01 4.44e-01 2.39e-01 4.00e-01 2.43e-01 1.63e-04 2.38e-03 2.46e-04 8.02e-05 4.81e-05 5.35e-06
4.27e-01 3.53e-01 6.75e-03 3.50e-01 7.22e-03 8.79e-27 9.52e-04 5.14e-04 3.21e-04 3.21e-04 1.81e-05
4.13e-01 4.60e-01 2.46e-03 4.60e-01 2.48e-03 1.72e-27 1.72e-27 7.23e-04 7.23e-04 7.23e-04 3.63e-05
4.22e-01 3.71e-01 7.54e-03 3.70e-01 7.56e-03 1.55e-13 1.05e-03 5.54e-04 2.56e-04 2.09e-04 2.23e-05
4.08e-01 3.88e-01 4.21e-03 3.90e-01 4.81e-03 1.67e-14 8.11e-05 6.24e-05 6.24e-05 1.88e-05 1.88e-05
4.25e-01 4.70e-01 2.41e-04 4.70e-01 2.41e-04 1.31e-67 1.31e-67 9.30e-05 9.30e-05 9.30e-05 9.30e-05
4.21e-01 4.00e-01 2.15e-03 4.00e-01 2.19e-03 6.16e-12 6.92e-05 6.59e-05 6.59e-05 6.59e-05 3.31e-06
4.35e-01 2.82e-01 4.25e-03 2.80e-01 4.86e-03 1.69e-78 3.82e-05 2.92e-05 2.92e-05 9.09e-06 9.09e-06
4.16e-01 3.62e-01 3.94e-03 3.60e-01 4.32e-03 1.33e-33 6.57e-04 5.34e-04 5.34e-04 5.34e-04 1.21e-04
4.30e-01 3.16e-01 8.16e-03 3.20e-01 8.94e-03 7.89e-30 1.02e-03 4.53e-04 3.69e-04 1.25e-04 6.84e-05
4.07e-01 3.78e-01 4.14e-03 3.80e-01 4.69e-03 5.05e-25 7.36e-04 5.74e-04 5.74e-04 1.64e-04 1.64e-04
4.26e-01 3.05e-01 5.18e-03 3.00e-01 7.10e-03 2.32e-13 8.17e-04 4.13e-04 3.98e-04 3.98e-04 3.98e-04
4.03e-01 2.04e+00 8.84e-01 2.52e+00 1.00e+00 2.94e-06 4.99e-06 4.27e-06 1.98e-06 1.74e-06 1.45e-07
4.21e-01 4.04e-01 4.49e-02 4.20e-01 4.76e-02 5.87e-04 8.81e-04 6.42e-04 6.42e-04 1.61e-04 1.61e-05
4.12e-01 3.91e-01 6.54e-02 4.00e-01 6.60e-02 3.65e-04 1.95e-03 4.18e-04 1.77e-04 6.33e-05 9.49e-06
4.12e-01 3.12e-01 1.77e-02 3.10e-01 1.78e-02 3.61e-08 1.91e-03 4.00e-04 1.94e-04 1.26e-04 2.39e-05
4.07e-01 4.31e-01 6.77e-02 4.60e-01 7.35e-02 7.44e-06 7.61e-04 5.20e-04 1.93e-04 1.31e-04 1.63e-05
4.23e-01 3.34e-01 6.10e-02 3.30e-01 6.11e-02 1.39e-09 1.94e-03 4.69e-04 3.00e-04 1.67e-04 1.67e-05
4.23e-01 2.33e+00 3.20e-01 2.38e+00 3.24e-01 3.00e-12 2.53e-06 7.84e-06 3.68e-06 1.96e-06 2.39e-07
4.28e-01 4.22e-01 1.30e-01 4.20e-01 1.30e-01 5.00e-04 2.52e-03 6.15e-04 2.84e-04 1.47e-04 9.81e-06
4.33e-01 3.50e-01 9.35e-04 3.50e-01 9.39e-04 3.53e-175 5.19e-04 5.14e-04 5.14e-04 5.14e-04 5.14e-04
4.61e-01 3.38e-01 1.79e-02 3.40e-01 1.80e-02 1.31e-06 1.45e-03 4.94e-04 2.61e-04 1.69e-04 3.23e-05
4.35e-01 3.00e-01 5.83e-02 2.60e-01 7.09e-02 4.50e-07 1.74e-03 3.27e-04 1.97e-04 8.01e-05 2.34e-05
4.36e-01 3.31e-01 1.00e-02 3.30e-01 1.00e-02 7.17e-23 1.21e-03 4.74e-04 2.71e-04 2.71e-04 6.19e-05
4.42e-01 4.91e-01 8.28e-03 4.90e-01 8.30e-03 4.24e-12 5.67e-10 6.80e-04 2.05e-04 2.05e-04 2.39e-05
4.66e-01 3.10e-01 6.96e-03 3.10e-01 6.96e-03 1.70e-97 3.85e-05 3.70e-05 3.70e-05 3.70e-05 1.49e-06
4.63e-01 1.35e+00 1.02e+00 3.80e-01 1.41e+00 5.72e-07 1.15e-04 9.07e-06 3.21e-06 2.07e-06 3.57e-07
4.62e-01 4.13e-01 4.37e-03 4.10e-01 5.03e-03 4.33e-60 9.32e-05 6.96e-05 6.96e-05 2.38e-05 2.38e-05
4.56e-01 3.29e-01 7.24e-03 3.30e-01 7.39e-03 2.14e-11 8.74e-04 4.74e-04 2.38e-04 1.38e-04 2.14e-05
4.64e-01 9.56e-01 6.89e-01 6.80e-01 7.42e-01 2.47e-05 6.80e-04 1.28e-04 2.03e-05 1.16e-05 1.93e-06
4.67e-01 3.56e-01 7.45e-02 3.10e-01 8.75e-02 2.20e-06 8.35e-04 4.33e-04 3.59e-04 3.59e-04 2.83e-05
4.51e-01 4.24e-01 1.49e-01 4.10e-01 1.50e-01 1.40e-05 1.77e-04 2.73e-05 9.95e-06 8.19e-06 8.03e-07
4.37e-01 3.36e-01 7.84e-03 3.40e-01 8.75e-03 3.71e-18 1.10e-03 4.94e-04 4.12e-04 1.17e-04 6.95e-05
4.61e-01 5.83e-01 5.34e-03 5.80e-01 6.21e-03 1.27e-204 1.61e-53 8.96e-04 4.95e-04 4.95e-04 4.95e-05
4.60e-01 3.81e-01 3.61e-03 3.80e-01 3.77e-03 1.31e-67 6.69e-04 5.74e-04 5.74e-04 5.74e-04 8.66e-05
4.59e-01 4.59e-01 2.78e-03 4.60e-01 2.90e-03 7.80e-05 8.51e-05 8.89e-05 8.89e-05 8.89e-05 8.49e-06
4.65e-01 4.80e-01 1.13e-04 4.80e-01 1.13e-04 4.72e-09 4.72e-09 9.71e-05 9.71e-05 9.71e-05 9.71e-05
4.72e-01 4.95e-01 5.00e-03 5.00e-01 7.01e-03 2.01e-09 2.01e-09 7.89e-04 7.65e-04 7.65e-04 7.65e-04
4.53e-01 4.70e-01 8.60e-03 4.70e-01 8.61e-03 1.27e-04 1.39e-04 7.40e-04 3.24e-04 3.24e-04 2.98e-05
4.62e-01 3.76e-01 5.08e-03 3.80e-01 6.57e-03 1.31e-67 1.00e-03 5.74e-04 4.21e-04 4.21e-04 4.21e-04
4.64e-01 4.29e-01 5.43e-03 4.30e-01 5.59e-03 1.30e-10 9.66e-04 6.70e-04 6.70e-04 2.12e-04 8.41e-05
4.46e-01 4.60e-01 4.99e-04 4.60e-01 4.99e-04 1.23e-07 1.23e-07 8.89e-05 8.89e-05 8.89e-05 8.89e-05
4.62e-01 3.63e-01 7.17e-03 3.60e-01 7.81e-03 8.30e-29 1.01e-03 5.34e-04 3.33e-04 3.33e-04 4.03e-05
4.68e-01 5.01e-01 3.25e-03 5.00e-01 3.46e-03 1.05e-27 1.13e-14 7.89e-04 7.89e-04 7.89e-04 1.11e-04
4.40e-01 4.53e-01 4.08e-02 4.20e-01 5.24e-02 1.29e-04 1.40e-03 6.58e-04 1.62e-04 1.22e-04 1.32e-05
4.68e-01 3.98e-01 5.87e-02 4.00e-01 5.87e-02 5.31e-08 2.25e-03 5.48e-04 3.08e-04 1.73e-04 3.08e-05
4.41e-01 3.77e-01 6.44e-03 3.80e-01 7.33e-03 4.42e-23 1.10e-03 5.74e-04 4.27e-04 4.27e-04 8.08e-05
4.53e-01 4.49e-01 2.50e-02 4.50e-01 2.50e-02 6.77e-04 1.45e-03 6.13e-04 3.90e-04 2.23e-04 3.19e-05
4.53e-01 3.35e-01 7.31e-03 3.30e-01 8.63e-03 1.61e-18 1.06e-03 4.74e-04 4.41e-04 4.41e-04 6.43e-05
4.59e-01 4.08e-01 3.78e-03 4.10e-01 4.14e-03 1.81e-37 7.63e-04 6.32e-04 6.32e-04 6.32e-04 1.30e-04
4.67e-01 3.82e-01 6.47e-03 3.80e-01 6.67e-03 5.79e-38 9.68e-04 5.74e-04 2.63e-04 2.63e-04 1.21e-04
4.44e-01 3.33e-01 6.00e-03 3.30e-01 6.79e-03 1.76e-16 8.19e-04 4.74e-04 2.88e-04 2.88e-04 4.76e-05
4.35e-01 4.19e-01 1.14e-02 4.20e-01 1.15e-02 1.08e-04 1.20e-03 6.43e-04 2.94e-04 2.00e-04 2.91e-05
4.36e-01 4.50e-01 8.10e-04 4.50e-01 8.13e-04 3.41e-07 3.41e-07 8.49e-05 8.49e-05 8.49e-05 8.49e-05
4.57e-01 4.50e-01 4.82e-05 4.50e-01 4.82e-05 2.32e-05 8.49e-05 8.49e-05 8.49e-05 8.49e-05 8.49e-05
4.63e-01 4.50e-01 1.38e-03 4.50e-01 1.39e-03 1.19e-06 8.66e-05 8.49e-05 8.49e-05 8.49e-05 8.49e-05
4.52e-01 4.50e-01 1.39e-03 4.50e-01 1.40e-03 6.53e-05 8.66e-05 8.49e-05 8.49e-05 8.49e-05 8.49e-05
4.63e-01 3.72e-01 4.16e-03 3.70e-01 4.72e-03 4.08e-225 7.13e-04 5.54e-04 5.54e-04 1.62e-04 1.62e-04
4.63e-01 4.21e-01 1.24e-02 4.20e-01 1.24e-02 9.68e-06 1.79e-03 6.42e-04 3.58e-04 1.45e-04 4.20e-05
4.70e-01 4.80e-01 8.51e-04 4.80e-01 8.54e-04 5.58e-11 5.58e-11 9.71e-05 9.71e-05 9.71e-05 9.71e-05
4.45e-01 4.50e-01 1.11e-03 4.50e-01 1.11e-03 4.01e-05 4.01e-05 8.49e-05 8.49e-05 8.49e-05 8.49e-05
4.63e-01 4.27e-01 7.30e-02 4.30e-01 7.31e-02 4.48e-05 2.37e-03 5.38e-04 2.36e-04 2.29e-04 1.68e-05
4.57e-01 4.04e-01 5.68e-03 4.00e-01 6.96e-03 1.08e-15 1.09e-03 6.13e-04 4.38e-04 4.38e-04 2.77e-05
4.54e-01 3.33e-01 5.71e-03 3.30e-01 6.26e-03 2.58e-22 7.54e-04 4.74e-04 2.31e-04 2.31e-04 4.76e-05
4.61e-01 5.42e-01 4.37e-01 5.20e-01 4.37e-01 1.28e-04 1.96e-03 2.12e-04 6.96e-05 3.57e-05 3.40e-06
4.68e-01 4.19e-01 6.13e-03 4.20e-01 6.17e-03 3.26e-12 9.73e-04 6.51e-04 6.51e-04 1.93e-04 1.28e-04
4.41e-01 3.45e-01 1.24e-02 3.50e-01 1.32e-02 2.03e-15 1.57e-03 5.14e-04 2.82e-04 2.09e-04 1.81e-05
4.58e-01 4.92e-01 4.20e-03 4.90e-01 4.78e-03 1.37e-54 1.37e-54 1.01e-04 1.01e-04 3.05e-05 3.05e-05
4.65e-01 5.13e-01 4.39e-03 5.10e-01 5.10e-03 9.62e-41 9.62e-41 8.04e-04 8.04e-04 2.83e-04 2.83e-04
4.51e-01 4.39e-01 1.04e-01 4.00e-01 1.11e-01 1.14e-04 2.87e-03 5.07e-04 2.28e-04 1.46e-04 1.58e-05
4.66e-01 5.01e-01 3.97e-03 5.00e-01 4.11e-03 1.71e-14 1.71e-14 7.89e-04 7.89e-04 7.89e-04 3.17e-05
4.63e-01 3.38e-01 5.83e-03 3.40e-01 6.06e-03 2.65e-21 7.58e-04 4.94e-04 1.89e-04 1.89e-04 7.20e-05
4.36e-01 4.50e-01 1.93e-04 4.50e-01 1.93e-04 1.93e-08 1.93e-08 8.49e-05 8.49e-05 8.49e-05 8.49e-05
4.38e-01 4.58e-01 1.35e-01 4.30e-01 1.37e-01 1.57e-04 7.38e-04 1.48e-04 1.01e-04 4.79e-05 8.40e-06
4.52e-01 2.00e+00 8.84e-01 2.49e+00 1.01e+00 2.38e-08 2.04e-05 4.53e-06 1.95e-06 1.29e-06 1.92e-07
4.55e-01 4.42e-01 4.01e-03 4.40e-01 4.49e-03 1.07e-05 1.01e-04 8.10e-05 8.10e-05 8.10e-05 2.08e-05
4.67e-01 5.10e-01 1.28e-04 5.10e-01 1.28e-04 6.25e-84 6.25e-84 1.10e-04 1.10e-04 1.10e-04 1.10e-04
4.67e-01 4.60e-01 1.37e-03 4.60e-01 1.39e-03 2.96e-05 9.07e-05 8.89e-05 8.89e-05 8.89e-05 8.89e-05
4.66e-01 4.19e-01 5.52e-03 4.20e-01 5.63e-03 3.82e-14 9.44e-04 6.51e-04 6.51e-04 2.00e-04 9.49e-05
4.62e-01 3.41e-01 9.08e-03 3.40e-01 9.11e-03 4.98e-13 1.14e-03 4.94e-04 2.46e-04 2.46e-04 3.97e-05
4.51e-01 4.30e-01 3.67e-03 4.30e-01 3.67e-03 2.96e-08 7.74e-04 6.70e-04 6.70e-04 6.70e-04 5.05e-05
4.40e-01 3.89e-01 3.25e-03 3.90e-01 3.42e-03 3.09e-30 6.73e-04 5.94e-04 5.94e-04 5.94e-04 7.76e-05
4.60e-01 4.69e-01 3.21e-03 4.70e-01 3.41e-03 9.64e-05 9.64e-05 7.40e-04 7.40e-04 7.40e-04 1.00e-04
4.61e-01 4.57e-01 4.66e-03 4.60e-01 5.65e-03 7.81e-05 1.31e-04 8.89e-05 8.89e-05 4.20e-05 4.20e-05
4.36e-01 4.31e-01 2.19e-03 4.30e-01 2.25e-03 3.25e-05 7.96e-05 7.71e-05 7.71e-05 7.71e-05 4.26e-06
4.41e-01 4.04e-01 5.00e-03 4.00e-01 6.70e-03 1.27e-32 1.19e-04 6.59e-05 5.37e-05 5.37e-05 5.37e-05
4.34e-01 4.48e-01 1.18e-02 4.50e-01 1.20e-02 1.69e-04 1.85e-04 7.06e-04 3.69e-04 1.99e-04 3.19e-05
4.54e-01 3.67e-01 7.87e-03 3.70e-01 8.55e-03 1.88e-29 1.13e-03 5.54e-04 3.93e-04 1.25e-04 5.57e-05
4.55e-01 4.17e-01 8.88e-03 4.20e-01 9.43e-03 9.01e-07 1.59e-03 6.51e-04 5.66e-04 2.29e-04 3.27e-05
4.39e-01 4.25e-01 5.00e-03 4.30e-01 7.07e-03 7.46e-06 1.47e-04 7.34e-05 7.34e-05 7.34e-05 7.34e-05
4.52e-01 3.50e-01 5.76e-04 3.50e-01 5.77e-04 2.11e-163 4.91e-05 4.89e-05 4.89e-05 4.89e-05 4.89e-05
4.58e-01 4.44e-01 1.26e-01 4.20e-01 1.28e-01 4.66e-05 4.13e-04 6.58e-05 3.13e-05 2.97e-05 3.96e-06
4.63e-01 3.79e-01 3.37e-03 3.80e-01 3.53e-03 1.04e-91 6.56e-04 5.74e-04 5.74e-04 5.74e-04 7.50e-05
4.59e-01 3.61e-01 7.92e-03 3.60e-01 7.95e-03 6.36e-24 1.02e-03 5.34e-04 2.42e-04 1.99e-04 2.15e-05
4.60e-01 3.54e-01 7.01e-03 3.50e-01 8.15e-03 5.26e-21 1.11e-03 5.14e-04 4.70e-04 4.70e-04 4.39e-05
4.56e-01 2.91e-01 7.68e-03 2.90e-01 7.76e-03 7.43e-27 3.47e-05 3.17e-05 3.17e-05 3.17e-05 3.03e-06
4.39e-01 3.89e-01 3.84e-03 3.90e-01 4.10e-03 9.56e-28 7.50e-05 6.24e-05 6.24e-05 6.24e-05 1.19e-05
4.55e-01 3.02e-01 1.97e-02 3.00e-01 1.98e-02 1.40e-06 5.68e-04 4.13e-04 4.13e-04 8.50e-05 6.84e-05
4.44e-01 3.68e-01 2.26e-02 3.70e-01 2.27e-02 4.93e-10 1.96e-03 4.63e-04 2.40e-04 1.62e-04 2.23e-05
4.69e-01 3.60e-01 8.92e-04 3.60e-01 8.95e-04 5.26e-178 5.39e-04 5.34e-04 5.34e-04 5.34e-04 5.34e-04
4.56e-01 5.35e-01 3.50e-01 4.80e-01 3.55e-01 1.14e-05 3.13e-05 1.27e-05 6.09e-06 3.69e-06 3.21e-07
4.67e-01 3.56e-01 8.24e-03 3.60e-01 9.28e-03 1.93e-40 1.22e-03 5.34e-04 4.49e-04 1.32e-04 9.94e-05
4.61e-01 3.41e-01 5.51e-02 3.40e-01 5.51e-02 6.08e-10 2.11e-03 4.57e-04 2.38e-04 1.12e-04 1.74e-05
4.35e-01 4.04e-01 2.17e-01 3.80e-01 2.18e-01 2.32e-06 2.21e-03 5.08e-04 2.77e-04 2.14e-04 2.02e-05
4.35e-01 3.46e-01 5.97e-03 3.50e-01 7.13e-03 1.10e-53 9.14e-05 4.89e-05 3.71e-05 3.71e-05 4.18e-06
4.40e-01 3.21e-01 1.01e-02 3.20e-01 1.02e-02 1.75e-179 4.29e-05 3.98e-05 3.98e-05 3.98e-05 3.20e-06
4.57e-01 3.82e-01 6.95e-03 3.80e-01 7.22e-03 4.90e-22 1.07e-03 5.74e-04 3.26e-04 3.26e-04 1.47e-04
4.34e-01 3.67e-01 6.82e-03 3.70e-01 7.52e-03 5.55e-19 1.09e-03 5.54e-04 4.10e-04 4.10e-04 2.51e-05
4.35e-01 5.07e-01 4.45e-03 5.10e-01 5.22e-03 6.32e-184 6.32e-184 1.10e-04 1.10e-04 4.13e-05 4.13e-05
4.34e-01 4.64e-01 4.93e-03 4.60e-01 6.22e-03 8.66e-12 8.66e-12 7.23e-04 4.47e-04 4.47e-04 4.47e-04
4.69e-01 3.95e-01 1.66e-02 4.00e-01 1.73e-02 9.12e-09 2.51e-03 5.97e-04 3.99e-04 1.80e-04 5.48e-05
4.63e-01 4.04e-01 4.96e-03 4.00e-01 6.53e-03 8.31e-56 1.07e-03 6.13e-04 4.56e-04 4.56e-04 4.56e-04
4.62e-01 3.10e-01 1.57e-02 3.10e-01 1.57e-02 1.77e-10 1.69e-03 3.55e-04 1.92e-04 1.92e-04 1.74e-05
4.61e-01 5.30e-01 2.28e-03 5.30e-01 2.33e-03 2.32e-63 4.82e-62 8.33e-04 8.33e-04 8.33e-04 4.60e-05
4.60e-01 3.81e-01 3.19e-03 3.80e-01 3.33e-03 1.99e-78 6.46e-04 5.74e-04 5.74e-04 5.74e-04 6.93e-05
4.36e-01 4.01e-01 3.79e-03 4.00e-01 3.90e-03 6.33e-14 7.23e-04 6.13e-04 6.13e-04 6.13e-04 2.16e-05
4.62e-01 4.60e-01 7.13e-04 4.60e-01 7.15e-04 7.26e-05 8.94e-05 8.89e-05 8.89e-05 8.89e-05 8.89e-05
4.61e-01 4.56e-01 4.99e-03 4.60e-01 6.45e-03 6.35e-04 1.23e-03 7.23e-04 5.05e-04 5.05e-04 5.05e-04
4.66e-01 3.46e-01 1.14e-02 3.50e-01 1.22e-02 1.74e-10 1.55e-03 4.96e-04 2.41e-04 2.08e-04 3.85e-05
4.41e-01 3.58e-01 5.59e-03 3.60e-01 5.89e-03 7.71e-47 7.97e-04 5.34e-04 5.34e-04 1.99e-04 6.18e-05
4.63e-01 4.40e-01 5.32e-02 4.60e-01 5.70e-02 5.87e-04 1.36e-03 7.23e-04 2.76e-04 2.76e-04 3.27e-05
4.36e-01 5.25e-01 5.30e-01 3.80e-01 5.49e-01 3.65e-07 9.98e-04 2.28e-04 1.03e-04 9.41e-05 4.41e-06
4.41e-01 3.64e-01 9.39e-03 3.60e-01 1.01e-02 1.16e-18 1.36e-03 5.34e-04 1.91e-04 1.91e-04 2.42e-05
4.43e-01 3.60e-01 2.02e-03 3.60e-01 2.05e-03 1.71e-101 5.58e-04 5.34e-04 5.34e-04 5.34e-04 2.42e-05
4.47e-01 3.70e-01 3.76e-03 3.70e-01 3.79e-03 4.86e-46 6.47e-04 5.54e-04 5.54e-04 5.54e-04 3.34e-05
4.44e-01 5.80e-01 5.52e-01 4.20e-01 5.75e-01 3.05e-05 2.29e-04 4.25e-05 2.27e-05 1.00e-05 1.06e-06
4.71e-01 5.54e-01 4.60e-01 4.50e-01 4.72e-01 3.85e-05 3.06e-04 3.93e-05 2.18e-05 7.66e-06 7.19e-07
4.34e-01 3.64e-01 6.34e-02 4.10e-01 7.84e-02 6.77e-05 2.17e-03 6.36e-04 1.63e-04 9.59e-05 1.92e-05
4.68e-01 3.42e-01 1.70e-01 3.30e-01 1.70e-01 1.99e-08 2.82e-03 3.87e-04 1.92e-04 1.19e-04 1.60e-05
4.44e-01 3.62e-01 7.66e-03 3.60e-01 7.97e-03 6.24e-27 1.06e-03 5.34e-04 3.25e-04 1.53e-04 4.03e-05
4.66e-01 3.82e-01 8.45e-02 4.10e-01 8.91e-02 5.86e-05 4.06e-03 6.14e-04 1.44e-04 8.95e-05 1.92e-05
4.87e-01 3.37e-01 9.16e-03 3.40e-01 9.59e-03 2.31e-08 1.05e-03 4.94e-04 3.48e-04 1.49e-04 5.46e-05
4.72e-01 4.50e-01 3.82e-04 4.50e-01 3.82e-04 1.92e-23 8.50e-05 8.49e-05 8.49e-05 8.49e-05 8.49e-05
4.97e-01 4.71e-01 1.69e-02 4.70e-01 1.69e-02 2.08e-04 2.85e-03 6.47e-04 2.94e-04 1.38e-04 3.35e-05
4.82e-01 3.83e-01 9.43e-02 3.80e-01 9.43e-02 1.90e-20 1.58e-03 5.74e-04 3.52e-04 1.33e-04 2.60e-05
4.92e-01 4.90e-01 6.05e-04 4.90e-01 6.06e-04 8.37e-05 1.02e-04 1.01e-04 1.01e-04 1.01e-04 1.01e-04
4.85e-01 4.90e-01 6.06e-05 4.90e-01 6.06e-05 4.77e-05 4.77e-05 1.01e-04 1.01e-04 1.01e-04 1.01e-04
4.72e-01 3.77e-01 7.32e-03 3.80e-01 7.87e-03 5.58e-36 1.13e-03 5.74e-04 3.81e-04 3.81e-04 4.33e-05
4.84e-01 4.00e-01 2.43e-04 4.00e-01 2.43e-04 2.19e-24 6.30e-04 6.30e-04 6.30e-04 6.30e-04 6.30e-04
4.78e-01 4.02e-01 3.07e-02 4.00e-01 3.08e-02 7.77e-16 1.39e-03 6.13e-04 4.16e-04 2.50e-04 3.70e-05
4.76e-01 4.49e-01 3.12e-03 4.50e-01 3.30e-03 2.99e-14 7.92e-04 7.06e-04 7.06e-04 7.06e-04 8.86e-05
4.99e-01 5.05e-01 1.76e-02 5.10e-01 1.84e-02 9.83e-06 2.15e-05 1.02e-05 3.81e-06 3.54e-06 4.36e-07
4.94e-01 4.22e-01 2.84e-02 4.20e-01 2.84e-02 6.43e-09 2.24e-03 5.01e-04 2.52e-04 1.93e-04 4.25e-05
4.74e-01 3.74e-01 8.39e-02 3.70e-01 8.40e-02 5.14e-17 1.82e-03 4.71e-04 2.01e-04 1.48e-04 3.90e-05
4.92e-01 4.00e-01 9.87e-03 4.00e-01 9.88e-03 3.98e-25 1.53e-03 6.13e-04 3.73e-04 3.73e-04 6.47e-05
4.98e-01 3.93e-01 2.37e-02 3.90e-01 2.38e-02 1.56e-29 1.37e-03 5.94e-04 4.60e-04 2.15e-04 2.39e-05
4.73e-01 5.06e-01 9.08e-03 5.10e-01 9.74e-03 4.10e-06 4.31e-06 6.88e-04 2.63e-04 2.63e-04 1.52e-04
4.77e-01 3.53e-01 2.85e-01 3.10e-01 2.88e-01 1.06e-07 1.99e-03 3.98e-04 2.11e-04 9.14e-05 1.52e-05
4.86e-01 4.80e-01 3.07e-05 4.80e-01 3.07e-05 3.40e-05 9.71e-05 9.71e-05 9.71e-05 9.71e-05 9.71e-05
5.01e-01 4.83e-01 6.03e-03 4.80e-01 6.94e-03 2.44e-05 1.31e-03 7.57e-04 4.64e-04 4.64e-04 6.46e-05
4.98e-01 5.04e-01 4.25e-02 5.00e-01 4.27e-02 3.18e-04 1.30e-03 2.51e-04 1.05e-04 5.67e-05 4.86e-06
4.90e-01 2.44e-01 2.81e-02 2.40e-01 2.85e-02 9.62e-71 2.07e-05 2.03e-05 2.03e-05 2.03e-05 2.03e-05
4.91e-01 3.57e-01 9.69e-02 3.60e-01 9.70e-02 1.04e-08 3.27e-03 4.67e-04 2.23e-04 1.66e-04 1.56e-05
4.96e-01 3.50e-01 7.79e-03 3.50e-01 7.80e-03 7.24e-14 9.85e-04 5.14e-04 2.53e-04 1.81e-04 2.58e-05
4.88e-01 3.54e-01 8.80e-03 3.60e-01 1.04e-02 2.43e-16 1.32e-03 5.34e-04 5.05e-04 1.42e-04 2.15e-05
4.94e-01 6.40e-01 1.79e-03 6.40e-01 1.82e-03 1.96e-191 1.25e-46 9.53e-04 9.53e-04 9.53e-04 9.53e-04
4.73e-01 4.16e-01 7.08e-02 4.10e-01 7.11e-02 1.96e-06 2.47e-03 5.69e-04 3.53e-04 1.62e-04 1.59e-05
4.79e-01 5.16e-01 2.70e-02 5.20e-01 2.73e-02 1.85e-05 3.09e-05 1.72e-04 8.68e-05 5.28e-05 5.66e-06
4.98e-01 3.93e-01 1.21e-02 3.90e-01 1.25e-02 3.43e-11 1.83e-03 5.04e-04 3.31e-04 2.39e-04 5.07e-05
4.83e-01 3.46e-01 1.17e-02 3.50e-01 1.24e-02 8.34e-10 1.57e-03 4.60e-04 2.66e-04 2.12e-04 5.17e-05
4.81e-01 4.79e-01 2.19e-03 4.80e-01 2.24e-03 8.26e-05 1.02e-04 9.71e-05 9.71e-05 9.71e-05 5.37e-06
4.94e-01 6.05e-01 5.67e-03 6.10e-01 7.49e-03 3.68e-105 2.10e-89 9.27e-04 8.71e-04 8.71e-04 3.73e-05
4.89e-01 4.48e-01 1.91e-02 4.50e-01 1.92e-02 5.36e-06 2.25e-03 5.21e-04 5.21e-04 1.88e-04 3.19e-05
4.80e-01 4.57e-01 9.78e-02 4.50e-01 9.81e-02 2.72e-05 4.53e-04 1.10e-04 6.95e-05 2.77e-05 6.78e-06
4.95e-01 3.99e-01 5.10e-03 4.00e-01 5.16e-03 1.88e-51 8.30e-04 6.13e-04 6.13e-04 1.39e-04 7.70e-05
4.97e-01 5.21e-01 3.83e-03 5.20e-01 3.94e-03 3.36e-09 3.41e-09 8.19e-04 8.19e-04 8.19e-04 3.29e-05
4.73e-01 4.04e-01 1.47e-01 3.90e-01 1.48e-01 5.47e-08 2.44e-03 5.79e-04 3.64e-04 1.64e-04 1.79e-05
4.96e-01 5.69e-01 7.67e-02 6.10e-01 8.70e-02 8.52e-129 8.22e-05 2.36e-04 2.36e-04 7.72e-05 3.21e-05
4.97e-01 4.85e-01 1.31e-02 4.90e-01 1.40e-02 3.81e-05 1.73e-04 5.49e-05 3.04e-05 3.04e-05 1.67e-06
4.77e-01 4.72e-01 4.22e-03 4.70e-01 4.81e-03 4.94e-05 1.12e-04 9.30e-05 9.30e-05 2.85e-05 2.85e-05
4.89e-01 3.94e-01 2.98e-02 4.00e-01 3.04e-02 1.08e-30 1.11e-03 4.80e-04 2.17e-04 2.17e-04 1.93e-05
4.89e-01 5.69e-01 5.05e-03 5.70e-01 5.20e-03 2.19e-69 2.27e-51 8.84e-04 8.84e-04 2.31e-04 8.44e-05
4.91e-01 4.49e-01 3.49e-03 4.50e-01 3.64e-03 2.02e-25 8.14e-04 7.06e-04 7.06e-04 7.06e-04 9.93e-05
4.81e-01 5.02e-01 3.84e-03 5.00e-01 4.25e-03 5.06e-15 5.06e-15 1.05e-04 1.05e-04 1.05e-04 2.33e-05
4.96e-01 3.51e-01 1.09e-02 3.50e-01 1.10e-02 1.80e-42 1.48e-03 5.14e-04 3.44e-04 1.40e-04 8.27e-05
4.78e-01 3.73e-01 6.69e-03 3.70e-01 7.49e-03 1.33e-50 1.08e-03 5.54e-04 4.12e-04 4.12e-04 2.51e-05
4.87e-01 6.17e-01 4.41e-03 6.20e-01 5.13e-03 0.00e+00 8.42e-162 9.36e-04 9.36e-04 3.34e-04 3.34e-04
4.73e-01 4.90e-01 1.11e-04 4.90e-01 1.11e-04 4.18e-10 4.18e-10 1.01e-04 1.01e-04 1.01e-04 1.01e-04
4.79e-01 3.29e-01 9.54e-02 2.60e-01 1.18e-01 3.68e-08 4.45e-05 2.45e-05 2.45e-05 1.31e-05 9.85e-07
4.80e-01 3.31e-01 9.33e-03 3.30e-01 9.39e-03 1.85e-20 1.15e-03 4.74e-04 2.38e-04 2.38e-04 4.29e-05
4.86e-01 4.61e-01 2.68e-01 4.30e-01 2.69e-01 3.33e-06 1.10e-03 1.80e-04 7.74e-05 6.08e-05 6.64e-06
4.74e-01 4.60e-01 3.06e-04 4.60e-01 3.06e-04 1.60e-14 8.90e-05 8.89e-05 8.89e-05 8.89e-05 8.89e-05
4.98e-01 4.24e-01 5.19e-03 4.20e-01 6.78e-03 2.49e-37 1.16e-03 6.51e-04 4.94e-04 4.94e-04 4.94e-04
4.79e-01 4.77e-01 5.30e-03 4.80e-01 5.97e-03 7.12e-04 1.03e-03 7.57e-04 3.54e-04 3.54e-04 4.56e-05
4.71e-01 3.51e-01 3.08e-03 3.50e-01 3.25e-03 4.05e-202 5.75e-04 5.14e-04 5.14e-04 5.14e-04 6.20e-05
4.93e-01 5.09e-01 4.04e-03 5.10e-01 4.19e-03 4.68e-05 4.69e-05 8.04e-04 8.04e-04 8.04e-04 3.23e-05
4.83e-01 3.39e-01 2.36e-02 3.40e-01 2.36e-02 9.08e-06 1.24e-03 4.94e-04 1.76e-04 1.76e-04 1.49e-05
4.92e-01 4.40e-01 1.99e-04 4.40e-01 1.99e-04 3.30e-112 8.10e-05 8.10e-05 8.10e-05 8.10e-05 8.10e-05
4.94e-01 1.21e+00 1.02e+00 4.10e-01 1.30e+00 3.57e-08 1.00e-04 1.29e-05 3.12e-06 2.56e-06 3.20e-07
4.92e-01 4.99e-01 2.26e-03 5.00e-01 2.32e-03 3.06e-05 3.21e-05 1.05e-04 1.05e-04 1.05e-04 6.36e-06
4.76e-01 4.74e-01 3.72e-02 4.80e-01 3.76e-02 1.73e-04 3.92e-04 1.67e-04 9.33e-05 6.64e-05 5.77e-06
4.97e-01 3.39e-01 9.03e-03 3.40e-01 9.06e-03 3.55e-17 1.13e-03 4.94e-04 2.58e-04 2.58e-04 3.23e-05
4.75e-01 4.18e-01 4.57e-03 4.20e-01 4.96e-03 5.38e-30 8.52e-04 6.51e-04 6.51e-04 1.83e-04 1.83e-04
4.84e-01 4.05e-01 5.01e-03 4.00e-01 7.00e-03 3.57e-101 1.20e-03 6.13e-04 5.89e-04 5.89e-04 5.89e-04
4.90e-01 4.91e-01 3.63e-03 4.90e-01 3.70e-03 7.63e-04 7.93e-04 7.73e-04 7.73e-04 7.73e-04 3.11e-05
4.92e-01 5.00e-01 1.27e-05 5.00e-01 1.27e-05 2.62e-05 2.62e-05 1.05e-04 1.05e-04 1.05e-04 1.05e-04
4.72e-01 1.77e-01 2.52e-02 1.70e-01 2.61e-02 3.06e-30 1.38e-05 8.81e-06 4.69e-06 4.69e-06 4.69e-06
4.89e-01 3.06e-01 5.71e-03 3.10e-01 6.70e-03 2.50e-50 7.41e-04 4.33e-04 2.72e-04 2.72e-04 2.83e-05
4.97e-01 4.97e-01 4.66e-03 5.00e-01 5.60e-03 6.72e-04 9.32e-04 7.89e-04 7.89e-04 3.57e-04 3.57e-04
4.83e-01 4.75e-01 5.66e-03 4.70e-01 7.36e-03 5.03e-04 1.44e-03 7.40e-04 6.66e-04 6.66e-04 2.98e-05
4.77e-01 3.33e-01 1.74e-02 3.40e-01 1.88e-02 4.30e-11 2.21e-03 4.75e-04 2.05e-04 1.63e-04 3.17e-05
4.86e-01 4.68e-01 1.52e-02 4.70e-01 1.53e-02 1.45e-05 8.99e-04 7.40e-04 7.40e-04 7.40e-04 3.35e-05
4.99e-01 2.71e-01 1.00e-02 2.70e-01 1.01e-02 2.45e-09 8.81e-04 3.52e-04 2.05e-04 2.05e-04 4.07e-05
4.96e-01 5.00e-01 2.05e-04 5.00e-01 2.05e-04 6.61e-05 6.61e-05 1.05e-04 1.05e-04 1.05e-04 1.05e-04
4.88e-01 3.96e-01 5.02e-03 4.00e-01 6.44e-03 1.32e-91 1.04e-03 6.13e-04 4.25e-04 4.25e-04 4.25e-04
4.95e-01 3.77e-01 1.55e-01 3.70e-01 1.55e-01 2.65e-11 2.85e-03 4.76e-04 2.37e-04 1.39e-04 2.23e-05
4.94e-01 5.00e-01 7.03e-04 5.00e-01 7.04e-04 4.55e-05 4.58e-05 1.05e-04 1.05e-04 1.05e-04 1.05e-04
4.95e-01 5.00e-01 4.53e-04 5.00e-01 4.54e-04 5.58e-05 5.59e-05 1.05e-04 1.05e-04 1.05e-04 1.05e-04
4.92e-01 6.29e-01 3.09e-03 6.30e-01 3.25e-03 5.21e-207 2.09e-80 9.45e-04 9.45e-04 9.45e-04 1.14e-04
4.94e-01 4.97e-01 1.26e-02 5.00e-01 1.29e-02 6.46e-04 9.93e-04 7.89e-04 5.43e-04 3.01e-04 2.77e-05
4.92e-01 6.30e-01 2.16e-03 6.30e-01 2.21e-03 4.77e-319 1.12e-119 9.45e-04 9.45e-04 9.45e-04 5.22e-05
4.79e-01 4.07e-01 4.95e-03 4.10e-01 6.01e-03 3.78e-38 9.86e-04 6.32e-04 3.46e-04 3.46e-04 3.46e-04
4.94e-01 3.94e-01 5.22e-03 3.90e-01 6.66e-03 2.11e-80 1.05e-03 5.94e-04 4.39e-04 4.39e-04 4.39e-04
4.90e-01 4.90e-01 8.84e-05 4.90e-01 8.84e-05 9.67e-05 1.01e-04 1.01e-04 1.01e-04 1.01e-04 1.01e-04
4.89e-01 5.30e-01 1.86e-03 5.30e-01 1.89e-03 8.88e-39 8.88e-39 8.33e-04 8.33e-04 8.33e-04 3.35e-05
4.95e-01 3.61e-01 3.04e-03 3.60e-01 3.16e-03 1.97e-81 5.94e-04 5.34e-04 5.34e-04 5.34e-04 5.64e-05
4.94e-01 3.44e-01 1.72e-02 3.40e-01 1.77e-02 6.82e-18 2.16e-03 4.07e-04 2.04e-04 1.86e-04 1.49e-05
4.92e-01 5.56e-01 5.58e-01 4.00e-01 5.80e-01 5.36e-10 6.09e-04 1.20e-04 6.35e-05 2.72e-05 2.79e-06
4.92e-01 2.01e-01 3.39e-03 2.00e-01 3.48e-03 1.77e-94 1.41e-05 1.31e-05 1.31e-05 1.31e-05 1.05e-06
4.99e-01 8.16e-01 5.65e-01 6.60e-01 5.87e-01 3.81e-05 2.01e-04 2.21e-04 4.89e-05 1.90e-05 2.72e-06
4.78e-01 3.69e-01 6.79e-02 3.70e-01 6.79e-02 3.51e-13 2.26e-03 4.76e-04 2.12e-04 1.45e-04 1.67e-05
4.99e-01 3.58e-01 4.99e-02 3.50e-01 5.05e-02 4.09e-05 1.64e-03 5.14e-04 1.96e-04 1.96e-04 2.07e-05
4.74e-01 5.13e-01 6.81e-02 5.20e-01 6.84e-02 8.89e-05 2.75e-04 1.71e-04 7.40e-05 3.19e-05 4.11e-06
4.72e-01 3.99e-01 7.01e-02 4.00e-01 7.01e-02 1.11e-08 2.24e-03 5.61e-04 3.14e-04 1.60e-04 3.08e-05
5.16e-01 4.40e-01 1.02e-02 4.40e-01 1.02e-02 3.15e-15 1.78e-03 6.88e-04 4.18e-04 4.18e-04 9.68e-05
5.03e-01 5.10e-01 3.40e-05 5.10e-01 3.40e-05 3.61e-05 3.61e-05 1.10e-04 1.10e-04 1.10e-04 1.10e-04
5.12e-01 3.71e-01 9.14e-03 3.70e-01 9.23e-03 1.21e-66 1.27e-03 5.54e-04 3.98e-04 2.12e-04 4.74e-05
5.26e-01 1.22e+00 9.70e-01 4.10e-01 1.26e+00 2.78e-06 1.83e-04 1.01e-05 3.42e-06 2.00e-06 2.85e-07
5.07e-01 5.32e-01 4.16e-03 5.30e-01 4.68e-03 3.45e-12 3.45e-12 8.33e-04 8.33e-04 2.34e-04 2.34e-04
5.11e-01 5.20e-01 2.05e-03 5.20e-01 2.09e-03 1.01e-04 1.04e-04 8.19e-04 8.19e-04 8.19e-04 3.70e-05
5.36e-01 5.17e-01 3.44e-02 5.20e-01 3.45e-02 3.25e-04 1.94e-03 4.10e-04 1.48e-04 6.66e-05 1.25e-05
5.36e-01 5.69e-01 4.51e-03 5.70e-01 4.68e-03 2.79e-12 2.79e-12 8.84e-04 8.84e-04 1.96e-04 5.33e-05
5.02e-01 4.58e-01 1.13e-02 4.60e-01 1.14e-02 2.95e-07 2.04e-03 7.23e-04 4.51e-04 1.89e-04 4.00e-05
5.32e-01 4.07e-01 2.16e-02 4.10e-01 2.18e-02 1.31e-98 7.96e-04 6.32e-04 6.32e-04 6.32e-04 6.35e-05
5.14e-01 5.64e-01 4.95e-03 5.60e-01 6.52e-03 3.69e-43 3.69e-43 8.72e-04 6.44e-04 6.44e-04 6.44e-04
5.28e-01 4.87e-01 1.17e-02 4.90e-01 1.21e-02 2.66e-06 2.30e-03 7.73e-04 4.16e-04 2.76e-04 5.44e-05
5.48e-01 5.40e-01 1.28e-03 5.40e-01 1.29e-03 1.88e-04 8.58e-04 8.46e-04 8.46e-04 8.46e-04 8.46e-04
5.44e-01 5.00e-01 6.27e-05 5.00e-01 6.27e-05 1.21e-81 1.05e-04 1.05e-04 1.05e-04 1.05e-04 1.05e-04
5.29e-01 4.81e-01 3.37e-03 4.80e-01 3.61e-03 1.66e-82 1.12e-04 9.71e-05 9.71e-05 9.71e-05 1.46e-05
5.38e-01 4.86e-01 4.96e-03 4.90e-01 6.61e-03 4.41e-110 1.80e-04 1.01e-04 7.88e-05 7.88e-05 7.88e-05
5.27e-01 5.71e-01 5.18e-03 5.70e-01 5.22e-03 7.18e-19 7.18e-19 8.84e-04 8.84e-04 2.00e-04 1.24e-04
5.02e-01 4.32e-01 4.52e-03 4.30e-01 5.04e-03 1.22e-49 8.95e-04 6.70e-04 6.70e-04 2.12e-04 2.12e-04
5.32e-01 5.30e-01 3.05e-04 5.30e-01 3.06e-04 9.53e-05 1.18e-04 1.18e-04 1.18e-04 1.18e-04 1.18e-04
5.32e-01 5.36e-01 5.65e-03 5.40e-01 7.07e-03 7.01e-04 8.54e-04 8.46e-04 6.68e-04 6.68e-04 3.83e-05
5.26e-01 3.88e-01 1.17e-01 3.20e-01 1.35e-01 6.47e-05 1.87e-03 3.81e-04 1.39e-04 1.21e-04 1.37e-05
4.99e-01 5.16e-01 3.73e-02 5.20e-01 3.75e-02 6.45e-05 1.55e-04 9.60e-05 4.01e-05 2.15e-05 1.75e-06
5.00e-01 5.15e-01 5.06e-03 5.10e-01 7.06e-03 4.32e-05 4.34e-05 8.04e-04 7.88e-04 7.88e-04 7.88e-04
5.13e-01 5.00e-01 1.75e-03 5.00e-01 1.78e-03 2.37e-06 1.09e-04 1.05e-04 1.05e-04 1.05e-04 1.05e-04
5.19e-01 5.21e-01 1.07e-02 5.20e-01 1.07e-02 3.72e-04 6.65e-04 3.91e-04 2.61e-04 8.84e-05 6.68e-05
5.00e-01 4.60e-01 2.32e-03 4.60e-01 2.32e-03 1.08e-19 7.64e-04 7.23e-04 7.23e-04 7.23e-04 2.18e-05
5.03e-01 3.79e-01 3.68e-02 3.80e-01 3.68e-02 2.79e-20 1.94e-03 4.36e-04 2.05e-04 1.70e-04 2.02e-05
5.35e-01 6.60e-01 2.11e-03 6.60e-01 2.16e-03 6.62e-200 6.62e-200 9.67e-04 9.67e-04 9.67e-04 4.86e-05
5.26e-01 5.13e-01 4.52e-03 5.10e-01 5.27e-03 1.30e-04 1.11e-03 8.04e-04 8.04e-04 3.07e-04 3.07e-04
5.00e-01 3.25e-01 2.11e-02 3.20e-01 2.16e-02 1.41e-09 1.98e-03 4.06e-04 1.89e-04 1.34e-04 1.37e-05
5.37e-01 5.22e-01 5.70e-03 5.20e-01 6.14e-03 1.08e-04 1.29e-03 8.19e-04 3.78e-04 3.78e-04 9.46e-05
5.25e-01 6.53e-01 4.64e-03 6.50e-01 5.60e-03 7.08e-195 7.29e-33 9.60e-04 9.60e-04 4.39e-04 4.39e-04
5.37e-01 4.85e-01 8.87e-03 4.80e-01 1.02e-02 2.38e-09 1.81e-03 7.57e-04 6.43e-04 1.98e-04 2.66e-05
5.05e-01 5.18e-01 3.94e-03 5.20e-01 4.36e-03 9.11e-05 9.11e-05 8.19e-04 8.19e-04 8.19e-04 1.93e-04
5.21e-01 3.99e-01 5.74e-03 4.00e-01 5.80e-03 1.50e-205 6.76e-04 6.13e-04 6.13e-04 6.13e-04 5.85e-05
5.08e-01 4.49e-01 3.66e-03 4.50e-01 3.83e-03 7.78e-31 8.27e-04 7.06e-04 7.06e-04 7.06e-04 1.10e-04
5.08e-01 3.46e-01 2.84e-02 3.50e-01 2.87e-02 6.03e-06 2.55e-03 4.26e-04 2.20e-04 1.21e-04 2.58e-05
5.36e-01 6.60e-01 9.36e-04 6.60e-01 9.39e-04 0.00e+00 1.98e-54 9.67e-04 9.67e-04 9.67e-04 9.67e-04
5.35e-01 6.19e-01 9.15e-03 6.20e-01 9.18e-03 3.45e-30 3.45e-30 3.32e-11 1.59e-11 1.59e-11 1.17e-12
5.32e-01 5.08e-01 7.26e-03 5.10e-01 7.54e-03 4.72e-06 1.54e-03 8.04e-04 4.73e-04 2.26e-04 4.04e-05
5.33e-01 4.69e-01 1.08e-02 4.70e-01 1.08e-02 3.72e-15 1.60e-03 7.40e-04 3.53e-04 3.53e-04 4.09e-05
5.07e-01 5.28e-01 1.39e-01 5.30e-01 1.39e-01 2.73e-04 9.11e-04 3.24e-04 1.19e-04 5.95e-05 5.75e-06
5.07e-01 4.75e-01 6.95e-02 5.10e-01 7.77e-02 5.98e-04 1.18e-03 8.04e-04 4.89e-04 2.06e-04 3.64e-05
5.04e-01 4.89e-01 6.71e-03 4.90e-01 6.75e-03 1.38e-04 1.32e-03 7.73e-04 3.15e-04 2.25e-04 2.25e-04
5.11e-01 5.12e-01 5.81e-03 5.10e-01 6.16e-03 7.39e-04 9.55e-04 8.04e-04 3.47e-04 3.47e-04 1.05e-04
5.27e-01 4.70e-01 5.60e-05 4.70e-01 5.60e-05 2.64e-177 9.30e-05 9.30e-05 9.30e-05 9.30e-05 9.30e-05
5.23e-01 3.11e-01 1.73e-02 3.10e-01 1.73e-02 1.08e-09 1.84e-03 3.85e-04 2.11e-04 9.58e-05 1.96e-05
5.28e-01 5.13e-01 5.31e-03 5.10e-01 6.28e-03 1.14e-04 1.31e-03 8.04e-04 4.77e-04 4.77e-04 4.04e-05
5.14e-01 6.40e-01 1.30e-03 6.40e-01 1.31e-03 0.00e+00 1.12e-62 9.53e-04 9.53e-04 9.53e-04 9.53e-04
5.31e-01 5.28e-01 4.17e-03 5.30e-01 4.74e-03 1.04e-04 1.52e-04 1.18e-04 1.18e-04 3.44e-05 3.44e-05
5.18e-01 4.83e-01 3.38e-02 4.80e-01 3.39e-02 8.81e-05 8.71e-04 1.06e-04 5.77e-05 3.49e-05 5.37e-06
5.36e-01 4.70e-01 1.65e-04 4.70e-01 1.65e-04 7.48e-243 9.30e-05 9.30e-05 9.30e-05 9.30e-05 9.30e-05
5.10e-01 5.17e-01 3.23e-02 5.20e-01 3.25e-02 1.67e-04 3.94e-04 2.63e-04 1.07e-04 6.48e-05 5.51e-06
5.36e-01 8.45e-01 6.36e-01 6.60e-01 6.62e-01 5.81e-05 6.08e-04 1.46e-04 2.59e-05 1.06e-05 1.92e-06
5.35e-01 4.71e-01 4.65e-03 4.70e-01 4.71e-03 1.07e-27 9.48e-04 7.40e-04 7.40e-04 1.41e-04 7.07e-05
5.32e-01 4.98e-01 9.09e-02 5.20e-01 9.35e-02 1.78e-04 2.00e-03 2.34e-04 1.04e-04 4.91e-05 5.77e-06
4.99e-01 4.84e-01 5.16e-03 4.80e-01 6.77e-03 6.25e-05 1.37e-03 7.57e-04 6.05e-04 6.05e-04 6.05e-04
5.03e-01 5.18e-01 6.52e-03 5.20e-01 6.86e-03 1.53e-04 1.61e-04 8.19e-04 4.11e-04 4.11e-04 1.56e-04
5.07e-01 6.12e-01 4.35e-03 6.10e-01 4.95e-03 6.05e-168 1.90e-102 9.27e-04 9.27e-04 2.98e-04 2.98e-04
5.19e-01 6.30e-01 2.16e-03 6.30e-01 2.16e-03 3.68e-187 7.75e-21 9.45e-04 9.45e-04 9.45e-04 2.85e-05
5.09e-01 4.16e-01 5.90e-03 4.20e-01 6.99e-03 1.28e-39 1.20e-03 6.51e-04 4.81e-04 4.81e-04 5.56e-05
5.18e-01 4.17e-01 1.90e-01 4.00e-01 1.90e-01 3.75e-17 1.61e-03 6.13e-04 3.73e-04 1.17e-04 1.85e-05
5.17e-01 3.56e-01 5.90e-03 3.60e-01 6.97e-03 3.39e-35 9.50e-04 5.34e-04 3.63e-04 3.63e-04 4.03e-05
5.30e-01 5.73e-01 8.91e-03 5.70e-01 9.31e-03 2.87e-16 2.87e-16 3.76e-11 2.69e-11 1.46e-11 1.32e-12
5.37e-01 5.54e-01 5.20e-03 5.50e-01 6.61e-03 7.76e-06 7.76e-06 8.60e-04 5.96e-04 5.96e-04 5.96e-04
5.29e-01 4.72e-01 5.77e-02 4.40e-01 6.62e-02 6.67e-06 3.22e-04 3.90e-05 1.50e-05 8.58e-06 1.23e-06
5.37e-01 4.15e-01 6.85e-03 4.20e-01 8.20e-03 1.69e-45 1.31e-03 6.51e-04 5.20e-04 5.20e-04 6.87e-05
5.11e-01 7.44e-01 7.01e-01 5.30e-01 7.33e-01 4.94e-05 5.84e-04 3.94e-05 1.37e-05 7.00e-06 1.46e-06
