2.30e-02 1.40e-01 7.36e-04 1.40e-01 7.38e-04 0.00e+00 0.00e+00 1.19e-04 1.19e-04 1.19e-04 1.19e-04
2.19e-02 2.83e+00 4.89e-03 2.83e+00 5.80e-03 2.75e-74 3.39e-74 2.74e-04 2.74e-04 1.29e-04 1.29e-04
4.42e-02 2.86e+00 4.99e-03 2.86e+00 6.87e-03 7.39e-78 1.04e-29 2.68e-04 2.40e-04 2.40e-04 2.40e-04
3.65e-02 1.52e-01 3.76e-03 1.50e-01 4.12e-03 1.74e-119 2.34e-71 1.34e-04 1.34e-04 1.34e-04 2.77e-05
4.84e-02 1.30e-01 1.29e-05 1.30e-01 1.29e-05 0.00e+00 0.00e+00 1.05e-04 1.05e-04 1.05e-04 1.05e-04
3.84e-02 1.60e-01 1.32e-03 1.60e-01 1.33e-03 0.00e+00 0.00e+00 1.50e-04 1.50e-04 1.50e-04 1.50e-04
3.76e-02 2.92e+00 4.90e-03 2.92e+00 6.34e-03 6.16e-37 6.16e-37 2.57e-04 1.73e-04 1.73e-04 1.73e-04
3.47e-02 1.54e-01 5.07e-03 1.50e-01 6.23e-03 3.36e-34 7.37e-33 1.34e-04 8.04e-05 8.04e-05 8.04e-05
3.01e-02 2.88e+00 1.17e-01 2.89e+00 1.17e-01 9.75e-08 1.15e-07 2.61e-04 1.32e-04 9.63e-05 1.32e-05
4.74e-02 8.55e-02 5.01e-03 9.00e-02 6.73e-03 2.24e-19 2.24e-19 5.50e-05 4.48e-05 4.48e-05 4.48e-05
3.22e-02 2.93e+00 3.98e-03 2.93e+00 4.03e-03 8.10e-160 8.11e-160 2.55e-04 2.55e-04 2.55e-04 1.28e-05
3.51e-02 2.97e+00 1.33e-01 3.00e+00 1.36e-01 4.53e-09 4.89e-09 2.43e-04 1.55e-04 1.19e-04 2.93e-05
4.55e-02 1.66e+00 1.32e+00 1.30e-01 2.02e+00 7.86e-25 1.23e-18 3.20e-04 6.91e-05 3.86e-05 4.82e-06
4.84e-02 2.99e+00 1.26e-02 3.00e+00 1.57e-02 1.63e-10 2.02e-10 2.43e-04 1.35e-04 1.35e-04 3.30e-05
2.96e-02 2.93e+00 1.06e-02 2.93e+00 1.09e-02 5.28e-36 5.29e-36 2.37e-04 1.69e-04 8.47e-05 2.31e-05
3.11e-02 2.91e+00 1.04e-02 2.91e+00 1.09e-02 2.82e-25 9.41e-20 2.59e-04 1.22e-04 7.55e-05 1.04e-05
3.02e-02 2.91e+00 1.87e-02 2.91e+00 1.91e-02 3.62e-15 1.40e-13 2.51e-04 1.17e-04 5.08e-05 1.30e-05
4.36e-02 1.68e-01 4.33e-03 1.70e-01 4.86e-03 6.77e-129 6.77e-129 1.66e-04 1.66e-04 5.01e-05 5.01e-05
2.54e-02 4.00e-02 3.15e-04 4.00e-02 3.15e-04 7.17e-10 7.17e-10 1.29e-05 1.29e-05 1.29e-05 1.29e-05
4.63e-02 1.10e-01 2.88e-03 1.10e-01 2.89e-03 1.31e-43 1.31e-43 7.85e-05 7.85e-05 7.85e-05 2.76e-06
4.57e-02 2.93e+00 1.00e-02 2.93e+00 1.04e-02 1.31e-13 6.89e-10 2.55e-04 1.12e-04 1.12e-04 1.67e-05
6.19e-02 2.28e+00 1.10e-02 2.28e+00 1.18e-02 7.42e-206 7.42e-206 1.63e-05 7.62e-06 6.31e-06 1.23e-06
6.85e-02 4.99e-02 1.25e-03 5.00e-02 1.26e-03 2.99e-09 1.96e-05 1.93e-05 1.93e-05 1.93e-05 1.93e-05
5.21e-02 3.00e-02 2.16e-06 3.00e-02 2.16e-06 3.02e-59 7.71e-06 7.71e-06 7.71e-06 7.71e-06 7.71e-06
5.37e-02 2.01e-01 2.35e-03 2.00e-01 2.42e-03 0.00e+00 0.00e+00 2.18e-04 2.18e-04 2.18e-04 1.42e-05
5.15e-02 1.30e-01 1.69e-03 1.30e-01 1.70e-03 1.96e-89 4.30e-73 3.20e-04 3.20e-04 3.20e-04 3.20e-04
5.28e-02 1.46e-01 4.99e-03 1.50e-01 6.19e-03 1.33e-88 2.66e-41 3.54e-04 2.16e-04 2.16e-04 2.16e-04
6.88e-02 2.10e-01 9.18e-04 2.10e-01 9.22e-04 6.75e-17 6.75e-17 2.36e-04 2.36e-04 2.36e-04 2.36e-04
6.62e-02 1.30e-01 2.94e-07 1.30e-01 2.94e-07 0.00e+00 0.00e+00 4.58e-06 4.58e-06 4.58e-06 4.58e-06
6.87e-02 2.97e+00 5.05e-03 2.97e+00 6.34e-03 4.45e-104 3.59e-72 2.48e-04 1.60e-04 1.60e-04 1.60e-04
5.07e-02 1.23e-01 4.77e-03 1.20e-01 5.88e-03 1.36e-62 1.36e-62 9.14e-05 4.87e-05 4.87e-05 4.87e-05
5.31e-02 7.00e-02 1.65e-19 7.00e-02 1.65e-19 0.00e+00 0.00e+00 9.41e-35 9.41e-35 9.41e-35 9.41e-35
7.14e-02 6.02e-02 1.27e-03 6.00e-02 1.28e-03 3.81e-07 2.72e-05 2.68e-05 2.68e-05 2.68e-05 2.68e-05
7.30e-02 1.60e-01 2.91e-03 1.60e-01 2.93e-03 1.52e-71 2.17e-71 1.50e-04 1.50e-04 1.50e-04 1.06e-05
5.09e-02 3.00e+00 2.09e-04 3.00e+00 2.09e-04 2.90e-30 2.90e-30 2.43e-04 2.43e-04 2.43e-04 2.43e-04
5.75e-02 3.00e+00 1.29e-06 3.00e+00 1.29e-06 0.00e+00 8.42e-206 2.43e-04 2.43e-04 2.43e-04 2.43e-04
5.23e-02 1.31e-01 7.09e-03 1.30e-01 7.12e-03 1.49e-23 1.49e-23 1.05e-04 4.49e-05 3.43e-05 2.64e-06
5.85e-02 2.95e+00 9.38e-03 2.95e+00 1.01e-02 3.58e-48 1.88e-26 2.52e-04 9.50e-05 9.50e-05 1.27e-05
7.17e-02 1.02e-01 4.26e-03 1.00e-01 4.87e-03 2.73e-15 2.73e-15 6.64e-05 6.64e-05 2.07e-05 2.07e-05
5.33e-02 2.94e+00 1.18e-02 2.94e+00 1.23e-02 1.33e-34 9.36e-17 2.24e-04 1.42e-04 9.82e-05 2.17e-05
6.68e-02 2.31e-01 1.56e-02 2.30e-01 1.56e-02 6.54e-09 7.46e-09 4.61e-05 2.26e-05 1.54e-05 2.71e-06
5.25e-02 2.74e+00 9.42e-02 2.75e+00 9.46e-02 2.53e-12 2.50e-11 2.22e-04 9.44e-05 5.81e-05 8.71e-06
6.87e-02 2.85e+00 3.38e-02 2.85e+00 3.39e-02 6.53e-22 3.94e-13 2.17e-04 1.00e-04 6.38e-05 1.09e-05
6.75e-02 2.72e+00 7.56e-02 2.73e+00 7.62e-02 4.19e-17 3.22e-14 2.22e-04 9.86e-05 5.45e-05 7.36e-06
6.87e-02 2.95e+00 1.70e-02 2.95e+00 1.70e-02 1.76e-30 2.00e-13 2.15e-04 1.24e-04 5.57e-05 1.65e-05
6.36e-02 2.97e+00 3.09e-02 3.00e+00 4.44e-02 7.33e-09 2.57e-08 2.43e-04 2.08e-04 1.49e-04 4.52e-05
7.17e-02 2.89e-01 8.36e-01 2.00e-02 8.78e-01 4.21e-38 6.30e-12 6.30e-12 6.30e-12 6.30e-12 3.17e-13
5.88e-02 1.34e-01 1.09e-01 1.30e-01 1.09e-01 2.87e-31 1.86e-25 3.20e-04 3.20e-04 5.78e-05 5.14e-05
6.35e-02 2.89e+00 2.69e-02 2.89e+00 2.72e-02 1.91e-23 2.26e-12 2.26e-04 1.11e-04 6.33e-05 6.60e-06
7.14e-02 2.93e+00 4.22e-01 3.00e+00 4.27e-01 9.42e-09 8.31e-06 2.43e-04 2.43e-04 1.20e-04 2.32e-05
5.65e-02 1.76e-01 4.95e-03 1.80e-01 6.52e-03 1.64e-166 1.64e-166 1.83e-04 1.35e-04 1.35e-04 1.35e-04
6.93e-02 1.29e-01 3.05e-03 1.30e-01 3.18e-03 4.73e-49 4.73e-49 1.05e-04 1.05e-04 1.05e-04 1.16e-05
5.78e-02 2.48e+00 1.11e+00 3.00e+00 1.23e+00 3.30e-06 3.57e-06 2.43e-04 1.14e-04 5.01e-05 6.11e-06
6.53e-02 2.90e+00 3.94e-02 2.90e+00 3.94e-02 6.15e-15 2.13e-11 2.01e-04 9.04e-05 5.50e-05 1.44e-05
6.97e-02 8.27e-02 7.41e-03 8.00e-02 7.90e-03 6.30e-06 6.40e-06 4.47e-05 2.70e-05 2.70e-05 6.52e-06
5.20e-02 1.42e-01 1.20e-01 1.40e-01 1.20e-01 2.56e-45 8.78e-25 3.37e-04 2.07e-04 2.07e-04 3.73e-05
6.91e-02 2.36e+00 1.21e+00 3.00e+00 1.37e+00 3.30e-05 4.27e-05 2.13e-04 7.49e-05 3.53e-05 8.56e-06
5.15e-02 8.08e-02 6.34e-03 8.00e-02 6.39e-03 1.69e-18 1.69e-18 4.47e-05 4.47e-05 4.47e-05 4.27e-06
6.18e-02 2.10e-01 1.72e-02 2.10e-01 1.72e-02 6.29e-09 6.29e-09 2.36e-04 9.02e-05 7.84e-05 7.84e-05
8.73e-02 5.70e-02 5.90e-03 6.00e-02 6.60e-03 8.42e-10 4.35e-05 2.68e-05 1.37e-05 1.37e-05 2.29e-06
9.40e-02 1.54e-01 4.26e-02 1.50e-01 4.29e-02 5.93e-10 6.01e-10 1.34e-04 6.42e-05 4.25e-05 6.08e-06
8.98e-02 2.18e+00 7.54e-03 2.18e+00 7.72e-03 1.37e-249 1.77e-233 2.61e-05 1.43e-05 8.12e-06 1.57e-06
8.94e-02 7.96e-02 1.53e-01 7.00e-02 1.53e-01 4.20e-07 4.30e-05 3.53e-05 3.53e-05 3.53e-05 7.44e-06
9.09e-02 1.09e-01 2.81e-03 1.10e-01 2.94e-03 6.49e-07 6.49e-07 7.85e-05 7.85e-05 7.85e-05 7.49e-06
9.13e-02 1.80e-01 1.32e-03 1.80e-01 1.32e-03 2.44e-98 7.21e-55 1.83e-04 1.83e-04 1.83e-04 1.83e-04
9.97e-02 2.92e+00 2.03e-02 2.92e+00 2.05e-02 6.40e-28 8.50e-13 2.13e-04 1.07e-04 7.11e-05 1.03e-05
9.62e-02 3.00e-02 3.99e-04 3.00e-02 4.00e-04 1.01e-248 7.73e-06 7.71e-06 7.71e-06 7.71e-06 7.71e-06
1.01e-01 1.20e-01 2.02e-03 1.20e-01 2.07e-03 3.46e-07 3.46e-07 9.14e-05 9.14e-05 9.14e-05 4.13e-06
9.71e-02 1.30e-01 4.50e-07 1.30e-01 4.50e-07 9.57e-90 9.57e-90 4.58e-06 4.58e-06 4.58e-06 4.58e-06
9.06e-02 1.19e-01 2.91e-03 1.20e-01 3.05e-03 2.29e-13 2.29e-13 9.14e-05 9.14e-05 9.14e-05 9.64e-06
8.92e-02 2.95e+00 9.22e-03 2.95e+00 9.40e-03 4.50e-72 1.13e-18 2.52e-04 1.13e-04 1.13e-04 1.65e-05
9.07e-02 3.00e+00 2.47e-03 3.00e+00 2.51e-03 1.39e-49 1.39e-49 2.43e-04 2.43e-04 2.43e-04 2.43e-04
9.10e-02 1.00e-01 1.19e-04 1.00e-01 1.19e-04 6.67e-06 6.67e-06 6.64e-05 6.64e-05 6.64e-05 6.64e-05
8.02e-02 9.16e-02 3.65e-03 9.00e-02 3.98e-03 3.27e-08 3.27e-08 1.86e-06 1.86e-06 1.86e-06 3.55e-07
9.03e-02 1.08e-01 1.87e-02 1.20e-01 2.24e-02 5.70e-10 3.74e-05 1.00e-04 6.11e-05 6.11e-05 3.54e-05
9.14e-02 1.06e-01 8.36e-03 1.10e-01 9.30e-03 2.13e-05 2.42e-05 7.85e-05 6.63e-05 2.05e-05 1.42e-05
9.11e-02 2.70e+00 8.71e-01 3.00e+00 9.21e-01 1.55e-05 4.56e-05 2.43e-04 1.26e-04 6.11e-05 7.34e-06
9.91e-02 2.91e+00 4.87e-02 2.91e+00 4.90e-02 1.74e-15 4.27e-11 2.19e-04 9.37e-05 5.73e-05 2.99e-05
9.07e-02 2.96e+00 1.20e-01 2.98e+00 1.21e-01 1.74e-08 2.41e-06 2.25e-04 2.25e-04 1.92e-04 7.15e-05
9.44e-02 2.81e+00 1.52e-01 2.82e+00 1.53e-01 6.98e-13 1.40e-10 2.17e-04 8.86e-05 5.68e-05 1.38e-05
8.78e-02 1.97e-01 1.16e-01 1.90e-01 1.16e-01 3.96e-16 1.13e-13 2.00e-04 8.96e-05 8.96e-05 1.11e-05
8.92e-02 2.55e-01 5.92e-02 2.90e-01 6.85e-02 7.53e-16 7.54e-16 3.92e-04 2.15e-04 1.12e-04 2.56e-05
8.15e-02 7.67e-02 4.74e-03 8.00e-02 5.76e-03 3.79e-05 6.67e-05 4.47e-05 4.47e-05 2.20e-05 2.20e-05
8.46e-02 5.02e-01 6.18e-01 2.50e-01 6.67e-01 2.55e-09 1.61e-08 6.80e-06 2.56e-06 9.21e-07 1.53e-07
9.14e-02 2.05e-01 5.00e-03 2.00e-01 7.03e-03 5.82e-32 2.47e-18 2.18e-04 2.14e-04 2.14e-04 2.14e-04
9.49e-02 2.99e+00 2.24e-02 3.00e+00 2.48e-02 1.22e-16 2.30e-08 2.43e-04 1.61e-04 1.61e-04 4.40e-05
7.84e-02 1.65e-01 1.01e-01 1.60e-01 1.01e-01 8.96e-82 1.03e-21 3.71e-04 3.71e-04 1.14e-04 4.85e-05
9.83e-02 2.37e-01 9.36e-02 2.50e-01 9.45e-02 3.21e-08 4.70e-08 4.95e-04 4.65e-04 6.71e-05 1.49e-05
8.48e-02 2.59e+00 1.25e-01 2.58e+00 1.26e-01 6.07e-10 6.85e-10 2.46e-04 1.01e-04 5.53e-05 8.13e-06
8.43e-02 2.80e+00 1.35e-01 2.84e+00 1.42e-01 1.31e-08 2.54e-08 2.17e-04 8.06e-05 5.05e-05 2.73e-06
8.91e-02 2.29e-01 1.39e-02 2.30e-01 1.39e-02 1.70e-06 1.71e-06 1.87e-04 1.87e-04 1.87e-04 1.87e-04
8.74e-02 2.77e+00 3.86e-01 3.00e+00 4.51e-01 9.41e-14 1.50e-12 2.43e-04 1.03e-04 2.57e-05 2.45e-06
9.88e-02 2.52e+00 1.44e-02 2.52e+00 1.51e-02 7.10e-48 7.15e-48 4.66e-06 2.80e-06 1.16e-06 2.66e-07
9.80e-02 4.97e-01 3.37e-01 4.20e-01 3.46e-01 2.82e-08 7.01e-08 2.59e-04 1.14e-04 6.50e-05 2.89e-06
8.89e-02 2.79e+00 7.46e-01 3.00e+00 7.74e-01 4.12e-07 2.50e-05 2.43e-04 2.43e-04 6.97e-05 6.11e-06
8.93e-02 2.71e+00 8.71e-02 2.72e+00 8.73e-02 2.34e-12 2.40e-12 2.33e-04 9.19e-05 5.78e-05 7.41e-06
9.47e-02 1.38e-01 5.99e-03 1.40e-01 6.40e-03 1.65e-14 1.61e-13 1.19e-04 5.64e-05 5.64e-05 1.56e-05
7.78e-02 2.98e+00 1.95e-02 3.00e+00 2.84e-02 2.04e-14 6.07e-09 2.43e-04 2.10e-04 2.10e-04 6.24e-05
8.81e-02 2.83e+00 2.21e-02 2.83e+00 2.23e-02 3.03e-57 7.27e-18 2.32e-04 1.31e-04 6.74e-05 9.63e-06
8.93e-02 2.98e+00 3.19e-02 3.00e+00 3.71e-02 9.37e-10 5.95e-08 2.43e-04 1.87e-04 1.36e-04 2.32e-05
9.01e-02 9.51e-02 6.10e-03 1.00e-01 7.82e-03 5.51e-05 5.95e-05 5.90e-05 5.51e-05 5.51e-05 3.56e-06
8.15e-02 2.93e+00 3.43e-02 2.93e+00 3.43e-02 2.78e-23 4.50e-12 2.18e-04 9.76e-05 6.42e-05 4.36e-05
8.55e-02 2.97e+00 2.24e-01 3.00e+00 2.27e-01 3.35e-07 3.99e-06 2.43e-04 1.72e-04 1.14e-04 2.32e-05
8.27e-02 1.13e-01 5.60e-03 1.10e-01 6.28e-03 7.97e-09 7.98e-09 7.85e-05 4.14e-05 4.14e-05 6.31e-06
8.42e-02 2.14e-01 9.14e-03 2.10e-01 9.99e-03 6.74e-12 1.56e-11 2.36e-04 1.80e-04 1.80e-04 1.78e-05
8.51e-02 9.22e-02 4.64e-03 9.00e-02 5.12e-03 2.91e-05 3.00e-05 5.51e-05 5.51e-05 1.80e-05 1.80e-05
9.77e-02 2.97e+00 2.10e-01 3.00e+00 2.13e-01 7.55e-07 2.25e-06 2.43e-04 1.71e-04 1.19e-04 2.20e-05
9.77e-02 2.82e+00 1.62e-01 2.83e+00 1.62e-01 1.42e-14 6.03e-11 2.21e-04 8.80e-05 6.05e-05 6.88e-06
9.76e-02 2.98e+00 2.24e-02 3.00e+00 3.26e-02 7.40e-16 2.99e-10 2.43e-04 1.77e-04 1.38e-04 4.65e-05
9.68e-02 1.40e-01 1.63e-03 1.40e-01 1.64e-03 1.38e-38 6.07e-37 1.19e-04 1.19e-04 1.19e-04 1.19e-04
1.13e-01 7.52e-02 5.05e-03 8.00e-02 6.94e-03 9.35e-24 7.45e-05 3.91e-05 3.53e-05 3.53e-05 3.53e-05
1.20e-01 3.00e-02 4.04e-07 3.00e-02 4.04e-07 0.00e+00 7.71e-06 7.71e-06 7.71e-06 7.71e-06 7.71e-06
1.14e-01 1.80e-01 1.47e-08 1.80e-01 1.47e-08 0.00e+00 0.00e+00 1.01e-05 1.01e-05 1.01e-05 1.01e-05
1.14e-01 1.38e-01 3.96e-03 1.40e-01 4.40e-03 8.89e-11 8.89e-11 1.19e-04 1.19e-04 1.19e-04 2.88e-05
1.02e-01 1.00e-01 1.53e-03 1.00e-01 1.54e-03 5.45e-05 6.68e-05 6.64e-05 6.64e-05 6.64e-05 6.64e-05
1.23e-01 1.10e-01 1.81e-03 1.10e-01 1.82e-03 4.19e-07 8.12e-05 7.85e-05 7.85e-05 7.85e-05 7.85e-05
1.15e-01 1.38e-01 8.64e-03 1.40e-01 8.78e-03 1.69e-07 1.69e-07 3.37e-04 1.44e-04 1.44e-04 5.77e-05
1.11e-01 9.00e-02 3.46e-05 9.00e-02 3.46e-05 1.00e-25 5.51e-05 5.51e-05 5.51e-05 5.51e-05 5.51e-05
1.07e-01 1.17e-01 4.74e-03 1.20e-01 5.83e-03 1.51e-08 1.51e-08 4.06e-08 2.10e-08 2.10e-08 2.10e-08
1.19e-01 1.51e-01 2.69e-03 1.50e-01 2.80e-03 1.27e-27 8.32e-15 1.34e-04 1.34e-04 1.34e-04 1.15e-05
1.12e-01 4.43e-02 5.01e-03 4.00e-02 6.60e-03 7.72e-62 2.28e-05 1.29e-05 9.76e-06 9.76e-06 9.76e-06
1.17e-01 2.15e+00 6.09e-03 2.15e+00 6.63e-03 0.00e+00 1.59e-47 2.99e-05 1.62e-05 1.62e-05 3.90e-06
1.20e-01 1.88e-01 3.66e-03 1.90e-01 3.98e-03 1.87e-112 5.60e-57 2.00e-04 2.00e-04 2.00e-04 3.83e-05
1.13e-01 3.00e+00 6.67e-03 3.00e+00 6.74e-03 5.92e-52 1.06e-09 2.43e-04 2.43e-04 2.43e-04 2.45e-05
1.16e-01 1.10e-01 1.24e-05 1.10e-01 1.24e-05 1.16e-06 3.04e-06 3.04e-06 3.04e-06 3.04e-06 3.04e-06
1.17e-01 2.91e+00 5.17e-02 2.92e+00 5.20e-02 8.28e-10 3.89e-09 2.18e-04 1.22e-04 1.22e-04 7.58e-05
1.17e-01 1.30e-01 1.62e-03 1.30e-01 1.65e-03 2.18e-06 2.18e-06 1.05e-04 1.05e-04 1.05e-04 1.05e-04
1.09e-01 9.96e-02 2.00e-03 1.00e-01 2.04e-03 7.13e-06 6.93e-05 6.64e-05 6.64e-05 6.64e-05 3.00e-06
1.19e-01 1.56e-01 6.59e-03 1.60e-01 7.66e-03 1.88e-15 1.88e-15 3.71e-04 3.45e-04 3.45e-04 5.96e-05
1.14e-01 3.00e+00 2.33e-09 3.00e+00 2.33e-09 3.74e-41 8.43e-28 2.43e-04 2.43e-04 2.43e-04 2.43e-04
1.07e-01 1.10e-01 1.14e-03 1.10e-01 1.15e-03 5.73e-05 5.80e-05 7.85e-05 7.85e-05 7.85e-05 7.85e-05
1.16e-01 1.49e-01 2.68e-03 1.50e-01 2.79e-03 3.14e-42 3.14e-42 1.34e-04 1.34e-04 1.34e-04 1.15e-05
1.21e-01 2.45e+00 1.92e-02 2.45e+00 1.93e-02 9.55e-83 4.77e-52 5.80e-06 3.67e-06 1.75e-06 3.50e-07
1.16e-01 2.89e+00 3.28e-02 2.88e+00 3.33e-02 1.65e-29 1.44e-10 2.34e-04 8.32e-05 4.75e-05 1.06e-05
1.09e-01 2.00e-02 1.29e-18 2.00e-02 1.29e-18 0.00e+00 5.25e-25 5.25e-25 5.25e-25 5.25e-25 5.25e-25
1.24e-01 1.10e-01 2.49e-03 1.10e-01 2.50e-03 1.00e-06 8.37e-05 7.85e-05 7.85e-05 7.85e-05 3.94e-06
1.17e-01 2.20e-01 3.13e-03 2.20e-01 3.13e-03 7.08e-33 3.29e-17 2.55e-04 2.55e-04 2.55e-04 1.28e-05
1.24e-01 1.73e-01 5.24e-02 1.50e-01 5.74e-02 1.80e-05 2.09e-05 9.72e-05 9.66e-05 3.65e-05 6.08e-06
1.13e-01 2.53e+00 1.69e-01 2.48e+00 1.76e-01 2.16e-07 3.17e-07 2.64e-04 9.45e-05 5.60e-05 8.75e-06
1.21e-01 2.79e+00 4.28e-01 2.86e+00 4.33e-01 2.65e-11 2.65e-11 2.21e-04 1.23e-04 5.93e-05 8.08e-06
1.15e-01 1.47e-01 4.93e-03 1.50e-01 5.87e-03 4.77e-12 4.97e-12 1.34e-04 6.69e-05 6.69e-05 6.69e-05
1.15e-01 1.68e-01 2.82e-02 1.70e-01 2.83e-02 1.28e-10 1.32e-10 2.21e-05 1.18e-05 5.11e-06 2.67e-06
1.15e-01 2.13e+00 9.62e-01 2.49e+00 1.03e+00 3.37e-06 1.26e-05 3.98e-06 2.21e-06 1.11e-06 2.76e-07
1.11e-01 8.20e-02 5.34e-03 8.00e-02 5.71e-03 1.09e-11 6.57e-05 4.47e-05 4.47e-05 1.71e-05 4.05e-06
1.01e-01 8.34e-02 9.24e-03 8.00e-02 9.86e-03 8.31e-06 1.12e-04 4.47e-05 3.89e-05 1.66e-05 2.25e-06
1.14e-01 2.66e+00 3.85e-01 2.72e+00 3.89e-01 6.58e-07 6.61e-07 2.33e-04 9.49e-05 6.52e-05 8.89e-06
1.09e-01 1.53e-01 4.73e-03 1.50e-01 5.35e-03 2.05e-25 2.05e-25 1.34e-04 1.34e-04 5.00e-05 5.00e-05
1.22e-01 2.21e+00 2.78e-01 2.07e+00 3.12e-01 4.55e-09 1.43e-08 3.33e-04 9.62e-05 5.37e-05 2.68e-05
1.11e-01 1.49e-01 4.30e-03 1.50e-01 4.38e-03 1.06e-14 1.06e-14 1.34e-04 1.34e-04 1.34e-04 9.45e-06
1.07e-01 1.44e-01 3.25e-01 1.10e-01 3.26e-01 7.42e-05 1.52e-04 7.77e-05 3.94e-05 2.62e-05 5.08e-06
1.07e-01 2.81e+00 4.58e-02 2.81e+00 4.61e-02 4.07e-26 5.69e-15 2.44e-04 8.92e-05 5.02e-05 1.12e-05
1.12e-01 2.79e-01 3.30e-01 2.30e-01 3.34e-01 4.92e-13 4.54e-10 2.74e-04 2.74e-04 8.94e-05 3.85e-05
1.14e-01 2.95e+00 5.10e-02 2.98e+00 5.74e-02 8.84e-13 7.64e-08 2.33e-04 2.27e-04 1.79e-04 5.08e-05
1.15e-01 2.94e+00 3.96e-02 2.94e+00 3.98e-02 4.77e-20 1.25e-09 2.20e-04 1.30e-04 1.30e-04 7.09e-05
1.07e-01 2.99e+00 2.48e-02 3.00e+00 2.57e-02 3.68e-12 2.51e-08 2.43e-04 2.43e-04 1.06e-04 1.71e-05
1.02e-01 2.41e+00 2.76e-02 2.41e+00 2.76e-02 5.44e-39 4.04e-23 6.82e-06 3.01e-06 1.69e-06 2.54e-07
1.09e-01 2.63e+00 7.05e-01 2.83e+00 7.33e-01 1.71e-18 2.58e-17 2.34e-04 8.94e-05 6.19e-05 8.25e-06
1.23e-01 2.76e+00 3.81e-01 2.81e+00 3.84e-01 5.55e-09 5.73e-09 2.24e-04 9.76e-05 4.88e-05 6.97e-06
1.05e-01 1.76e-01 4.94e-03 1.80e-01 6.51e-03 2.49e-121 6.04e-17 1.83e-04 1.35e-04 1.35e-04 1.35e-04
1.07e-01 2.91e+00 9.10e-02 2.91e+00 9.10e-02 9.49e-26 9.79e-11 2.12e-04 9.70e-05 6.21e-05 2.59e-05
1.08e-01 2.04e-01 1.06e-02 2.00e-01 1.14e-02 9.37e-12 6.29e-10 1.83e-05 8.08e-06 6.43e-06 1.10e-06
1.16e-01 2.45e+00 4.17e-01 2.56e+00 4.31e-01 1.06e-08 1.32e-08 3.43e-06 2.52e-06 1.33e-06 1.14e-07
1.18e-01 1.54e-01 5.40e-02 1.60e-01 5.43e-02 2.74e-08 2.29e-05 3.73e-05 1.58e-05 7.28e-06 3.21e-06
1.27e-01 3.57e-01 5.14e-01 2.40e-01 5.28e-01 3.65e-18 1.63e-10 2.03e-04 1.52e-04 1.52e-04 4.08e-06
1.20e-01 2.70e+00 8.51e-02 2.71e+00 8.55e-02 3.11e-09 3.31e-09 2.31e-04 9.70e-05 5.82e-05 7.46e-06
1.16e-01 1.24e-01 1.07e-02 1.20e-01 1.14e-02 6.30e-05 7.73e-05 9.14e-05 7.90e-05 2.20e-05 1.52e-05
1.22e-01 2.98e+00 1.63e-01 3.00e+00 1.64e-01 2.35e-15 1.53e-06 2.43e-04 1.33e-04 1.33e-04 3.18e-05
1.15e-01 1.59e+00 1.45e+00 3.00e+00 2.02e+00 2.28e-05 1.87e-04 1.06e-04 5.33e-05 2.61e-05 4.80e-06
1.14e-01 2.07e+00 1.15e+00 1.70e-01 2.23e+00 1.60e-08 1.68e-08 2.53e-04 1.13e-04 6.93e-05 8.45e-06
1.00e-01 2.92e+00 2.22e-01 3.00e+00 2.36e-01 1.67e-06 3.57e-06 2.43e-04 2.09e-04 1.59e-04 3.91e-05
1.01e-01 6.07e-01 9.35e-01 1.50e-01 1.04e+00 1.54e-08 1.60e-08 1.21e-05 5.41e-06 2.11e-06 3.30e-07
1.45e-01 2.81e+00 2.32e-01 2.83e+00 2.33e-01 1.85e-09 1.97e-09 2.17e-04 1.02e-04 4.95e-05 6.88e-06
1.33e-01 2.92e+00 7.25e-03 2.92e+00 8.22e-03 2.54e-28 1.49e-18 2.57e-04 2.57e-04 9.18e-05 1.68e-05
1.37e-01 1.30e-01 2.62e-03 1.30e-01 2.62e-03 3.91e-05 1.11e-04 1.05e-04 1.05e-04 1.05e-04 3.69e-06
1.40e-01 1.38e-01 3.91e-03 1.40e-01 4.30e-03 1.19e-04 1.46e-04 1.19e-04 1.19e-04 1.19e-04 2.70e-05
1.33e-01 2.34e+00 8.75e-01 2.69e+00 9.44e-01 2.03e-04 2.89e-04 2.43e-04 1.39e-04 6.65e-05 9.07e-06
1.43e-01 1.19e-01 2.28e-03 1.20e-01 2.35e-03 1.71e-17 9.67e-05 9.14e-05 9.14e-05 9.14e-05 5.51e-06
1.47e-01 2.65e-01 5.65e-03 2.70e-01 7.25e-03 2.53e-22 1.80e-07 3.52e-04 2.92e-04 2.92e-04 2.92e-04
1.45e-01 1.62e-01 1.06e-01 2.50e-01 1.38e-01 8.66e-08 1.79e-05 2.18e-05 6.45e-06 3.72e-06 5.47e-07
1.37e-01 1.82e-01 6.80e-02 1.50e-01 7.50e-02 3.32e-06 3.32e-06 6.50e-06 4.86e-06 4.86e-06 3.00e-06
1.36e-01 8.03e-02 4.80e-03 8.00e-02 4.81e-03 8.45e-30 5.80e-05 4.47e-05 4.47e-05 7.64e-06 5.62e-06
1.43e-01 8.80e-02 4.05e-03 9.00e-02 4.50e-03 7.86e-27 6.91e-05 5.51e-05 5.51e-05 5.51e-05 1.38e-05
1.55e-01 6.82e-02 4.27e-03 7.00e-02 4.63e-03 4.73e-09 4.39e-05 3.53e-05 3.53e-05 3.53e-05 8.33e-06
1.36e-01 1.80e-01 7.66e-08 1.80e-01 7.66e-08 1.51e-196 1.51e-196 1.01e-05 1.01e-05 1.01e-05 1.01e-05
1.48e-01 2.49e-01 1.09e-02 2.50e-01 1.10e-02 1.36e-06 4.77e-06 4.95e-04 4.95e-04 4.95e-04 4.95e-04
1.47e-01 1.52e-01 4.10e-03 1.50e-01 4.63e-03 4.48e-06 4.48e-06 6.50e-06 6.50e-06 1.80e-06 1.80e-06
1.40e-01 2.37e-01 4.76e-03 2.40e-01 5.89e-03 1.07e-69 8.15e-12 2.93e-04 1.56e-04 1.56e-04 1.56e-04
1.30e-01 2.97e+00 1.81e-02 2.97e+00 1.81e-02 2.18e-62 2.41e-10 2.06e-04 1.34e-04 9.99e-05 6.74e-05
1.37e-01 1.70e-01 8.65e-05 1.70e-01 8.65e-05 6.57e-81 6.57e-81 8.81e-06 8.81e-06 8.81e-06 8.81e-06
1.36e-01 2.89e+00 6.96e-03 2.89e+00 7.30e-03 1.05e-24 8.66e-13 2.63e-04 1.07e-04 1.07e-04 1.98e-05
1.54e-01 1.90e-01 7.60e-05 1.90e-01 7.60e-05 3.96e-79 3.96e-79 1.15e-05 1.15e-05 1.15e-05 1.15e-05
1.36e-01 2.00e-01 2.93e-04 2.00e-01 2.93e-04 0.00e+00 0.00e+00 1.31e-05 1.31e-05 1.31e-05 1.31e-05
1.51e-01 1.75e-01 5.58e-02 2.50e-01 9.36e-02 3.77e-05 3.01e-04 1.54e-04 9.97e-05 4.72e-05 7.73e-06
1.38e-01 1.98e-01 4.14e-01 1.20e-01 4.21e-01 4.69e-05 2.72e-04 8.31e-05 3.81e-05 3.81e-05 1.38e-06
1.52e-01 2.73e+00 3.73e-01 2.79e+00 3.77e-01 4.24e-07 4.63e-07 2.30e-04 1.03e-04 5.79e-05 7.07e-06
1.52e-01 2.44e+00 3.69e-01 2.52e+00 3.77e-01 1.13e-10 9.70e-10 3.72e-06 1.94e-06 1.90e-06 3.08e-07
1.35e-01 1.69e-01 1.25e-02 1.70e-01 1.26e-02 2.48e-07 2.54e-07 4.70e-05 2.29e-05 2.29e-05 3.78e-06
1.50e-01 2.43e+00 1.85e-01 2.41e+00 1.86e-01 2.25e-06 6.81e-06 2.84e-04 1.12e-04 6.05e-05 9.17e-06
1.36e-01 2.07e-01 3.77e-02 2.00e-01 3.84e-02 4.89e-15 5.47e-15 1.89e-07 1.08e-07 4.57e-08 6.66e-09
1.31e-01 3.86e-01 1.93e-01 3.30e-01 2.01e-01 3.13e-08 1.40e-07 4.83e-04 2.36e-04 1.90e-04 1.44e-05
1.38e-01 1.09e-01 5.89e-03 1.10e-01 5.97e-03 1.96e-08 1.18e-04 7.85e-05 2.48e-05 2.48e-05 1.46e-05
1.35e-01 5.37e-02 8.73e-03 5.00e-02 9.50e-03 8.77e-25 4.67e-05 1.93e-05 1.66e-05 6.31e-06 3.79e-06
1.37e-01 2.68e+00 5.00e-01 3.00e+00 5.93e-01 9.15e-08 8.70e-07 5.40e-05 2.09e-05 5.67e-06 5.97e-07
1.38e-01 1.08e+00 1.36e+00 1.10e-01 1.67e+00 4.49e-06 2.54e-04 6.65e-05 3.34e-05 1.88e-05 2.69e-06
1.32e-01 2.78e+00 8.46e-02 2.78e+00 8.47e-02 4.16e-09 4.74e-09 2.19e-04 9.96e-05 4.98e-05 8.54e-06
1.46e-01 2.70e+00 8.80e-01 3.00e+00 9.30e-01 9.74e-15 5.08e-05 2.43e-04 1.25e-04 1.25e-04 8.56e-06
1.35e-01 2.96e+00 2.34e-02 2.97e+00 2.40e-02 2.00e-19 5.14e-11 1.97e-04 1.46e-04 1.46e-04 8.74e-05
1.34e-01 7.86e-02 2.54e-02 8.00e-02 2.55e-02 2.74e-22 8.05e-05 4.47e-05 2.25e-05 1.19e-05 1.57e-06
1.40e-01 2.35e+00 3.38e-01 2.41e+00 3.42e-01 3.00e-09 3.42e-09 6.49e-06 2.90e-06 1.67e-06 2.04e-07
1.37e-01 2.89e+00 5.10e-02 2.89e+00 5.11e-02 1.87e-12 1.21e-09 2.16e-04 1.00e-04 5.54e-05 2.64e-05
1.46e-01 1.24e-01 5.26e-03 1.20e-01 6.84e-03 4.73e-07 1.65e-04 9.14e-05 7.12e-05 7.12e-05 7.12e-05
1.33e-01 2.96e+00 2.52e-02 2.97e+00 2.58e-02 3.20e-14 3.94e-10 2.22e-04 1.82e-04 1.82e-04 6.12e-05
1.47e-01 5.67e-02 1.09e-02 6.00e-02 1.13e-02 2.03e-21 6.55e-05 2.32e-05 1.18e-05 7.35e-06 1.40e-06
1.45e-01 2.71e+00 4.67e-01 2.79e+00 4.74e-01 8.28e-06 9.20e-06 2.20e-04 1.17e-04 4.93e-05 7.05e-06
1.52e-01 2.85e-01 1.01e-01 2.10e-01 1.26e-01 6.01e-08 1.86e-06 1.89e-04 7.28e-05 5.79e-05 7.98e-06
1.32e-01 2.97e+00 3.13e-02 3.00e+00 4.68e-02 3.20e-14 1.70e-08 2.43e-04 1.94e-04 1.66e-04 4.04e-05
1.50e-01 1.52e-01 9.65e-03 1.50e-01 9.90e-03 1.34e-04 1.94e-04 1.34e-04 9.39e-05 5.47e-05 6.08e-06
1.85e-01 2.70e-01 2.24e-04 2.70e-01 2.24e-04 2.64e-295 4.13e-110 3.52e-04 3.52e-04 3.52e-04 3.52e-04
1.77e-01 2.35e+00 3.84e-01 2.42e+00 3.90e-01 1.94e-46 9.97e-07 7.84e-06 2.69e-06 2.33e-06 2.04e-07
1.80e-01 2.10e-01 2.13e-08 2.10e-01 2.13e-08 7.86e-161 7.86e-161 1.47e-05 1.47e-05 1.47e-05 1.47e-05
1.62e-01 3.67e-02 7.26e-03 4.00e-02 7.97e-03 4.17e-109 2.14e-05 1.05e-05 7.72e-06 7.72e-06 8.99e-07
1.80e-01 2.53e+00 2.11e-01 2.57e+00 2.15e-01 6.81e-10 6.61e-08 3.48e-06 1.94e-06 1.43e-06 1.41e-07
1.64e-01 2.04e-01 1.50e-02 2.00e-01 1.55e-02 1.56e-10 1.57e-10 2.18e-04 1.28e-04 1.28e-04 2.96e-05
1.64e-01 1.60e-01 4.28e-04 1.60e-01 4.29e-04 4.86e-06 7.62e-06 7.60e-06 7.60e-06 7.60e-06 7.60e-06
1.64e-01 2.55e-01 7.83e-03 2.60e-01 9.47e-03 1.26e-06 3.34e-06 5.03e-04 4.95e-04 4.95e-04 4.95e-04
1.81e-01 1.22e-01 3.31e-02 1.60e-01 5.06e-02 5.33e-15 1.94e-04 8.15e-05 5.53e-05 4.54e-05 8.60e-06
1.65e-01 2.81e-01 1.02e-02 2.80e-01 1.02e-02 2.24e-59 1.75e-06 3.72e-04 3.72e-04 3.72e-04 7.86e-05
1.85e-01 2.58e+00 3.45e-03 2.58e+00 3.65e-03 2.62e-116 2.62e-116 4.54e-07 4.54e-07 4.54e-07 5.48e-08
1.62e-01 1.90e-01 1.12e-03 1.90e-01 1.13e-03 2.64e-19 2.64e-19 2.00e-04 2.00e-04 2.00e-04 2.00e-04
1.83e-01 9.20e-02 4.92e-03 9.00e-02 5.29e-03 3.65e-76 7.63e-05 5.51e-05 5.51e-05 1.80e-05 3.32e-06
1.61e-01 1.59e-01 2.53e-01 1.30e-01 2.54e-01 1.74e-08 1.75e-04 1.05e-04 5.12e-05 5.12e-05 2.64e-06
1.81e-01 2.13e-01 4.59e-03 2.10e-01 5.48e-03 2.80e-55 9.44e-52 4.07e-38 4.07e-38 1.76e-38 1.76e-38
1.83e-01 1.60e-01 1.19e-03 1.60e-01 1.20e-03 1.29e-15 1.52e-04 1.50e-04 1.50e-04 1.50e-04 1.50e-04
1.60e-01 2.00e-02 1.91e-05 2.00e-02 1.91e-05 8.15e-31 6.50e-08 6.50e-08 6.50e-08 6.50e-08 6.50e-08
1.81e-01 2.98e-01 4.63e-03 3.00e-01 5.18e-03 3.61e-19 2.34e-16 4.13e-04 4.13e-04 1.41e-04 1.41e-04
1.61e-01 2.90e+00 4.11e-01 3.00e+00 4.24e-01 1.73e-10 8.52e-06 2.43e-04 1.87e-04 9.29e-05 2.45e-06
1.81e-01 1.82e-01 3.95e-03 1.80e-01 4.40e-03 1.71e-04 1.87e-04 1.83e-04 1.83e-04 1.83e-04 4.41e-05
1.83e-01 1.22e-01 1.56e-02 1.20e-01 1.57e-02 2.64e-73 6.22e-11 5.96e-11 5.96e-11 5.96e-11 2.70e-12
1.80e-01 1.90e-01 4.40e-03 1.90e-01 4.41e-03 2.89e-05 2.93e-05 2.00e-04 2.00e-04 2.00e-04 2.11e-05
1.79e-01 2.00e-01 4.01e-04 2.00e-01 4.01e-04 3.10e-61 3.10e-61 1.31e-05 1.31e-05 1.31e-05 1.31e-05
1.83e-01 2.06e-01 7.64e-02 2.50e-01 8.82e-02 3.05e-10 2.58e-04 4.12e-04 4.12e-04 6.83e-05 1.24e-05
1.81e-01 1.89e-01 2.90e-03 1.90e-01 3.04e-03 3.44e-05 3.60e-05 2.00e-04 2.00e-04 2.00e-04 2.11e-05
1.81e-01 2.86e+00 1.27e-01 2.87e+00 1.28e-01 3.97e-07 4.87e-07 2.19e-04 1.07e-04 6.02e-05 8.03e-06
1.81e-01 2.59e+00 2.19e-01 2.61e+00 2.20e-01 1.27e-15 2.24e-05 2.74e-04 1.34e-04 7.18e-05 1.12e-05
1.80e-01 1.90e-01 2.33e-03 1.90e-01 2.33e-03 1.28e-05 1.30e-05 2.00e-04 2.00e-04 2.00e-04 7.05e-06
1.83e-01 4.19e-01 8.90e-02 4.90e-01 1.14e-01 6.57e-14 6.40e-09 2.12e-06 1.17e-06 5.39e-07 8.62e-08
1.80e-01 1.26e-01 1.22e-02 1.30e-01 1.28e-02 5.84e-11 2.75e-04 1.03e-04 4.07e-05 3.09e-05 4.64e-06
1.80e-01 2.56e+00 1.77e-02 2.58e+00 2.55e-02 5.28e-15 1.20e-10 3.47e-06 2.02e-06 1.20e-06 2.62e-07
1.82e-01 2.10e-01 3.02e-09 2.10e-01 3.02e-09 4.85e-85 4.85e-85 1.47e-05 1.47e-05 1.47e-05 1.47e-05
1.59e-01 2.08e-01 4.21e-03 2.10e-01 4.80e-03 1.17e-199 1.17e-199 1.47e-05 1.47e-05 4.43e-06 4.43e-06
1.75e-01 1.40e-01 1.86e-03 1.40e-01 1.86e-03 5.88e-267 1.54e-176 1.53e-176 1.53e-176 1.53e-176 1.53e-176
1.61e-01 1.51e-01 2.67e-03 1.50e-01 2.75e-03 9.56e-06 1.45e-04 1.34e-04 1.34e-04 1.34e-04 1.08e-05
1.79e-01 2.94e+00 1.75e-01 3.00e+00 1.85e-01 1.23e-13 3.28e-07 2.43e-04 1.49e-04 1.10e-04 3.67e-06
1.80e-01 1.90e-01 5.07e-07 1.90e-01 5.07e-07 1.27e-07 1.27e-07 1.15e-05 1.15e-05 1.15e-05 1.15e-05
1.81e-01 1.47e+00 1.21e+00 1.50e-01 1.79e+00 4.71e-11 3.14e-06 1.93e-06 1.09e-06 5.90e-07 2.13e-07
1.80e-01 2.00e-01 8.16e-06 2.00e-01 8.16e-06 6.54e-21 6.54e-21 1.31e-05 1.31e-05 1.31e-05 1.31e-05
1.81e-01 2.98e-01 3.78e-03 3.00e-01 4.16e-03 3.66e-89 9.82e-12 4.13e-04 4.13e-04 4.13e-04 8.71e-05
1.55e-01 1.70e-01 2.53e-03 1.70e-01 2.57e-03 4.79e-06 4.79e-06 1.66e-04 1.66e-04 1.66e-04 1.09e-05
1.81e-01 2.00e-02 1.88e-04 2.00e-02 1.88e-04 8.37e-94 8.05e-09 8.05e-09 8.05e-09 8.05e-09 8.05e-09
1.82e-01 3.21e-01 2.67e-03 3.20e-01 2.75e-03 1.24e-26 3.75e-10 4.53e-04 4.53e-04 4.53e-04 3.65e-05
1.57e-01 2.97e+00 2.75e-01 3.00e+00 2.77e-01 1.39e-14 3.18e-06 2.43e-04 2.43e-04 2.43e-04 2.45e-05
1.57e-01 1.45e-01 5.00e-03 1.50e-01 7.03e-03 4.13e-05 2.42e-04 1.22e-04 1.20e-04 1.20e-04 1.20e-04
1.63e-01 1.83e-01 3.54e-01 1.20e-01 3.60e-01 4.64e-08 2.25e-04 9.14e-05 3.54e-05 1.93e-05 1.84e-06
1.81e-01 2.79e-01 3.81e-03 2.80e-01 3.94e-03 5.52e-82 1.22e-13 3.72e-04 3.72e-04 3.72e-04 1.31e-05
1.77e-01 2.55e+00 1.03e-02 2.55e+00 1.04e-02 8.31e-282 2.73e-281 4.09e-06 2.49e-06 2.49e-06 6.16e-07
1.77e-01 2.28e-01 5.09e-02 2.50e-01 5.54e-02 1.78e-86 3.65e-05 1.95e-04 1.95e-04 1.95e-04 3.52e-05
1.63e-01 2.17e-01 5.23e-03 2.20e-01 5.87e-03 6.70e-24 7.17e-24 2.55e-04 1.15e-04 1.15e-04 1.41e-05
1.83e-01 1.90e-01 4.45e-04 1.90e-01 4.45e-04 3.33e-06 3.33e-06 1.15e-05 1.15e-05 1.15e-05 1.15e-05
1.63e-01 2.81e-01 1.40e-01 2.60e-01 1.41e-01 4.21e-07 8.26e-06 5.18e-06 1.52e-06 9.21e-07 1.27e-07
1.56e-01 2.31e-01 2.48e-02 2.30e-01 2.48e-02 9.49e-10 2.47e-08 1.66e-04 8.84e-05 7.19e-05 5.83e-06
1.66e-01 1.74e+00 1.17e+00 2.60e-01 1.89e+00 1.52e-07 4.27e-06 4.95e-05 7.02e-06 3.36e-06 6.11e-07
1.75e-01 3.31e-01 2.25e-03 3.30e-01 2.31e-03 9.49e-122 1.85e-114 4.74e-04 4.74e-04 4.74e-04 2.86e-05
1.56e-01 1.69e-01 2.70e-03 1.70e-01 2.80e-03 8.88e-06 8.88e-06 1.66e-04 1.66e-04 1.66e-04 1.42e-05
1.68e-01 5.05e-01 1.29e-01 5.10e-01 1.29e-01 5.64e-08 1.12e-06 1.14e-04 4.63e-05 2.01e-05 2.69e-06
1.59e-01 2.76e+00 7.44e-01 2.96e+00 7.70e-01 2.50e-25 1.80e-05 5.20e-05 2.23e-05 1.31e-05 7.24e-06
1.56e-01 2.57e+00 1.18e-02 2.58e+00 1.56e-02 1.02e-38 1.77e-17 2.68e-06 1.81e-06 1.01e-06 1.88e-07
1.61e-01 2.88e+00 5.84e-01 3.00e+00 5.96e-01 1.80e-43 1.25e-05 2.43e-04 2.43e-04 2.43e-04 6.11e-06
1.77e-01 2.90e+00 4.79e-01 3.00e+00 4.88e-01 3.64e-19 2.00e-05 2.43e-04 1.83e-04 1.25e-04 1.10e-05
1.54e-01 2.91e-01 2.17e-01 2.70e-01 2.18e-01 1.87e-15 9.50e-09 1.71e-05 8.92e-06 8.92e-06 1.37e-06
1.65e-01 2.91e+00 4.46e-01 3.00e+00 4.55e-01 3.96e-18 2.63e-05 2.43e-04 2.14e-04 1.65e-04 3.42e-05
1.77e-01 1.88e-01 1.81e-02 1.90e-01 1.82e-02 1.42e-04 1.96e-04 2.00e-04 9.76e-05 6.14e-05 9.06e-06
1.65e-01 2.41e-01 3.59e-02 2.50e-01 3.69e-02 1.99e-05 8.92e-05 4.95e-04 2.54e-04 2.54e-04 7.46e-06
1.74e-01 5.31e-01 7.60e-01 2.50e-01 8.10e-01 1.81e-06 2.61e-05 1.81e-04 7.19e-05 7.19e-05 9.10e-07
1.80e-01 6.12e-02 9.77e-03 6.00e-02 9.85e-03 1.19e-11 6.50e-05 2.68e-05 1.37e-05 1.37e-05 2.42e-06
1.70e-01 2.41e+00 1.52e-01 2.40e+00 1.52e-01 2.21e-10 8.91e-08 6.60e-06 2.68e-06 1.58e-06 2.55e-07
1.54e-01 2.74e+00 2.57e-01 2.91e+00 3.05e-01 1.30e-08 7.07e-07 2.02e-04 5.08e-05 4.03e-05 3.90e-06
1.74e-01 2.12e-01 1.80e-01 1.80e-01 1.83e-01 4.95e-05 9.29e-05 4.69e-05 2.33e-05 1.89e-05 1.75e-06
1.64e-01 2.75e+00 8.50e-02 2.76e+00 8.53e-02 3.59e-07 7.72e-07 2.25e-04 1.02e-04 5.19e-05 7.21e-06
1.81e-01 3.23e-01 9.56e-03 3.20e-01 9.93e-03 1.79e-13 2.05e-13 4.53e-04 1.98e-04 1.98e-04 2.73e-05
1.76e-01 2.91e+00 1.48e-01 3.00e+00 1.74e-01 1.13e-07 1.28e-06 2.41e-04 1.87e-04 1.48e-04 3.30e-05
1.67e-01 2.94e+00 4.55e-02 2.97e+00 5.55e-02 2.19e-10 8.02e-09 2.16e-04 2.16e-04 1.91e-04 5.87e-05
1.58e-01 2.94e-01 5.92e-03 2.90e-01 7.19e-03 2.93e-13 7.30e-08 3.92e-04 3.02e-04 3.02e-04 2.17e-05
1.67e-01 9.12e-02 1.33e-01 9.00e-02 1.33e-01 2.20e-07 1.19e-04 4.56e-05 4.49e-05 1.44e-05 1.83e-06
1.69e-01 2.67e-01 5.83e-01 1.60e-01 5.93e-01 4.16e-05 5.90e-04 3.71e-04 3.71e-04 3.54e-05 9.32e-06
1.64e-01 1.86e-01 5.41e-03 1.90e-01 6.86e-03 1.09e-06 1.09e-06 2.00e-04 1.54e-04 1.54e-04 1.54e-04
1.64e-01 2.36e+00 3.62e-01 3.00e+00 7.31e-01 1.60e-08 2.05e-06 2.82e-05 9.26e-06 5.47e-06 8.42e-07
2.08e-01 2.33e-01 7.99e-03 2.30e-01 8.48e-03 3.63e-06 3.67e-06 2.74e-04 1.95e-04 8.12e-05 2.89e-05
1.90e-01 2.03e+00 8.51e-01 2.41e+00 9.33e-01 3.99e-13 2.16e-05 6.70e-06 2.87e-06 1.94e-06 2.95e-07
2.01e-01 2.40e-01 4.21e-08 2.40e-01 4.21e-08 1.28e-125 1.28e-125 2.03e-05 2.03e-05 2.03e-05 2.03e-05
1.82e-01 2.73e-01 6.23e-03 2.70e-01 6.93e-03 1.22e-56 1.49e-13 3.52e-04 2.11e-04 2.11e-04 4.42e-05
2.07e-01 2.00e-02 5.30e-04 2.00e-02 5.31e-04 1.77e-35 1.15e-07 1.15e-07 1.15e-07 1.15e-07 1.15e-07
1.88e-01 2.10e-01 2.45e-03 2.10e-01 2.45e-03 1.04e-10 1.04e-10 2.36e-04 2.36e-04 2.36e-04 9.50e-06
2.01e-01 1.32e-01 4.21e-03 1.30e-01 4.79e-03 2.42e-126 1.36e-04 1.05e-04 1.05e-04 3.17e-05 3.17e-05
2.05e-01 2.19e-01 2.44e-03 2.20e-01 2.51e-03 8.48e-06 8.48e-06 2.55e-04 2.55e-04 2.55e-04 1.79e-05
2.00e-01 2.30e-01 4.30e-06 2.30e-01 4.30e-06 9.46e-130 9.46e-130 1.83e-05 1.83e-05 1.83e-05 1.83e-05
2.11e-01 2.20e-01 7.66e-04 2.20e-01 7.68e-04 3.74e-05 3.74e-05 2.55e-04 2.55e-04 2.55e-04 2.55e-04
1.90e-01 2.05e-01 1.12e-02 2.00e-01 1.22e-02 7.67e-05 8.62e-05 2.18e-04 8.00e-05 7.23e-05 9.86e-06
1.97e-01 1.09e-01 2.52e-03 1.10e-01 2.61e-03 7.97e-182 8.42e-05 7.85e-05 7.85e-05 7.85e-05 5.92e-06
1.84e-01 3.03e-01 4.86e-03 3.00e-01 5.81e-03 1.58e-37 2.31e-09 4.13e-04 4.13e-04 2.01e-04 2.01e-04
1.88e-01 7.86e-02 7.55e-03 8.00e-02 7.68e-03 4.69e-36 8.63e-05 4.47e-05 2.38e-05 1.53e-05 2.47e-06
1.85e-01 2.62e-01 2.40e-02 2.60e-01 2.41e-02 6.24e-07 4.02e-06 5.06e-04 1.83e-04 1.12e-04 1.27e-05
2.11e-01 2.55e-01 1.06e-01 2.90e-01 1.11e-01 1.60e-25 7.56e-05 1.97e-04 6.54e-05 6.54e-05 4.96e-06
2.02e-01 2.40e-01 2.49e-08 2.40e-01 2.49e-08 3.51e-112 3.51e-112 2.03e-05 2.03e-05 2.03e-05 2.03e-05
1.99e-01 2.87e-01 5.16e-03 2.90e-01 6.14e-03 2.71e-48 1.64e-35 3.92e-04 2.17e-04 2.17e-04 2.17e-04
1.83e-01 3.18e-01 6.65e-03 3.20e-01 6.87e-03 6.06e-12 8.05e-12 4.53e-04 2.21e-04 2.21e-04 1.00e-04
1.90e-01 1.33e-01 1.00e-02 1.30e-01 1.05e-02 2.10e-52 1.56e-04 1.05e-04 1.05e-04 5.01e-05 5.01e-05
2.02e-01 2.58e+00 1.46e-03 2.58e+00 1.47e-03 7.93e-77 7.93e-77 9.96e-10 9.96e-10 9.96e-10 9.96e-10
2.00e-01 2.40e-01 6.45e-07 2.40e-01 6.45e-07 1.39e-99 1.39e-99 2.03e-05 2.03e-05 2.03e-05 2.03e-05
1.86e-01 2.46e+00 1.42e-02 2.46e+00 1.47e-02 1.44e-62 7.23e-58 6.28e-06 3.64e-06 1.69e-06 2.65e-07
1.83e-01 7.09e-02 9.91e-03 7.00e-02 9.95e-03 6.53e-19 8.84e-05 3.53e-05 1.90e-05 1.90e-05 4.08e-06
1.99e-01 9.70e-02 1.92e-02 1.00e-01 1.94e-02 2.44e-18 1.37e-04 6.64e-05 4.54e-05 1.67e-05 7.67e-06
1.79e-01 1.39e-01 2.46e-03 1.40e-01 2.54e-03 1.88e-24 1.28e-04 1.19e-04 1.19e-04 1.19e-04 8.40e-06
2.03e-01 2.60e-01 3.71e-04 2.60e-01 3.71e-04 7.38e-107 5.54e-83 3.32e-04 3.32e-04 3.32e-04 3.32e-04
1.89e-01 2.18e-01 3.04e-01 1.80e-01 3.07e-01 3.44e-06 1.42e-05 6.38e-06 3.14e-06 3.14e-06 5.45e-07
1.98e-01 3.20e-01 3.80e-03 3.20e-01 3.80e-03 2.48e-42 2.89e-16 4.53e-04 4.53e-04 4.53e-04 3.65e-05
1.90e-01 1.69e-01 3.76e-03 1.70e-01 3.90e-03 1.93e-07 1.96e-04 1.66e-04 1.66e-04 1.66e-04 2.51e-05
1.84e-01 2.00e+00 1.02e+00 1.10e-01 2.14e+00 4.31e-11 2.59e-05 4.97e-06 2.36e-06 1.54e-06 3.22e-07
2.09e-01 3.28e-01 7.17e-03 3.30e-01 7.58e-03 1.18e-17 2.30e-16 4.74e-04 2.93e-04 2.93e-04 2.62e-05
1.83e-01 2.38e-01 7.64e-03 2.40e-01 7.82e-03 2.98e-18 3.64e-07 2.93e-04 1.46e-04 1.46e-04 6.92e-05
1.85e-01 2.21e-01 3.77e-03 2.20e-01 4.03e-03 1.19e-18 1.19e-18 2.55e-04 2.55e-04 2.55e-04 4.74e-05
2.01e-01 1.30e-01 1.49e-02 1.30e-01 1.49e-02 1.85e-77 5.18e-06 4.58e-06 4.58e-06 4.58e-06 5.98e-07
2.00e-01 2.49e-01 1.04e-02 2.50e-01 1.05e-02 2.25e-11 5.63e-06 4.95e-04 4.95e-04 4.95e-04 4.95e-04
2.12e-01 2.55e+00 1.07e-02 2.55e+00 1.07e-02 2.24e-103 2.49e-103 4.09e-06 2.61e-06 7.81e-07 1.03e-07
1.91e-01 2.30e-01 1.06e-05 2.30e-01 1.06e-05 8.26e-94 8.26e-94 1.83e-05 1.83e-05 1.83e-05 1.83e-05
1.83e-01 1.77e-01 4.75e-03 1.80e-01 5.86e-03 1.36e-04 2.79e-04 1.83e-04 9.66e-05 9.66e-05 9.66e-05
2.00e-01 2.51e-01 9.35e-03 2.50e-01 9.40e-03 2.41e-11 2.42e-11 3.12e-04 1.62e-04 1.62e-04 2.36e-05
1.86e-01 1.10e-01 1.40e-03 1.10e-01 1.41e-03 2.69e-123 8.01e-05 7.85e-05 7.85e-05 7.85e-05 7.85e-05
2.09e-01 2.48e+00 1.05e-02 2.48e+00 1.05e-02 7.07e-213 5.47e-212 5.94e-06 3.29e-06 1.25e-06 7.47e-07
2.08e-01 2.69e-01 2.98e-03 2.70e-01 3.07e-03 9.56e-69 1.69e-55 3.52e-04 3.52e-04 3.52e-04 3.36e-05
1.83e-01 1.60e-01 7.46e-04 1.60e-01 7.48e-04 1.16e-49 7.65e-06 7.60e-06 7.60e-06 7.60e-06 7.60e-06
2.04e-01 1.45e-01 5.02e-03 1.50e-01 6.82e-03 3.33e-52 2.50e-04 1.34e-04 1.15e-04 1.15e-04 1.15e-04
2.07e-01 1.78e+00 1.40e+00 1.60e-01 2.14e+00 2.93e-09 4.27e-04 3.71e-04 1.90e-04 1.36e-04 7.45e-06
1.79e-01 1.73e-01 5.58e-01 6.00e-02 5.70e-01 4.40e-68 3.94e-05 2.68e-05 2.68e-05 1.10e-05 1.62e-06
1.84e-01 4.09e-01 6.56e-01 2.50e-01 6.75e-01 2.14e-08 4.18e-05 6.17e-05 1.58e-05 8.68e-06 9.30e-07
1.88e-01 1.02e-01 1.43e-01 9.00e-02 1.43e-01 5.70e-34 1.12e-04 5.51e-05 3.96e-05 3.96e-05 3.05e-06
1.84e-01 2.40e-01 1.27e-09 2.40e-01 1.27e-09 0.00e+00 0.00e+00 2.03e-05 2.03e-05 2.03e-05 2.03e-05
1.81e-01 2.91e-01 2.90e-03 2.90e-01 2.94e-03 9.00e-68 1.67e-15 3.92e-04 3.92e-04 3.92e-04 2.96e-05
1.80e-01 2.00e-01 4.94e-04 2.00e-01 4.95e-04 4.41e-10 4.41e-10 1.31e-05 1.31e-05 1.31e-05 1.31e-05
1.84e-01 3.29e-01 1.06e-02 3.30e-01 1.06e-02 8.86e-17 2.01e-06 4.74e-04 4.74e-04 4.74e-04 4.74e-04
1.86e-01 2.41e-01 8.44e-02 1.70e-01 1.10e-01 3.15e-07 9.87e-06 8.81e-06 4.61e-06 4.61e-06 5.31e-07
1.89e-01 1.72e-01 3.79e-02 1.80e-01 3.87e-02 6.01e-05 3.26e-04 1.70e-04 8.47e-05 4.88e-05 5.13e-06
2.12e-01 2.70e-01 7.29e-06 2.70e-01 7.29e-06 4.42e-246 4.42e-246 2.68e-05 2.68e-05 2.68e-05 2.68e-05
2.07e-01 1.91e-01 1.30e-02 1.90e-01 1.31e-02 8.15e-05 5.20e-04 1.39e-04 1.19e-04 5.63e-05 7.15e-06
1.81e-01 3.34e-01 3.02e-02 3.40e-01 3.07e-02 3.83e-08 8.95e-06 2.38e-04 2.38e-04 2.38e-04 1.56e-05
1.99e-01 2.10e-01 9.98e-03 2.10e-01 9.99e-03 1.27e-04 1.55e-04 2.36e-04 1.41e-04 1.41e-04 3.09e-05
1.98e-01 2.50e-01 4.69e-04 2.50e-01 4.70e-04 2.63e-246 2.63e-246 2.23e-05 2.23e-05 2.23e-05 2.23e-05
2.05e-01 2.23e+00 6.66e-01 2.47e+00 7.07e-01 2.77e-16 1.03e-09 4.59e-06 2.04e-06 1.44e-06 3.60e-07
1.88e-01 1.80e-01 1.41e-03 1.80e-01 1.42e-03 2.02e-06 1.03e-05 1.01e-05 1.01e-05 1.01e-05 1.01e-05
1.93e-01 3.20e-01 7.45e-03 3.20e-01 7.46e-03 4.02e-15 1.24e-14 4.53e-04 2.01e-04 1.73e-04 1.60e-05
2.02e-01 1.77e+00 7.36e-01 5.00e-01 1.47e+00 1.85e-09 3.06e-07 2.09e-05 8.96e-06 5.29e-06 7.34e-07
2.01e-01 3.00e-01 2.03e-04 3.00e-01 2.03e-04 9.60e-233 2.06e-11 4.13e-04 4.13e-04 4.13e-04 4.13e-04
2.08e-01 2.08e-01 7.08e-03 2.10e-01 7.39e-03 2.19e-04 3.41e-04 2.36e-04 1.34e-04 1.34e-04 1.07e-05
1.97e-01 2.00e-01 1.08e-03 2.00e-01 1.09e-03 9.32e-06 9.43e-06 1.31e-05 1.31e-05 1.31e-05 1.31e-05
1.83e-01 2.46e-01 7.82e-02 2.60e-01 7.94e-02 4.35e-06 1.28e-04 5.06e-04 3.94e-04 3.94e-04 2.80e-05
2.00e-01 1.72e-01 1.98e-02 1.70e-01 1.99e-02 8.62e-06 4.84e-04 1.66e-04 9.94e-05 4.93e-05 9.19e-06
2.02e-01 2.35e-01 5.00e-03 2.30e-01 6.98e-03 1.55e-80 1.55e-80 1.83e-05 1.74e-05 1.74e-05 1.74e-05
2.06e-01 2.87e+00 2.59e-01 2.98e+00 2.82e-01 3.17e-07 4.81e-06 2.43e-04 2.08e-04 1.57e-04 7.40e-06
1.83e-01 3.16e-01 6.33e-03 3.20e-01 7.60e-03 5.88e-17 1.04e-07 4.53e-04 3.65e-04 3.65e-04 2.05e-05
2.09e-01 4.68e-01 6.74e-01 2.50e-01 7.09e-01 2.29e-10 4.66e-06 2.54e-05 1.48e-05 1.48e-05 2.55e-07
2.09e-01 2.19e-01 2.79e-03 2.20e-01 2.91e-03 1.35e-06 1.35e-06 1.64e-05 1.64e-05 1.64e-05 1.57e-06
2.05e-01 2.57e-01 4.39e-03 2.60e-01 5.10e-03 1.31e-24 1.37e-13 5.06e-04 5.06e-04 1.78e-04 1.78e-04
2.02e-01 3.84e-01 7.49e-01 1.00e-01 8.00e-01 5.70e-34 1.07e-04 6.64e-05 2.33e-05 1.67e-05 6.67e-07
1.81e-01 2.60e-01 2.11e-03 2.60e-01 2.16e-03 2.34e-254 5.26e-41 3.32e-04 3.32e-04 3.32e-04 1.67e-05
2.08e-01 1.58e-01 5.94e-02 1.90e-01 6.75e-02 1.04e-05 2.25e-04 7.31e-05 3.53e-05 1.18e-05 4.04e-06
2.06e-01 3.34e-01 2.34e-02 3.40e-01 2.41e-02 2.75e-12 1.42e-05 4.04e-04 3.41e-04 1.42e-04 1.83e-05
1.96e-01 3.10e-01 2.10e-03 3.10e-01 2.15e-03 5.73e-194 3.65e-47 8.60e-37 8.60e-37 8.60e-37 4.32e-38
2.08e-01 2.60e-01 8.21e-02 3.20e-01 1.02e-01 9.68e-30 9.41e-06 1.02e-05 4.77e-06 4.77e-06 9.75e-07
1.84e-01 2.31e+00 1.88e-01 2.33e+00 1.89e-01 1.81e-17 5.43e-08 1.01e-05 4.37e-06 2.63e-06 3.21e-07
2.11e-01 2.60e-01 1.54e-03 2.60e-01 1.56e-03 2.57e-51 2.57e-51 3.32e-04 3.32e-04 3.32e-04 3.32e-04
1.95e-01 1.34e-01 4.92e-03 1.30e-01 6.43e-03 2.38e-82 1.79e-04 1.05e-04 7.44e-05 7.44e-05 7.44e-05
1.84e-01 3.30e-01 1.20e-03 3.30e-01 1.21e-03 4.02e-29 1.59e-08 4.74e-04 4.74e-04 4.74e-04 4.74e-04
2.12e-01 4.12e-01 6.58e-02 4.20e-01 6.64e-02 1.08e-05 1.97e-05 1.72e-04 6.29e-05 5.28e-05 5.62e-06
1.87e-01 2.45e-01 2.14e-02 2.50e-01 2.19e-02 1.42e-06 2.68e-05 4.95e-04 4.95e-04 4.95e-04 2.49e-05
1.86e-01 2.28e+00 3.37e-01 2.31e+00 3.39e-01 2.22e-09 1.04e-07 9.75e-06 4.10e-06 2.24e-06 3.10e-07
1.93e-01 2.50e-01 5.42e-03 2.50e-01 5.43e-03 1.49e-24 1.42e-06 4.95e-04 4.95e-04 4.95e-04 4.95e-04
1.95e-01 2.51e+00 5.88e-02 2.51e+00 5.89e-02 5.18e-16 4.79e-09 4.25e-06 2.13e-06 9.89e-07 3.71e-07
2.10e-01 1.83e-01 7.50e-03 1.80e-01 8.24e-03 7.26e-07 3.61e-04 1.83e-04 1.31e-04 1.31e-04 1.38e-05
1.85e-01 1.48e-01 4.46e-02 1.30e-01 4.81e-02 9.50e-14 2.08e-04 1.05e-04 3.85e-05 3.80e-05 5.28e-06
2.10e-01 1.49e+00 1.09e+00 2.60e-01 1.65e+00 2.56e-08 7.99e-07 4.50e-06 2.48e-06 1.50e-06 1.50e-07
2.03e-01 2.77e-01 5.09e-03 2.80e-01 6.14e-03 2.41e-58 3.44e-29 3.72e-04 2.11e-04 2.11e-04 2.11e-04
1.98e-01 5.39e-01 4.08e-01 4.50e-01 4.17e-01 2.24e-07 5.96e-07 1.51e-05 6.72e-06 3.69e-06 3.78e-07
2.08e-01 2.35e+00 3.82e-01 2.43e+00 3.89e-01 5.18e-12 3.72e-07 5.74e-06 2.50e-06 1.30e-06 2.24e-07
1.89e-01 2.85e+00 3.01e-01 2.94e+00 3.14e-01 4.38e-07 1.04e-06 2.23e-04 2.23e-04 1.91e-04 4.83e-05
2.07e-01 3.41e-01 4.82e-01 2.50e-01 4.90e-01 3.43e-07 3.54e-07 4.95e-04 2.98e-04 1.47e-04 9.95e-06
2.06e-01 1.32e+00 8.48e-01 4.90e-01 1.18e+00 2.33e-24 4.56e-09 8.53e-05 1.67e-05 1.37e-05 2.14e-06
2.08e-01 2.28e+00 4.45e-01 2.40e+00 4.60e-01 1.86e-07 7.92e-07 6.12e-06 2.45e-06 1.50e-06 2.77e-07
1.95e-01 4.34e-02 9.57e-03 4.00e-02 1.02e-02 3.69e-12 3.32e-05 1.29e-05 5.40e-06 5.40e-06 6.51e-07
2.03e-01 4.08e-01 5.10e-02 4.10e-01 5.10e-02 1.03e-05 1.61e-05 6.36e-04 2.53e-04 1.95e-04 9.59e-06
1.87e-01 1.80e-01 4.53e-03 1.80e-01 4.53e-03 5.58e-06 1.77e-05 1.45e-05 1.45e-05 1.45e-05 1.82e-06
1.84e-01 7.94e-01 1.08e+00 1.20e-01 1.27e+00 3.95e-10 1.31e-04 3.92e-05 1.96e-05 4.90e-06 8.17e-07
1.85e-01 2.95e+00 2.86e-01 3.00e+00 2.91e-01 3.65e-11 8.46e-06 2.43e-04 1.37e-04 9.90e-05 1.47e-05
1.93e-01 2.77e+00 6.85e-02 2.78e+00 6.87e-02 2.37e-08 9.42e-08 2.23e-04 1.01e-04 4.98e-05 7.11e-06
1.95e-01 3.58e-01 1.04e-02 3.60e-01 1.06e-02 3.22e-08 2.24e-07 5.34e-04 2.71e-04 2.71e-04 5.37e-05
2.09e-01 3.10e-01 5.19e-04 3.10e-01 5.19e-04 1.60e-142 6.16e-13 4.33e-04 4.33e-04 4.33e-04 4.33e-04
1.88e-01 2.45e-01 6.79e-02 2.50e-01 6.81e-02 9.06e-12 3.16e-05 4.95e-04 4.95e-04 4.95e-04 1.74e-05
1.86e-01 1.37e-01 5.00e-03 1.40e-01 5.90e-03 2.01e-22 1.81e-04 1.19e-04 5.94e-05 5.94e-05 5.94e-05
2.15e-01 1.70e-01 2.67e-05 1.70e-01 2.67e-05 8.88e-109 8.81e-06 8.81e-06 8.81e-06 8.81e-06 8.81e-06
2.30e-01 1.90e-01 4.40e-03 1.90e-01 4.41e-03 1.09e-18 2.48e-04 2.00e-04 2.00e-04 2.00e-04 2.21e-05
2.22e-01 2.57e+00 7.83e-02 2.58e+00 7.88e-02 7.48e-24 1.54e-09 1.24e-06 6.16e-07 6.16e-07 8.71e-08
2.28e-01 3.85e-01 5.21e-03 3.90e-01 7.03e-03 3.02e-14 5.56e-08 5.94e-04 5.34e-04 5.34e-04 5.34e-04
2.33e-01 2.80e-01 5.21e-04 2.80e-01 5.22e-04 1.59e-141 1.59e-141 2.92e-05 2.92e-05 2.92e-05 2.92e-05
2.28e-01 2.20e-01 1.00e-03 2.20e-01 1.01e-03 4.20e-06 1.66e-05 1.64e-05 1.64e-05 1.64e-05 1.64e-05
2.29e-01 2.73e-01 7.18e-03 2.70e-01 7.76e-03 2.42e-13 2.42e-13 3.52e-04 2.30e-04 2.30e-04 2.48e-05
2.29e-01 2.65e-01 8.73e-03 2.60e-01 9.86e-03 2.68e-08 2.69e-08 3.32e-04 2.92e-04 9.35e-05 8.01e-05
2.16e-01 2.60e-01 2.73e-04 2.60e-01 2.73e-04 8.88e-231 8.88e-231 2.45e-05 2.45e-05 2.45e-05 2.45e-05
2.16e-01 2.08e-01 4.17e-03 2.10e-01 4.74e-03 5.39e-06 1.90e-05 1.47e-05 1.47e-05 4.28e-06 4.28e-06
2.27e-01 2.42e+00 2.11e-02 2.42e+00 2.12e-02 2.17e-14 3.98e-10 6.86e-06 3.06e-06 2.24e-06 2.86e-07
2.27e-01 2.58e+00 1.13e-04 2.58e+00 1.13e-04 1.68e-94 4.00e-61 9.67e-28 9.67e-28 9.67e-28 9.67e-28
2.30e-01 2.45e-01 7.14e-03 2.40e-01 8.57e-03 4.81e-05 4.99e-05 2.93e-04 2.69e-04 2.69e-04 3.83e-05
2.30e-01 2.49e+00 2.89e-02 2.49e+00 2.89e-02 1.12e-23 4.32e-14 4.50e-06 2.15e-06 1.27e-06 1.41e-07
2.26e-01 3.12e-01 8.20e-02 3.70e-01 1.01e-01 1.23e-48 1.16e-05 1.81e-05 1.16e-05 1.16e-05 7.63e-06
2.34e-01 2.30e-01 1.22e-06 2.30e-01 1.22e-06 1.12e-05 1.83e-05 1.83e-05 1.83e-05 1.83e-05 1.83e-05
2.15e-01 2.14e-01 7.04e-03 2.10e-01 7.96e-03 2.10e-04 3.67e-04 2.36e-04 1.83e-04 1.83e-04 1.90e-05
2.40e-01 2.60e-01 5.68e-04 2.60e-01 5.69e-04 5.25e-10 5.25e-10 2.45e-05 2.45e-05 2.45e-05 2.45e-05
2.28e-01 6.15e-02 1.44e-02 6.00e-02 1.44e-02 4.04e-11 9.59e-05 2.24e-05 1.19e-05 8.97e-06 2.51e-06
2.27e-01 2.83e-01 4.83e-03 2.80e-01 5.80e-03 8.39e-44 8.39e-44 3.72e-04 3.72e-04 1.83e-04 1.83e-04
2.27e-01 2.80e-01 2.65e-03 2.80e-01 2.69e-03 8.80e-47 8.80e-47 3.72e-04 3.72e-04 3.72e-04 2.43e-05
2.29e-01 2.00e-01 3.50e-07 2.00e-01 3.50e-07 2.65e-46 1.31e-05 1.31e-05 1.31e-05 1.31e-05 1.31e-05
2.25e-01 2.29e-01 2.22e-03 2.30e-01 2.28e-03 1.50e-04 1.58e-04 2.74e-04 2.74e-04 2.74e-04 1.51e-05
2.27e-01 2.00e-01 4.38e-06 2.00e-01 4.38e-06 4.07e-41 1.31e-05 1.31e-05 1.31e-05 1.31e-05 1.31e-05
2.33e-01 2.19e+00 7.82e-01 2.54e+00 8.58e-01 9.57e-08 3.34e-07 3.29e-06 2.30e-06 1.32e-06 1.44e-07
2.40e-01 1.88e-01 8.31e-03 1.90e-01 8.63e-03 2.20e-12 4.23e-04 2.00e-04 1.34e-04 6.54e-05 1.91e-05
2.16e-01 2.00e-01 1.42e-03 2.00e-01 1.44e-03 1.61e-06 2.23e-04 2.18e-04 2.18e-04 2.18e-04 2.18e-04
2.31e-01 2.61e-01 1.51e-01 2.50e-01 1.51e-01 1.31e-09 3.65e-08 4.95e-04 4.95e-04 4.95e-04 5.47e-05
2.23e-01 2.50e-01 3.81e-03 2.50e-01 3.81e-03 2.94e-09 2.94e-09 3.12e-04 3.12e-04 3.12e-04 2.51e-05
2.38e-01 2.70e-01 1.82e-03 2.70e-01 1.85e-03 2.44e-102 2.44e-102 2.68e-05 2.68e-05 2.68e-05 1.08e-06
2.34e-01 1.88e-01 4.06e-03 1.90e-01 4.56e-03 4.18e-44 2.53e-04 2.00e-04 2.00e-04 2.00e-04 5.34e-05
2.34e-01 7.84e-01 9.86e-01 2.50e-01 1.12e+00 8.26e-08 1.64e-06 5.08e-06 5.08e-06 3.57e-07 7.66e-08
2.22e-01 2.17e-01 4.69e-03 2.20e-01 5.71e-03 1.32e-05 2.44e-05 1.64e-05 1.64e-05 8.01e-06 8.01e-06
2.33e-01 2.47e-01 5.11e-03 2.50e-01 5.96e-03 5.22e-05 5.25e-05 3.12e-04 1.57e-04 1.57e-04 1.57e-04
2.19e-01 3.04e-01 3.03e-02 3.10e-01 3.08e-02 0.00e+00 5.49e-06 1.62e-04 1.62e-04 1.62e-04 1.62e-04
2.25e-01 1.31e-01 6.04e-03 1.30e-01 6.06e-03 6.30e-91 2.72e-16 2.59e-16 2.59e-16 2.59e-16 1.30e-17
2.19e-01 2.20e-01 1.28e-03 2.20e-01 1.28e-03 2.23e-04 2.24e-04 2.55e-04 2.55e-04 2.55e-04 2.55e-04
2.18e-01 3.41e-01 2.90e-03 3.40e-01 3.01e-03 1.04e-50 2.03e-12 4.94e-04 4.94e-04 4.94e-04 4.72e-05
2.34e-01 2.58e+00 2.91e-02 2.58e+00 2.93e-02 7.01e-17 1.19e-12 6.58e-08 6.58e-08 1.79e-08 3.97e-09
2.35e-01 2.56e-01 4.94e-03 2.60e-01 6.50e-03 9.96e-25 9.96e-25 2.45e-05 1.80e-05 1.80e-05 1.80e-05
2.13e-01 1.96e-01 4.97e-03 2.00e-01 6.68e-03 6.41e-11 3.93e-04 2.18e-04 1.75e-04 1.75e-04 1.75e-04
2.19e-01 2.60e-01 1.52e-06 2.60e-01 1.52e-06 8.12e-173 8.12e-173 2.45e-05 2.45e-05 2.45e-05 2.45e-05
2.29e-01 3.09e-01 1.30e-01 3.00e-01 1.30e-01 6.13e-24 6.13e-24 5.48e-04 2.73e-04 2.15e-04 2.20e-05
2.13e-01 2.83e-01 4.77e-03 2.80e-01 5.91e-03 1.86e-102 6.53e-52 3.72e-04 2.00e-04 2.00e-04 2.00e-04
2.40e-01 2.36e-01 4.83e-03 2.40e-01 6.09e-03 2.88e-04 4.65e-04 2.93e-04 1.74e-04 1.74e-04 1.74e-04
2.27e-01 2.10e-01 1.24e-03 2.10e-01 1.24e-03 7.00e-13 1.47e-05 1.47e-05 1.47e-05 1.47e-05 1.47e-05
2.27e-01 2.06e-01 2.60e-02 2.00e-01 2.67e-02 2.45e-05 5.85e-04 2.18e-04 9.53e-05 6.36e-05 9.86e-06
2.18e-01 2.43e-01 1.26e-01 2.40e-01 1.26e-01 1.32e-10 3.87e-05 4.83e-04 4.83e-04 1.55e-04 1.70e-05
2.38e-01 2.61e-01 3.23e-03 2.60e-01 3.44e-03 2.05e-17 2.05e-17 3.32e-04 3.32e-04 3.32e-04 4.51e-05
2.35e-01 2.48e+00 1.36e-01 2.50e+00 1.37e-01 3.52e-08 8.47e-08 4.30e-06 1.82e-06 1.30e-06 2.87e-07
2.40e-01 3.56e-01 1.38e-01 4.20e-01 1.52e-01 3.71e-14 8.18e-05 1.40e-04 1.34e-04 3.58e-05 6.32e-06
2.29e-01 2.80e-01 5.47e-04 2.80e-01 5.48e-04 3.84e-96 3.84e-96 3.72e-04 3.72e-04 3.72e-04 3.72e-04
2.32e-01 2.40e-01 1.10e-03 2.40e-01 1.11e-03 6.69e-05 6.70e-05 2.93e-04 2.93e-04 2.93e-04 2.93e-04
2.16e-01 2.63e+00 6.32e-01 2.79e+00 6.52e-01 5.26e-05 1.39e-04 2.35e-04 1.00e-04 4.95e-05 8.48e-06
2.39e-01 1.91e-01 9.00e-03 1.90e-01 9.08e-03 1.13e-13 3.09e-04 2.00e-04 6.44e-05 6.44e-05 4.43e-05
2.24e-01 2.12e-01 4.42e-03 2.10e-01 4.76e-03 3.64e-05 3.05e-04 2.36e-04 2.36e-04 6.17e-05 6.17e-05
2.29e-01 2.67e-01 6.54e-03 2.70e-01 7.42e-03 1.66e-12 1.66e-12 3.52e-04 2.64e-04 2.64e-04 1.59e-05
2.16e-01 2.24e-01 6.51e-03 2.20e-01 7.55e-03 1.76e-04 1.97e-04 2.55e-04 1.96e-04 1.96e-04 1.41e-05
2.14e-01 1.80e-01 8.76e-05 1.80e-01 8.76e-05 3.23e-92 1.01e-05 1.01e-05 1.01e-05 1.01e-05 1.01e-05
2.23e-01 2.45e+00 3.40e-02 2.45e+00 3.42e-02 1.14e-18 2.07e-11 5.52e-06 2.76e-06 1.78e-06 3.15e-07
2.18e-01 2.49e-01 1.86e-02 2.50e-01 1.87e-02 1.69e-16 2.17e-05 4.95e-04 4.95e-04 1.57e-04 1.57e-04
2.34e-01 2.77e-01 6.81e-02 2.50e-01 7.32e-02 1.63e-07 1.63e-07 2.23e-05 2.23e-05 2.23e-05 5.61e-07
2.34e-01 3.19e-01 5.69e-03 3.20e-01 5.80e-03 4.69e-46 9.83e-15 4.53e-04 4.53e-04 1.44e-04 7.29e-05
2.35e-01 3.08e-01 4.25e-03 3.10e-01 4.78e-03 3.70e-71 4.11e-36 4.33e-04 4.33e-04 1.26e-04 1.26e-04
2.14e-01 2.30e-01 8.50e-07 2.30e-01 8.50e-07 6.18e-17 6.18e-17 1.83e-05 1.83e-05 1.83e-05 1.83e-05
2.13e-01 2.69e-01 7.07e-03 2.70e-01 7.22e-03 1.61e-17 1.61e-17 3.52e-04 1.82e-04 9.91e-05 1.06e-05
2.16e-01 2.50e+00 1.29e-02 2.50e+00 1.37e-02 1.37e-26 1.37e-26 5.21e-06 2.79e-06 2.79e-06 1.61e-07
2.32e-01 2.00e-01 6.93e-06 2.00e-01 6.93e-06 1.86e-65 1.31e-05 1.31e-05 1.31e-05 1.31e-05 1.31e-05
2.12e-01 3.76e-02 4.72e-03 4.00e-02 5.29e-03 7.57e-23 1.79e-05 1.29e-05 1.29e-05 4.62e-06 4.62e-06
2.17e-01 1.81e-01 4.04e-03 1.80e-01 4.31e-03 1.05e-14 2.33e-05 1.90e-05 1.90e-05 1.90e-05 3.91e-06
2.33e-01 2.80e-01 7.75e-07 2.80e-01 7.75e-07 5.15e-174 5.15e-174 2.92e-05 2.92e-05 2.92e-05 2.92e-05
2.27e-01 2.50e-01 2.70e-05 2.50e-01 2.70e-05 8.53e-57 8.53e-57 2.23e-05 2.23e-05 2.23e-05 2.23e-05
2.17e-01 2.60e-01 1.45e-06 2.60e-01 1.45e-06 1.06e-212 1.06e-212 2.45e-05 2.45e-05 2.45e-05 2.45e-05
2.17e-01 2.20e-01 2.69e-03 2.20e-01 2.73e-03 1.86e-04 1.98e-04 2.55e-04 2.55e-04 2.55e-04 1.79e-05
2.32e-01 2.58e+00 3.52e-03 2.58e+00 3.72e-03 5.91e-34 1.46e-25 2.26e-08 2.26e-08 2.26e-08 2.61e-09
2.31e-01 2.50e-01 9.09e-07 2.50e-01 9.09e-07 1.04e-14 1.04e-14 2.23e-05 2.23e-05 2.23e-05 2.23e-05
2.14e-01 2.21e+00 6.08e-01 2.41e+00 6.39e-01 7.38e-37 2.09e-10 8.33e-06 2.84e-06 2.53e-06 2.15e-07
2.27e-01 2.58e+00 2.13e-06 2.58e+00 2.13e-06 4.64e-159 4.34e-157 2.56e-50 2.56e-50 2.56e-50 2.56e-50
2.31e-01 2.43e-01 2.23e-02 2.40e-01 2.24e-02 1.21e-06 1.21e-06 2.03e-05 2.03e-05 2.03e-05 2.03e-05
2.16e-01 2.30e-01 2.38e-07 2.30e-01 2.38e-07 6.61e-15 6.61e-15 1.83e-05 1.83e-05 1.83e-05 1.83e-05
2.27e-01 2.20e-01 9.46e-04 2.20e-01 9.50e-04 7.64e-05 2.56e-04 2.55e-04 2.55e-04 2.55e-04 2.55e-04
2.30e-01 3.03e-01 1.02e-02 3.00e-01 1.06e-02 3.68e-18 3.68e-18 4.13e-04 2.01e-04 1.10e-04 3.94e-05
2.12e-01 2.70e-01 1.63e-03 2.70e-01 1.65e-03 7.47e-269 7.47e-269 2.68e-05 2.68e-05 2.68e-05 2.68e-05
2.14e-01 3.62e-01 6.04e-01 1.80e-01 6.31e-01 7.27e-08 6.57e-06 1.67e-06 7.26e-07 5.11e-07 5.11e-08
2.28e-01 2.09e-01 3.34e-03 2.10e-01 3.58e-03 2.60e-19 1.68e-05 1.47e-05 1.47e-05 1.47e-05 2.22e-06
2.27e-01 2.18e-01 4.27e-03 2.20e-01 4.89e-03 4.69e-06 2.16e-05 1.64e-05 1.64e-05 5.20e-06 5.20e-06
2.29e-01 2.44e-01 1.21e-01 2.40e-01 1.21e-01 3.39e-04 4.55e-04 4.83e-04 2.91e-04 1.12e-04 1.46e-05
2.29e-01 2.30e-01 1.06e-04 2.30e-01 1.06e-04 1.62e-05 1.62e-05 1.83e-05 1.83e-05 1.83e-05 1.83e-05
2.18e-01 2.31e+00 1.68e-02 2.31e+00 1.70e-02 5.46e-31 4.31e-19 1.30e-05 5.67e-06 3.89e-06 4.96e-07
2.28e-01 2.40e-01 3.60e-08 2.40e-01 3.60e-08 2.28e-22 2.28e-22 2.03e-05 2.03e-05 2.03e-05 2.03e-05
2.34e-01 2.54e+00 1.05e-02 2.54e+00 1.07e-02 1.33e-53 2.23e-53 4.32e-06 2.34e-06 9.98e-07 1.30e-07
2.28e-01 3.53e-01 1.08e-02 3.50e-01 1.13e-02 9.66e-16 4.08e-09 5.14e-04 2.53e-04 1.65e-04 2.84e-05
2.30e-01 2.05e-01 6.59e-03 2.00e-01 8.03e-03 8.82e-07 4.55e-04 2.18e-04 1.96e-04 1.96e-04 1.86e-05
2.25e-01 2.18e-01 8.98e-03 2.20e-01 9.11e-03 1.80e-04 5.15e-04 2.55e-04 1.17e-04 1.17e-04 1.41e-05
2.41e-01 4.19e-01 7.35e-01 1.70e-01 7.76e-01 4.53e-18 4.27e-07 3.43e-07 3.43e-07 7.76e-08 8.62e-09
2.19e-01 2.26e+00 5.61e-01 2.43e+00 5.86e-01 1.05e-14 5.54e-10 6.09e-06 2.68e-06 1.16e-06 1.94e-07
2.34e-01 2.50e-01 9.80e-03 2.50e-01 9.81e-03 1.01e-04 1.19e-04 3.12e-04 1.68e-04 1.68e-04 3.77e-05
2.27e-01 3.17e-01 4.76e-03 3.20e-01 5.88e-03 0.00e+00 2.75e-111 4.53e-04 2.42e-04 2.42e-04 2.42e-04
2.25e-01 2.59e-01 2.99e-03 2.60e-01 3.15e-03 1.70e-23 1.70e-23 3.32e-04 3.32e-04 3.32e-04 3.67e-05
2.31e-01 2.25e-01 1.10e-02 2.20e-01 1.19e-02 1.09e-05 3.18e-05 1.27e-05 5.75e-06 4.92e-06 1.02e-06
2.24e-01 3.33e-01 3.05e-01 2.90e-01 3.08e-01 1.70e-06 1.92e-06 4.25e-04 2.08e-04 1.16e-04 1.08e-05
