1.01e+00 8.60e-01 2.69e-02 8.50e-01 2.87e-02 6.06e-10 6.64e-03 8.53e-04 3.37e-04 1.93e-04 4.46e-05
9.94e-01 9.54e-01 7.81e-03 9.50e-01 8.78e-03 5.58e-09 1.38e-03 7.31e-04 5.03e-04 5.03e-04 6.25e-05
9.68e-01 9.05e-01 7.02e-03 9.00e-01 8.37e-03 1.11e-18 1.53e-03 7.36e-04 6.21e-04 6.21e-04 8.88e-05
1.01e+00 8.87e-01 8.57e-02 8.20e-01 1.09e-01 1.58e-04 3.82e-03 7.41e-04 1.73e-04 9.02e-05 1.13e-05
1.01e+00 1.04e+00 1.08e-02 1.04e+00 1.12e-02 9.05e-07 9.16e-07 8.41e-04 4.52e-04 2.07e-04 5.50e-05
9.93e-01 9.75e-01 1.73e-02 9.70e-01 1.81e-02 5.51e-04 3.65e-03 8.81e-04 3.47e-04 3.29e-04 3.65e-05
9.93e-01 9.61e-01 3.66e-03 9.60e-01 3.85e-03 5.28e-13 1.08e-03 9.17e-04 9.17e-04 9.17e-04 1.47e-04
9.94e-01 9.88e-01 9.21e-03 9.90e-01 9.46e-03 7.14e-04 1.93e-03 8.91e-04 4.25e-04 4.25e-04 6.27e-05
9.88e-01 9.10e-01 1.65e-02 9.10e-01 1.65e-02 3.52e-09 4.11e-03 9.02e-04 4.89e-04 2.21e-04 4.80e-05
9.94e-01 1.03e+00 1.28e-02 1.03e+00 1.32e-02 1.52e-06 1.56e-06 8.52e-04 4.84e-04 1.93e-04 3.85e-05
9.74e-01 8.85e-01 1.42e-02 8.90e-01 1.49e-02 2.62e-21 1.61e-03 7.37e-04 4.30e-04 2.85e-04 4.44e-05
1.01e+00 9.95e-01 2.28e-02 1.00e+00 2.33e-02 8.17e-04 4.00e-03 7.88e-04 3.01e-04 2.79e-04 4.43e-05
9.87e-01 9.23e-01 6.85e-03 9.20e-01 7.37e-03 6.88e-29 1.83e-03 9.48e-04 6.48e-04 6.48e-04 3.33e-05
1.00e+00 9.48e-01 4.66e-02 9.20e-01 5.44e-02 5.68e-05 2.28e-03 6.31e-04 2.55e-04 1.22e-04 2.21e-05
9.84e-01 1.01e+00 6.76e-03 1.01e+00 7.17e-03 1.46e-05 1.48e-05 8.72e-04 4.56e-04 4.56e-04 4.38e-05
1.01e+00 1.05e+00 1.32e-02 1.05e+00 1.35e-02 3.24e-07 3.28e-07 6.39e-04 3.42e-04 1.88e-04 2.51e-05
9.85e-01 1.16e+00 3.04e-02 1.18e+00 3.84e-02 1.40e-11 8.60e-09 6.80e-04 2.01e-04 1.94e-04 1.74e-05
9.73e-01 8.95e-01 3.84e-02 9.00e-01 3.88e-02 9.84e-05 5.66e-03 6.50e-04 2.81e-04 1.35e-04 1.92e-05
9.87e-01 8.48e-01 2.26e-02 8.40e-01 2.40e-02 1.42e-09 5.43e-03 8.06e-04 4.83e-04 2.09e-04 3.98e-05
9.76e-01 1.00e+00 3.27e-02 1.01e+00 3.33e-02 6.45e-04 1.82e-03 6.97e-04 3.90e-04 2.28e-04 2.63e-05
9.73e-01 8.67e-01 3.02e-02 8.50e-01 3.49e-02 1.73e-05 1.97e-03 7.41e-04 2.61e-04 1.41e-04 1.12e-05
9.65e-01 8.40e-01 4.45e-03 8.40e-01 4.46e-03 3.79e-17 9.13e-04 7.40e-04 7.40e-04 7.40e-04 7.81e-05
1.01e+00 1.01e+00 3.66e-02 1.01e+00 3.67e-02 8.55e-04 4.75e-03 6.75e-04 3.64e-04 1.84e-04 2.19e-05
9.85e-01 1.02e+00 5.56e-02 9.90e-01 6.19e-02 7.15e-04 2.21e-03 5.62e-04 2.37e-04 9.49e-05 2.55e-05
9.91e-01 9.56e-01 2.59e-02 9.50e-01 2.66e-02 3.47e-09 1.38e-03 7.31e-04 2.94e-04 2.94e-04 2.20e-05
9.91e-01 1.00e+00 1.09e-01 9.50e-01 1.20e-01 7.45e-04 8.68e-03 7.58e-04 2.43e-04 1.21e-04 1.46e-05
9.85e-01 8.26e-01 2.59e-02 8.20e-01 2.66e-02 6.09e-09 2.86e-03 5.71e-04 2.49e-04 9.58e-05 1.53e-05
9.68e-01 1.73e+00 2.97e-01 1.70e+00 2.99e-01 1.37e-04 9.13e-04 3.60e-04 1.08e-04 6.37e-05 8.30e-06
9.90e-01 9.42e-01 4.74e-03 9.40e-01 5.04e-03 5.91e-23 9.77e-04 7.32e-04 7.32e-04 2.06e-04 4.05e-05
1.02e+00 9.49e-01 7.34e-03 9.50e-01 7.46e-03 6.93e-19 1.68e-03 9.25e-04 4.28e-04 2.74e-04 4.65e-05
1.00e+00 9.66e-01 5.41e-02 9.40e-01 5.99e-02 6.80e-05 4.64e-03 6.41e-04 2.02e-04 1.18e-04 1.47e-05
9.93e-01 9.35e-01 7.77e-03 9.40e-01 9.17e-03 6.78e-20 2.01e-03 9.33e-04 7.60e-04 7.60e-04 1.45e-04
9.68e-01 8.53e-01 2.05e-02 8.50e-01 2.07e-02 2.23e-08 4.61e-03 9.87e-04 4.91e-04 1.88e-04 2.97e-05
9.91e-01 1.37e+00 4.93e-01 9.30e-01 6.61e-01 1.41e-04 7.05e-03 4.68e-04 1.03e-04 6.26e-05 7.37e-06
1.00e+00 1.01e+00 1.75e-02 1.01e+00 1.79e-02 7.79e-04 1.94e-03 7.36e-04 3.90e-04 3.07e-04 3.50e-05
9.65e-01 8.13e-01 7.99e-03 8.10e-01 8.64e-03 4.74e-24 2.20e-03 9.99e-04 7.98e-04 2.66e-04 1.15e-04
1.01e+00 9.45e-01 2.91e-02 9.50e-01 2.96e-02 5.04e-05 6.04e-03 8.14e-04 3.30e-04 2.28e-04 3.26e-05
1.01e+00 1.05e+00 1.32e-02 1.04e+00 1.47e-02 2.33e-06 2.38e-06 7.19e-04 3.93e-04 3.93e-04 6.34e-05
9.98e-01 8.68e-01 2.45e-02 8.60e-01 2.58e-02 3.88e-09 6.20e-03 8.64e-04 4.10e-04 2.42e-04 2.96e-05
9.78e-01 1.36e+00 6.08e-03 1.36e+00 7.15e-03 6.27e-139 3.21e-133 6.46e-04 6.46e-04 2.76e-04 5.20e-05
9.71e-01 9.60e-01 4.39e-03 9.60e-01 4.41e-03 1.22e-04 1.14e-03 9.17e-04 9.17e-04 9.17e-04 9.22e-05
9.97e-01 9.34e-01 4.34e-02 9.40e-01 4.37e-02 3.07e-04 8.85e-03 7.50e-04 3.03e-04 1.68e-04 3.73e-05
9.84e-01 9.10e-01 1.77e-02 9.20e-01 2.05e-02 3.62e-09 3.06e-03 6.57e-04 3.14e-04 1.59e-04 2.58e-05
1.02e+00 9.60e-01 4.87e-03 9.60e-01 4.89e-03 9.52e-25 9.57e-04 7.30e-04 7.30e-04 1.36e-04 9.54e-05
9.98e-01 8.83e-01 2.43e-02 8.90e-01 2.52e-02 8.84e-08 4.16e-03 6.70e-04 2.26e-04 1.59e-04 1.85e-05
9.92e-01 9.56e-01 4.98e-03 9.60e-01 6.61e-03 1.01e-20 1.63e-03 9.17e-04 7.10e-04 7.10e-04 7.10e-04
1.00e+00 1.14e+00 3.57e-01 9.60e-01 3.98e-01 4.46e-04 5.97e-03 5.80e-04 1.98e-04 6.60e-05 7.34e-06
9.67e-01 9.04e-01 5.52e-03 9.00e-01 6.98e-03 2.14e-16 1.37e-03 7.36e-04 5.92e-04 5.92e-04 2.96e-05
1.01e+00 9.76e-01 1.01e-02 9.70e-01 1.15e-02 4.93e-06 2.55e-03 9.09e-04 3.52e-04 3.06e-04 6.39e-05
9.75e-01 8.17e-01 2.34e-02 8.20e-01 2.36e-02 2.47e-09 5.18e-03 9.77e-04 3.61e-04 2.19e-04 2.55e-05
9.73e-01 1.12e+00 4.39e-03 1.12e+00 4.48e-03 2.13e-111 2.13e-111 7.03e-04 7.03e-04 7.03e-04 5.30e-05
9.84e-01 9.31e-01 8.10e-03 9.30e-01 8.14e-03 2.57e-12 1.41e-03 7.33e-04 3.72e-04 2.28e-04 3.32e-05
9.61e-01 9.03e-01 1.96e-02 9.10e-01 2.08e-02 2.35e-06 4.35e-03 8.44e-04 3.93e-04 3.41e-04 2.40e-05
1.01e+00 9.83e-01 2.35e-01 9.20e-01 2.43e-01 3.52e-05 6.88e-03 5.98e-04 2.14e-04 1.03e-04 7.38e-06
1.00e+00 9.86e-01 9.34e-03 9.80e-01 1.12e-02 2.06e-04 2.41e-03 9.00e-04 3.57e-04 3.57e-04 4.97e-05
9.91e-01 9.01e-01 1.94e-02 9.00e-01 1.94e-02 3.94e-09 4.77e-03 8.26e-04 3.53e-04 2.80e-04 4.83e-05
9.87e-01 9.38e-01 7.21e-03 9.40e-01 7.38e-03 1.54e-14 1.65e-03 9.33e-04 4.13e-04 2.58e-04 5.16e-05
9.78e-01 8.69e-01 3.76e-02 8.80e-01 3.91e-02 9.90e-06 9.15e-03 7.72e-04 4.06e-04 1.95e-04 3.91e-05
9.82e-01 9.73e-01 8.58e-02 1.01e+00 9.34e-02 6.54e-04 8.14e-03 5.20e-04 2.82e-04 1.56e-04 1.86e-05
9.81e-01 9.52e-01 9.56e-03 9.50e-01 9.70e-03 9.72e-06 2.20e-03 9.25e-04 4.14e-04 4.14e-04 7.44e-05
9.73e-01 9.00e-01 2.62e-03 9.00e-01 2.63e-03 6.40e-27 7.91e-04 7.36e-04 7.36e-04 7.36e-04 4.07e-05
1.01e+00 1.10e+00 1.08e-02 1.10e+00 1.12e-02 1.01e-25 1.01e-25 7.76e-04 4.21e-04 2.42e-04 3.90e-05
9.68e-01 1.01e+00 4.93e-03 1.01e+00 6.09e-03 3.61e-23 3.61e-23 8.72e-04 5.04e-04 5.04e-04 5.04e-04
9.68e-01 8.82e-01 5.39e-03 8.80e-01 5.67e-03 1.64e-47 1.41e-03 9.73e-04 9.73e-04 3.37e-04 9.77e-05
9.78e-01 8.35e-01 6.35e-03 8.40e-01 7.79e-03 2.29e-10 1.35e-03 7.40e-04 5.50e-04 5.50e-04 2.23e-05
9.99e-01 1.29e+00 5.15e-01 9.20e-01 6.33e-01 7.84e-05 8.09e-03 4.87e-04 1.11e-04 6.27e-05 7.38e-06
9.82e-01 9.16e-01 6.69e-03 9.20e-01 7.87e-03 9.14e-17 1.40e-03 7.34e-04 5.28e-04 5.28e-04 6.64e-05
1.00e+00 9.57e-01 2.77e-02 9.60e-01 2.79e-02 2.57e-04 5.90e-03 7.19e-04 3.18e-04 1.94e-04 3.23e-05
9.72e-01 9.35e-01 1.28e-02 9.40e-01 1.39e-02 5.13e-06 2.92e-03 7.93e-04 4.97e-04 3.99e-04 4.69e-05
1.00e+00 8.10e-01 4.84e-02 8.10e-01 4.84e-02 5.33e-06 7.03e-03 6.41e-04 2.34e-04 1.17e-04 1.26e-05
9.89e-01 1.03e+00 9.64e-03 1.03e+00 9.64e-03 2.28e-07 2.35e-07 8.52e-04 4.54e-04 4.54e-04 8.13e-05
9.66e-01 8.48e-01 1.05e-02 8.50e-01 1.07e-02 2.86e-24 2.70e-03 9.87e-04 4.86e-04 2.23e-04 2.48e-05
9.96e-01 8.40e-01 3.15e-04 8.40e-01 3.15e-04 1.53e-109 7.40e-04 7.40e-04 7.40e-04 7.40e-04 7.40e-04
1.01e+00 9.40e-01 1.28e-03 9.40e-01 1.28e-03 1.10e-29 7.45e-04 7.32e-04 7.32e-04 7.32e-04 7.32e-04
9.94e-01 8.32e-01 8.44e-02 8.60e-01 8.90e-02 1.85e-04 2.29e-02 8.44e-04 3.88e-04 2.31e-04 3.64e-05
9.72e-01 8.95e-01 1.74e-02 8.90e-01 1.81e-02 9.13e-08 4.17e-03 9.52e-04 3.26e-04 3.16e-04 4.37e-05
1.01e+00 9.45e-01 1.66e-02 9.50e-01 1.74e-02 1.02e-06 3.85e-03 8.88e-04 2.93e-04 2.84e-04 3.72e-05
9.94e-01 8.41e-01 4.09e-02 8.30e-01 4.23e-02 1.13e-05 8.25e-03 7.54e-04 3.22e-04 1.74e-04 2.11e-05
1.00e+00 1.05e+00 1.83e-02 1.04e+00 2.27e-02 1.35e-06 1.38e-06 7.61e-04 4.19e-04 4.19e-04 1.10e-04
9.81e-01 1.38e+00 5.18e-02 1.38e+00 5.18e-02 2.15e-15 1.56e-12 5.22e-04 2.06e-04 1.42e-04 1.61e-05
1.00e+00 1.03e+00 4.95e-02 1.05e+00 5.21e-02 7.67e-06 9.67e-04 5.94e-04 2.74e-04 1.69e-04 2.52e-05
9.76e-01 9.84e-01 1.72e-02 9.80e-01 1.78e-02 8.16e-04 1.75e-03 8.64e-04 3.66e-04 3.35e-04 3.17e-05
1.00e+00 9.37e-01 7.00e-03 9.40e-01 7.51e-03 7.03e-28 1.67e-03 9.33e-04 5.02e-04 5.02e-04 6.10e-05
9.88e-01 8.47e-01 4.80e-02 8.40e-01 4.85e-02 1.67e-05 1.18e-02 7.73e-04 3.64e-04 2.19e-04 2.49e-05
9.66e-01 8.87e-01 3.10e-02 8.90e-01 3.12e-02 4.86e-05 7.49e-03 8.46e-04 3.50e-04 2.28e-04 2.92e-05
9.71e-01 9.44e-01 1.79e-02 9.50e-01 1.87e-02 3.06e-04 4.05e-03 9.16e-04 3.53e-04 3.30e-04 3.72e-05
9.86e-01 9.18e-01 2.33e-02 9.30e-01 2.60e-02 4.12e-06 4.20e-03 6.85e-04 2.84e-04 1.62e-04 2.21e-05
9.68e-01 8.98e-01 4.04e-03 9.00e-01 4.44e-03 2.48e-21 8.99e-04 7.36e-04 7.36e-04 7.36e-04 1.59e-04
9.94e-01 9.66e-01 5.22e-02 9.70e-01 5.23e-02 4.52e-04 4.77e-03 5.35e-04 2.16e-04 1.28e-04 1.10e-05
1.01e+00 9.53e-01 7.00e-02 9.40e-01 7.12e-02 2.24e-04 7.87e-03 5.62e-04 1.74e-04 1.02e-04 1.51e-05
9.90e-01 9.31e-01 3.26e-02 9.40e-01 3.38e-02 1.42e-04 6.79e-03 7.78e-04 2.86e-04 1.97e-04 2.81e-05
1.00e+00 9.61e-01 6.84e-03 9.60e-01 7.00e-03 4.86e-10 1.60e-03 9.17e-04 4.24e-04 2.30e-04 2.77e-05
1.01e+00 9.45e-01 7.93e-03 9.50e-01 9.29e-03 9.94e-16 2.08e-03 9.25e-04 8.04e-04 1.67e-04 1.67e-04
9.95e-01 1.08e+00 2.25e-01 9.80e-01 2.47e-01 6.77e-04 5.06e-03 5.59e-04 1.86e-04 6.58e-05 7.31e-06
9.89e-01 1.08e+00 1.58e-02 1.08e+00 1.58e-02 2.13e-15 2.14e-15 7.70e-04 3.85e-04 3.85e-04 4.41e-05
9.64e-01 9.64e-01 4.65e-02 9.50e-01 4.86e-02 5.48e-04 3.52e-03 6.26e-04 1.88e-04 8.84e-05 1.84e-05
9.81e-01 9.60e-01 3.73e-03 9.60e-01 3.74e-03 6.60e-08 1.07e-03 9.17e-04 9.17e-04 9.17e-04 6.45e-05
9.97e-01 9.69e-01 9.81e-03 9.70e-01 9.86e-03 3.64e-05 2.23e-03 9.09e-04 4.61e-04 4.61e-04 1.00e-04
9.96e-01 9.70e-01 1.57e-02 9.70e-01 1.57e-02 2.50e-04 3.36e-03 7.44e-04 3.79e-04 3.79e-04 3.20e-05
9.91e-01 9.22e-01 1.64e-02 9.30e-01 1.81e-02 5.55e-07 3.11e-03 6.82e-04 4.72e-04 2.91e-04 3.32e-05
9.98e-01 9.39e-01 1.84e-02 9.40e-01 1.84e-02 1.19e-06 4.08e-03 9.24e-04 3.94e-04 1.83e-04 3.75e-05
9.92e-01 1.03e+00 6.82e-03 1.03e+00 6.82e-03 6.13e-08 6.18e-08 8.52e-04 2.83e-04 2.78e-04 2.78e-04
1.01e+00 8.95e-01 1.65e-02 9.00e-01 1.73e-02 1.26e-08 2.79e-03 6.14e-04 4.25e-04 1.81e-04 3.33e-05
9.97e-01 8.88e-01 4.52e-02 8.40e-01 6.62e-02 5.44e-05 1.33e-02 8.67e-04 5.60e-04 2.87e-04 4.46e-05
9.85e-01 8.40e-01 1.65e-03 8.40e-01 1.68e-03 5.41e-16 7.61e-04 7.40e-04 7.40e-04 7.40e-04 7.40e-04
9.73e-01 9.13e-01 7.68e-03 9.10e-01 8.22e-03 5.39e-20 2.12e-03 9.55e-04 8.16e-04 2.69e-04 6.24e-05
1.00e+00 9.58e-01 2.97e-02 9.50e-01 3.07e-02 5.17e-05 3.62e-03 7.13e-04 3.23e-04 1.69e-04 1.47e-05
9.89e-01 1.08e+00 5.42e-02 1.06e+00 5.64e-02 2.16e-04 5.91e-04 6.90e-04 3.00e-04 1.60e-04 2.05e-05
1.01e+00 1.16e+00 2.31e-02 1.17e+00 2.63e-02 2.06e-10 2.24e-10 6.37e-04 2.09e-04 1.43e-04 2.44e-05
1.00e+00 9.02e-01 2.55e-02 9.00e-01 2.56e-02 1.03e-07 5.97e-03 8.45e-04 3.43e-04 2.56e-04 4.83e-05
1.01e+00 9.57e-01 1.28e-02 9.60e-01 1.31e-02 4.08e-07 2.90e-03 7.84e-04 5.44e-04 3.36e-04 3.23e-05
9.77e-01 8.53e-01 3.10e-02 8.30e-01 3.85e-02 1.71e-43 1.24e-03 7.40e-04 7.40e-04 2.45e-04 1.86e-05
9.90e-01 9.45e-01 1.31e-02 9.50e-01 1.41e-02 1.34e-06 2.96e-03 8.04e-04 4.00e-04 4.00e-04 4.19e-05
9.85e-01 1.40e+00 3.27e-02 1.41e+00 3.39e-02 3.40e-12 1.21e-10 5.44e-04 2.70e-04 1.37e-04 1.59e-05
1.01e+00 8.88e-01 5.42e-02 8.80e-01 5.47e-02 1.40e-04 2.15e-02 1.25e-03 5.93e-04 3.88e-04 4.75e-05
9.82e-01 1.45e+00 1.76e-01 1.41e+00 1.80e-01 4.92e-05 6.95e-04 4.32e-04 1.46e-04 7.95e-05 9.54e-06
9.77e-01 9.05e-01 5.97e-03 9.00e-01 7.88e-03 9.86e-34 1.96e-03 9.61e-04 8.98e-04 8.98e-04 7.24e-05
9.71e-01 8.49e-01 3.66e-02 8.30e-01 4.13e-02 4.79e-08 3.40e-03 5.65e-04 2.01e-04 1.08e-04 3.48e-05
1.00e+00 1.09e+00 6.48e-02 1.10e+00 6.56e-02 1.29e-04 9.27e-04 5.64e-04 2.18e-04 1.43e-04 1.43e-05
9.91e-01 8.98e-01 1.69e-02 9.00e-01 1.69e-02 9.13e-11 3.81e-03 8.79e-04 3.48e-04 2.03e-04 6.28e-05
1.01e+00 9.25e-01 4.88e-02 9.40e-01 5.10e-02 2.10e-04 1.04e-02 7.08e-04 2.67e-04 1.69e-04 2.34e-05
9.99e-01 1.01e+00 5.67e-02 9.70e-01 7.01e-02 1.21e-04 2.43e-03 6.59e-04 2.34e-04 1.54e-04 2.20e-05
9.71e-01 8.40e-01 1.81e-03 8.40e-01 1.82e-03 1.53e-09 7.60e-04 7.40e-04 7.40e-04 7.40e-04 7.40e-04
1.00e+00 1.21e+00 4.07e-02 1.21e+00 4.10e-02 5.47e-08 6.10e-08 6.15e-04 2.61e-04 1.48e-04 1.37e-05
9.88e-01 8.97e-01 1.70e-02 9.00e-01 1.72e-02 2.72e-06 2.43e-03 5.14e-04 3.07e-04 1.48e-04 2.22e-05
1.00e+00 8.86e-01 3.04e-02 8.90e-01 3.06e-02 1.30e-07 7.83e-03 7.68e-04 4.28e-04 2.53e-04 5.83e-05
9.81e-01 1.52e+00 2.89e-01 1.36e+00 3.31e-01 7.88e-06 5.90e-04 3.86e-04 1.40e-04 6.82e-05 9.74e-06
1.01e+00 8.18e-01 3.84e-02 8.20e-01 3.85e-02 1.43e-06 6.29e-03 6.39e-04 2.75e-04 1.19e-04 1.69e-05
9.96e-01 1.13e+00 1.45e-02 1.13e+00 1.45e-02 1.42e-19 9.71e-16 6.96e-04 3.02e-04 2.72e-04 3.35e-05
9.76e-01 1.00e+00 8.06e-03 1.00e+00 8.06e-03 2.88e-05 2.92e-05 8.81e-04 4.12e-04 4.12e-04 3.54e-05
9.89e-01 9.27e-01 5.40e-03 9.30e-01 5.96e-03 9.88e-23 1.11e-03 7.33e-04 3.21e-04 3.21e-04 5.16e-05
9.86e-01 9.85e-01 3.34e-02 9.80e-01 3.38e-02 8.95e-04 4.27e-03 7.05e-04 3.44e-04 2.03e-04 2.26e-05
9.85e-01 9.00e-01 3.09e-02 9.10e-01 3.25e-02 6.55e-06 7.06e-03 7.48e-04 3.41e-04 2.25e-04 3.84e-05
9.90e-01 8.98e-01 4.20e-02 9.10e-01 4.38e-02 6.92e-05 9.90e-03 7.72e-04 3.17e-04 2.01e-04 3.84e-05
9.83e-01 9.06e-01 1.41e-02 9.00e-01 1.51e-02 2.18e-10 3.53e-03 9.32e-04 5.55e-04 2.27e-04 4.35e-05
9.77e-01 9.31e-01 1.30e-02 9.30e-01 1.30e-02 1.89e-06 2.26e-03 7.33e-04 4.20e-04 1.88e-04 4.42e-05
9.80e-01 8.20e-01 2.68e-03 8.20e-01 2.71e-03 2.55e-51 2.44e-04 2.26e-04 2.26e-04 2.26e-04 1.36e-05
9.99e-01 1.03e+00 2.33e-01 8.70e-01 2.80e-01 9.69e-09 6.03e-03 5.86e-04 2.71e-04 1.19e-04 1.48e-05
9.68e-01 9.30e-01 4.62e-03 9.30e-01 4.63e-03 7.44e-15 1.19e-03 9.41e-04 9.41e-04 9.41e-04 1.13e-04
9.71e-01 9.82e-01 4.41e-03 9.80e-01 4.81e-03 1.04e-04 1.05e-04 9.00e-04 9.00e-04 2.35e-04 2.35e-04
9.64e-01 9.22e-01 7.51e-03 9.20e-01 7.84e-03 6.90e-09 1.36e-03 7.34e-04 4.02e-04 1.62e-04 5.17e-05
1.01e+00 1.10e+00 9.18e-03 1.10e+00 9.22e-03 4.85e-33 4.85e-33 7.76e-04 3.98e-04 3.98e-04 6.63e-05
1.00e+00 9.02e-01 2.10e-02 9.00e-01 2.11e-02 3.59e-10 4.75e-03 8.41e-04 3.67e-04 2.08e-04 4.83e-05
9.84e-01 1.27e+00 3.36e-01 9.30e-01 4.75e-01 7.72e-05 4.50e-03 4.46e-04 1.84e-04 1.03e-04 1.11e-05
9.83e-01 9.57e-01 2.91e-02 9.60e-01 2.93e-02 6.20e-04 5.58e-03 7.65e-04 3.64e-04 2.12e-04 2.77e-05
9.85e-01 1.13e+00 3.03e-01 9.00e-01 3.82e-01 2.74e-06 6.00e-03 6.47e-04 2.22e-04 1.11e-04 1.48e-05
1.01e+00 9.32e-01 7.10e-03 9.30e-01 7.48e-03 2.88e-19 1.30e-03 7.33e-04 4.27e-04 4.27e-04 3.32e-05
1.02e+00 1.05e+00 5.97e-03 1.05e+00 5.98e-03 4.11e-10 2.43e-08 8.31e-04 8.31e-04 2.21e-04 1.88e-04
9.90e-01 8.68e-01 4.11e-02 8.40e-01 4.98e-02 3.78e-05 5.25e-03 9.51e-04 3.61e-04 2.09e-04 1.57e-05
9.67e-01 8.88e-01 2.66e-02 8.90e-01 2.66e-02 1.37e-05 6.45e-03 7.53e-04 3.89e-04 2.19e-04 2.92e-05
9.94e-01 9.12e-01 1.73e-02 9.10e-01 1.74e-02 6.01e-06 2.45e-03 5.14e-04 2.81e-04 1.88e-04 1.85e-05
9.88e-01 9.28e-01 3.43e-02 9.30e-01 3.44e-02 7.07e-05 4.91e-03 5.34e-04 2.58e-04 1.62e-04 1.84e-05
9.69e-01 8.75e-01 1.85e-02 8.80e-01 1.93e-02 1.70e-08 3.34e-03 6.63e-04 3.00e-04 2.74e-04 2.22e-05
1.00e+00 9.77e-01 8.80e-03 9.80e-01 9.39e-03 3.89e-05 2.23e-03 9.00e-04 8.46e-04 2.98e-04 4.97e-05
9.90e-01 1.12e+00 1.68e-02 1.12e+00 1.72e-02 2.16e-13 1.97e-06 7.01e-04 5.00e-04 2.04e-04 3.17e-05
9.85e-01 8.69e-01 2.39e-02 8.70e-01 2.40e-02 4.43e-08 6.42e-03 8.55e-04 4.81e-04 3.14e-04 5.40e-05
1.00e+00 8.24e-01 4.86e-03 8.20e-01 6.13e-03 3.07e-39 3.61e-04 2.26e-04 1.35e-04 1.35e-04 1.35e-04
9.69e-01 9.27e-01 5.69e-03 9.30e-01 6.59e-03 1.15e-12 1.20e-03 7.33e-04 4.09e-04 4.09e-04 4.42e-05
9.77e-01 9.76e-01 1.31e-02 9.80e-01 1.35e-02 8.91e-04 2.12e-03 8.68e-04 4.61e-04 2.03e-04 4.07e-05
9.79e-01 9.35e-01 6.65e-02 9.00e-01 7.53e-02 2.95e-04 7.57e-03 5.82e-04 2.30e-04 1.53e-04 1.91e-05
9.84e-01 1.11e+00 1.03e-01 1.04e+00 1.22e-01 6.22e-21 6.22e-21 7.18e-04 2.35e-04 2.27e-04 2.20e-04
1.01e+00 8.52e-01 3.39e-02 8.50e-01 3.40e-02 1.63e-13 9.16e-04 7.39e-04 7.39e-04 7.39e-04 1.78e-04
9.85e-01 9.88e-01 1.04e-02 9.90e-01 1.05e-02 7.83e-04 1.33e-03 8.91e-04 5.10e-04 2.01e-04 1.16e-04
1.01e+00 9.73e-01 4.04e-02 9.50e-01 4.67e-02 2.37e-09 1.62e-03 7.31e-04 6.36e-04 1.18e-04 2.20e-05
9.79e-01 1.21e+00 1.83e-03 1.21e+00 1.86e-03 0.00e+00 0.00e+00 6.84e-04 6.84e-04 6.84e-04 2.75e-05
9.91e-01 9.08e-01 6.72e-02 8.40e-01 9.57e-02 3.47e-04 7.25e-03 8.00e-04 2.34e-04 1.15e-04 2.05e-05
1.01e+00 9.58e-01 7.21e-03 9.60e-01 7.47e-03 9.28e-10 1.72e-03 9.17e-04 5.21e-04 2.35e-04 4.15e-05
9.83e-01 8.76e-01 4.47e-02 8.50e-01 5.20e-02 7.59e-05 1.24e-02 8.67e-04 4.31e-04 2.43e-04 2.97e-05
1.01e+00 9.77e-01 7.22e-03 9.80e-01 7.96e-03 2.55e-06 1.88e-03 9.00e-04 7.24e-04 7.24e-04 5.88e-05
1.00e+00 1.47e+00 3.06e-01 1.68e+00 3.73e-01 1.56e-04 3.05e-03 3.93e-04 1.40e-04 6.73e-05 8.41e-06
9.99e-01 9.14e-01 1.31e-02 9.10e-01 1.38e-02 6.18e-09 2.24e-03 7.35e-04 3.55e-04 3.55e-04 2.59e-05
9.90e-01 9.85e-01 2.29e-01 9.40e-01 2.34e-01 4.49e-04 8.00e-03 5.59e-04 1.99e-04 1.03e-04 7.36e-06
9.86e-01 9.38e-01 1.75e-02 9.40e-01 1.76e-02 2.05e-05 3.95e-03 7.78e-04 4.27e-04 2.30e-04 3.28e-05
1.00e+00 9.42e-01 7.11e-03 9.40e-01 7.30e-03 3.42e-24 1.76e-03 9.33e-04 5.58e-04 5.58e-04 2.44e-04
9.94e-01 8.78e-01 3.83e-02 8.80e-01 3.83e-02 1.37e-05 9.79e-03 8.11e-04 3.67e-04 2.15e-04 3.42e-05
9.65e-01 8.31e-01 3.61e-03 8.30e-01 3.66e-03 1.68e-51 8.53e-04 7.40e-04 7.40e-04 7.40e-04 3.35e-05
9.87e-01 9.55e-01 1.08e-01 9.10e-01 1.17e-01 3.59e-04 1.10e-02 6.12e-04 2.13e-04 1.15e-04 2.22e-05
9.84e-01 1.09e+00 1.49e-02 1.09e+00 1.49e-02 2.17e-16 2.93e-08 5.49e-04 2.67e-04 2.42e-04 1.78e-05
9.71e-01 9.72e-01 5.17e-03 9.70e-01 5.65e-03 8.63e-04 9.86e-04 9.09e-04 9.09e-04 3.33e-04 5.48e-05
9.83e-01 9.95e-01 9.94e-03 1.00e+00 1.11e-02 5.11e-04 6.68e-04 8.81e-04 3.41e-04 3.41e-04 3.54e-05
9.91e-01 9.50e-01 1.09e-02 9.50e-01 1.09e-02 1.01e-06 2.44e-03 9.25e-04 5.49e-04 1.67e-04 2.79e-05
9.79e-01 1.03e+00 2.97e-02 1.03e+00 2.99e-02 8.77e-05 1.70e-04 3.92e-04 1.98e-04 9.08e-05 9.56e-06
9.95e-01 8.50e-01 4.92e-02 8.60e-01 5.01e-02 1.22e-06 7.74e-03 6.01e-04 2.67e-04 1.93e-04 1.86e-05
9.87e-01 9.25e-01 7.07e-03 9.30e-01 8.54e-03 4.11e-18 1.50e-03 7.33e-04 5.90e-04 5.90e-04 7.74e-05
9.94e-01 8.81e-01 1.17e-02 8.80e-01 1.18e-02 3.36e-16 1.89e-03 7.38e-04 3.00e-04 1.74e-04 4.45e-05
9.66e-01 8.67e-01 6.30e-02 8.20e-01 7.86e-02 3.13e-04 1.17e-02 6.87e-04 2.91e-04 1.85e-04 2.51e-05
9.70e-01 8.43e-01 4.65e-03 8.40e-01 5.34e-03 9.78e-61 3.20e-04 2.31e-04 2.31e-04 8.58e-05 8.58e-05
9.65e-01 1.09e+00 1.51e-02 1.09e+00 1.51e-02 7.22e-14 8.06e-07 5.49e-04 2.42e-04 2.10e-04 3.21e-05
1.00e+00 9.43e-01 1.85e-02 9.50e-01 1.97e-02 1.95e-06 3.86e-03 8.09e-04 2.98e-04 2.79e-04 3.72e-05
9.72e-01 9.06e-01 8.05e-03 9.10e-01 8.93e-03 2.00e-18 1.71e-03 7.35e-04 6.47e-04 2.14e-04 1.03e-04
9.77e-01 8.41e-01 4.39e-02 8.20e-01 4.86e-02 1.66e-06 1.18e-02 8.16e-04 4.11e-04 2.85e-04 3.00e-05
9.90e-01 9.40e-01 1.69e-02 9.40e-01 1.69e-02 7.47e-06 3.89e-03 8.44e-04 4.17e-04 1.88e-04 4.22e-05
9.79e-01 8.81e-01 6.35e-03 8.80e-01 6.46e-03 3.45e-71 1.65e-03 9.73e-04 4.40e-04 4.40e-04 2.39e-04
9.75e-01 9.98e-01 2.77e-02 1.00e+00 2.78e-02 5.34e-04 1.25e-03 6.19e-04 2.69e-04 1.53e-04 2.18e-05
9.75e-01 8.90e-01 4.54e-03 8.90e-01 4.55e-03 7.00e-49 1.20e-03 9.67e-04 9.67e-04 9.67e-04 1.02e-04
9.72e-01 1.20e+00 9.97e-04 1.20e+00 1.00e-03 0.00e+00 0.00e+00 6.86e-04 6.86e-04 6.86e-04 6.86e-04
9.92e-01 1.16e+00 9.98e-02 1.16e+00 9.99e-02 1.19e-04 1.26e-03 5.07e-04 2.09e-04 1.13e-04 1.77e-05
1.01e+00 9.69e-01 3.68e-03 9.70e-01 3.82e-03 6.86e-13 1.06e-03 9.09e-04 9.09e-04 9.09e-04 1.32e-04
9.72e-01 9.71e-01 3.05e-02 9.70e-01 3.05e-02 7.15e-04 3.09e-03 5.93e-04 2.64e-04 1.72e-04 1.83e-05
1.00e+00 9.49e-01 1.19e-02 9.50e-01 1.19e-02 3.81e-08 2.03e-03 7.31e-04 4.56e-04 1.76e-04 2.20e-05
1.00e+00 9.51e-01 7.96e-03 9.50e-01 8.06e-03 1.17e-10 1.84e-03 9.25e-04 5.12e-04 3.21e-04 3.26e-05
9.75e-01 9.75e-01 2.50e-02 9.70e-01 2.55e-02 8.73e-04 3.19e-03 7.95e-04 3.29e-04 1.87e-04 3.20e-05
9.87e-01 1.02e+00 1.32e-01 8.50e-01 2.19e-01 5.74e-04 7.08e-03 5.82e-04 2.65e-04 2.38e-04 1.58e-05
1.01e+00 8.85e-01 2.56e-02 8.90e-01 2.60e-02 1.44e-08 6.30e-03 8.41e-04 3.79e-04 2.33e-04 4.86e-05
1.00e+00 1.05e+00 8.64e-02 1.09e+00 9.42e-02 3.36e-04 3.02e-03 5.93e-04 2.49e-04 1.31e-04 2.37e-05
9.96e-01 8.40e-01 1.87e-03 8.40e-01 1.89e-03 2.27e-14 7.66e-04 7.40e-04 7.40e-04 7.40e-04 2.60e-05
9.73e-01 8.29e-01 4.04e-03 8.30e-01 4.09e-03 1.17e-47 2.74e-04 2.29e-04 2.29e-04 2.29e-04 1.49e-05
1.00e+00 9.33e-01 7.04e-03 9.30e-01 7.81e-03 1.30e-13 1.39e-03 7.33e-04 4.86e-04 4.86e-04 5.53e-05
1.01e+00 9.59e-01 9.51e-03 9.60e-01 9.53e-03 7.94e-08 2.17e-03 9.17e-04 4.84e-04 4.84e-04 9.22e-05
9.93e-01 9.59e-01 4.70e-03 9.60e-01 4.86e-03 6.26e-12 1.20e-03 9.17e-04 9.17e-04 2.17e-04 6.91e-05
9.68e-01 8.35e-01 5.03e-03 8.30e-01 6.95e-03 3.52e-53 1.43e-03 7.40e-04 6.88e-04 6.88e-04 6.88e-04
9.68e-01 1.19e+00 4.73e-02 1.19e+00 4.74e-02 7.55e-08 1.22e-07 5.23e-04 2.31e-04 1.31e-04 2.68e-05
9.69e-01 8.78e-01 2.63e-02 8.80e-01 2.63e-02 2.03e-06 6.57e-03 7.43e-04 4.11e-04 2.25e-04 5.86e-05
1.00e+00 9.09e-01 1.37e-02 9.10e-01 1.38e-02 9.59e-08 2.34e-03 5.80e-04 2.18e-04 2.07e-04 5.54e-05
9.63e-01 1.09e+00 3.90e-02 1.09e+00 3.90e-02 4.82e-12 5.73e-05 6.06e-04 3.92e-04 1.64e-04 2.14e-05
9.69e-01 9.83e-01 8.40e-03 9.80e-01 8.89e-03 2.94e-04 3.13e-04 9.00e-04 6.87e-04 3.12e-04 1.27e-04
1.00e+00 9.11e-01 4.10e-02 9.00e-01 4.24e-02 1.08e-04 9.87e-03 7.78e-04 3.53e-04 2.32e-04 3.38e-05
1.00e+00 8.78e-01 5.38e-02 9.10e-01 6.24e-02 4.36e-05 1.41e-02 7.77e-04 3.69e-04 2.49e-04 2.88e-05
9.76e-01 8.61e-01 2.91e-02 8.50e-01 3.10e-02 5.88e-07 7.57e-03 7.88e-04 4.61e-04 2.88e-04 3.47e-05
9.86e-01 8.62e-01 5.81e-02 8.30e-01 6.65e-02 7.03e-05 1.05e-02 5.93e-04 2.69e-04 1.62e-04 2.32e-05
1.01e+00 9.61e-01 3.29e-03 9.60e-01 3.44e-03 2.49e-34 1.04e-03 9.17e-04 9.17e-04 9.17e-04 1.15e-04
1.01e+00 1.88e+00 3.48e-01 1.72e+00 3.85e-01 8.89e-05 1.46e-03 3.57e-04 1.52e-04 8.03e-05 1.11e-05
9.73e-01 1.07e+00 3.44e-02 1.08e+00 3.65e-02 3.02e-05 2.04e-04 6.04e-04 2.39e-04 2.07e-04 1.43e-05
9.72e-01 1.21e+00 2.45e-01 9.60e-01 3.54e-01 6.41e-04 4.14e-03 5.17e-04 1.94e-04 9.54e-05 1.10e-05
1.01e+00 9.19e-01 6.95e-03 9.20e-01 7.04e-03 1.40e-28 1.38e-03 7.34e-04 3.87e-04 2.47e-04 2.47e-04
1.01e+00 9.43e-01 9.51e-02 8.40e-01 1.40e-01 8.88e-04 1.90e-02 7.96e-04 3.81e-04 2.18e-04 3.46e-05
9.74e-01 1.24e+00 4.48e-02 1.21e+00 5.17e-02 6.15e-12 1.83e-11 4.98e-04 2.41e-04 1.24e-04 1.37e-05
9.87e-01 1.09e+00 8.75e-02 1.10e+00 8.81e-02 3.59e-05 8.71e-04 6.63e-04 2.33e-04 1.39e-04 1.64e-05
1.01e+00 9.54e-01 7.39e-03 9.50e-01 8.28e-03 1.97e-11 1.92e-03 9.25e-04 7.25e-04 7.25e-04 9.30e-05
1.00e+00 1.58e+00 3.08e-01 1.87e+00 4.22e-01 2.77e-06 3.00e-04 3.12e-04 1.27e-04 6.85e-05 7.61e-06
9.81e-01 8.36e-01 7.24e-03 8.40e-01 8.05e-03 4.68e-17 1.36e-03 7.40e-04 4.46e-04 4.46e-04 6.32e-05
9.76e-01 1.14e+00 8.40e-03 1.15e+00 1.05e-02 1.19e-32 1.05e-07 6.97e-04 6.59e-04 1.82e-04 7.36e-05
1.01e+00 9.27e-01 1.61e-02 9.30e-01 1.64e-02 3.56e-12 3.95e-03 8.04e-04 3.88e-04 2.84e-04 8.51e-05
9.96e-01 9.29e-01 7.20e-03 9.30e-01 7.24e-03 1.36e-11 1.27e-03 7.33e-04 2.73e-04 2.25e-04 3.68e-05
1.00e+00 8.68e-01 7.75e-02 8.40e-01 8.23e-02 2.35e-06 9.07e-04 7.40e-04 7.40e-04 1.08e-04 3.72e-06
9.85e-01 8.92e-01 1.17e-02 9.00e-01 1.41e-02 1.30e-14 1.77e-03 7.36e-04 6.14e-04 2.74e-04 3.70e-05
1.00e+00 1.14e+00 1.02e-02 1.14e+00 1.05e-02 4.22e-41 4.22e-41 7.29e-04 3.70e-04 1.69e-04 6.96e-05
9.93e-01 1.21e+00 3.03e-02 1.21e+00 3.03e-02 6.04e-12 7.42e-12 5.04e-04 2.78e-04 1.66e-04 2.23e-05
9.93e-01 9.47e-01 6.80e-03 9.50e-01 7.36e-03 6.28e-13 1.61e-03 9.25e-04 4.88e-04 4.88e-04 5.58e-05
9.94e-01 9.94e-01 5.54e-02 9.60e-01 6.50e-02 2.28e-06 1.76e-03 7.30e-04 3.19e-04 1.54e-04 3.67e-05
9.98e-01 1.04e+00 6.04e-03 1.04e+00 7.60e-03 1.59e-16 1.59e-16 8.41e-04 6.85e-04 6.85e-04 4.23e-05
9.86e-01 8.79e-01 2.34e-02 8.90e-01 2.61e-02 3.00e-10 3.78e-03 5.67e-04 2.78e-04 1.59e-04 6.30e-05
1.00e+00 1.00e+00 4.90e-02 1.00e+00 4.91e-02 8.67e-04 5.59e-03 7.44e-04 2.70e-04 1.59e-04 2.21e-05
9.67e-01 8.67e-01 2.27e-02 8.40e-01 3.53e-02 9.50e-08 4.69e-03 7.07e-04 3.78e-04 2.19e-04 5.67e-05
1.01e+00 9.75e-01 9.01e-02 8.80e-01 1.31e-01 2.42e-04 3.38e-03 5.23e-04 2.82e-04 1.33e-04 2.22e-05
9.80e-01 9.88e-01 9.63e-03 9.90e-01 9.87e-03 7.13e-04 8.90e-04 8.91e-04 4.25e-04 4.25e-04 7.61e-05
1.00e+00 8.45e-01 4.98e-03 8.50e-01 6.75e-03 2.03e-33 1.36e-03 7.39e-04 6.20e-04 6.20e-04 6.20e-04
9.76e-01 9.55e-01 5.42e-03 9.50e-01 7.21e-03 7.64e-06 1.82e-03 9.25e-04 8.56e-04 8.56e-04 8.56e-04
9.80e-01 8.72e-01 5.76e-03 8.70e-01 5.99e-03 8.04e-53 1.47e-03 9.78e-04 9.78e-04 3.49e-04 1.33e-04
9.83e-01 9.40e-01 9.10e-03 9.40e-01 9.11e-03 2.01e-09 2.08e-03 9.33e-04 4.69e-04 4.69e-04 5.16e-05
1.00e+00 9.48e-01 1.20e-02 9.50e-01 1.22e-02 1.84e-08 2.63e-03 9.25e-04 5.49e-04 2.56e-04 1.86e-05
9.94e-01 8.86e-01 3.39e-02 9.00e-01 3.66e-02 1.36e-06 8.99e-03 7.68e-04 3.96e-04 3.48e-04 5.80e-05
9.56e-01 8.83e-01 9.36e-02 8.80e-01 9.36e-02 2.13e-04 8.90e-03 6.08e-04 2.52e-04 1.30e-04 1.85e-05
1.00e+00 9.85e-01 3.04e-01 9.30e-01 3.09e-01 1.46e-04 9.22e-03 5.34e-04 1.55e-04 6.63e-05 7.37e-06
9.88e-01 9.08e-01 6.40e-03 9.10e-01 6.78e-03 3.42e-13 1.21e-03 7.35e-04 3.55e-04 3.55e-04 1.03e-04
9.84e-01 8.94e-01 2.73e-02 8.90e-01 2.76e-02 2.84e-06 6.84e-03 7.53e-04 4.42e-04 2.82e-04 4.86e-05
9.72e-01 9.08e-01 4.24e-03 9.10e-01 4.75e-03 9.90e-29 9.49e-04 7.35e-04 7.35e-04 2.11e-04 2.11e-04
9.73e-01 9.97e-01 3.40e-02 9.90e-01 3.46e-02 7.62e-04 2.38e-03 7.42e-04 3.69e-04 2.13e-04 2.22e-05
1.01e+00 9.43e-01 4.81e-03 9.40e-01 5.86e-03 5.71e-54 3.72e-04 2.45e-04 1.27e-04 1.27e-04 1.27e-04
1.01e+00 1.01e+00 5.35e-02 1.05e+00 6.56e-02 1.44e-05 2.87e-03 6.44e-04 2.63e-04 1.94e-04 3.60e-05
9.91e-01 1.17e+00 2.29e-02 1.17e+00 2.32e-02 1.37e-13 5.90e-13 5.78e-04 3.06e-04 1.18e-04 2.09e-05
9.71e-01 1.12e+00 4.37e-02 1.11e+00 4.53e-02 9.62e-09 1.17e-06 6.17e-04 2.94e-04 2.41e-04 3.54e-05
9.74e-01 8.35e-01 1.53e-02 8.30e-01 1.60e-02 4.89e-09 2.36e-03 7.35e-04 3.45e-04 2.14e-04 1.91e-05
9.62e-01 1.78e+00 2.40e-01 1.85e+00 2.51e-01 1.59e-15 7.91e-10 3.09e-04 1.02e-04 5.10e-05 1.02e-05
1.01e+00 1.02e+00 5.28e-02 1.00e+00 5.77e-02 7.12e-04 2.78e-03 5.64e-04 2.95e-04 1.02e-04 1.82e-05
1.01e+00 9.61e-01 4.57e-03 9.60e-01 4.78e-03 6.82e-15 1.19e-03 9.17e-04 9.17e-04 2.17e-04 5.53e-05
9.77e-01 8.78e-01 2.22e-02 8.90e-01 2.53e-02 4.58e-13 2.50e-03 7.37e-04 4.85e-04 4.85e-04 3.33e-05
9.89e-01 9.28e-01 7.82e-03 9.30e-01 8.08e-03 6.48e-13 1.35e-03 7.33e-04 3.32e-04 2.06e-04 7.74e-05
1.00e+00 8.98e-01 3.99e-02 9.10e-01 4.16e-02 1.53e-05 9.62e-03 8.13e-04 3.11e-04 2.01e-04 4.31e-05
1.00e+00 9.56e-01 2.40e-02 9.50e-01 2.48e-02 2.48e-06 2.60e-03 6.14e-04 3.34e-04 2.24e-04 1.84e-05
1.01e+00 9.02e-01 1.51e-02 9.00e-01 1.52e-02 4.78e-12 2.44e-03 6.51e-04 2.59e-04 2.03e-04 1.85e-05
9.73e-01 9.32e-01 8.04e-03 9.30e-01 8.20e-03 1.63e-08 1.45e-03 7.33e-04 3.94e-04 2.47e-04 5.90e-05
9.83e-01 8.40e-01 3.30e-03 8.40e-01 3.31e-03 9.34e-23 7.41e-04 7.40e-04 7.40e-04 7.40e-04 7.40e-04
9.90e-01 9.88e-01 1.46e-02 9.90e-01 1.47e-02 8.84e-04 2.44e-03 8.68e-04 5.06e-04 3.45e-04 1.07e-04
9.80e-01 8.93e-01 9.48e-03 9.00e-01 1.16e-02 1.05e-10 1.95e-03 7.36e-04 7.10e-04 3.03e-04 4.44e-05
1.01e+00 9.42e-01 7.97e-03 9.40e-01 8.35e-03 3.06e-17 2.04e-03 9.33e-04 7.32e-04 2.77e-04 3.75e-05
9.73e-01 8.43e-01 3.86e-02 8.30e-01 4.08e-02 2.24e-05 3.87e-03 7.97e-04 3.06e-04 9.05e-05 1.29e-05
9.87e-01 1.41e+00 3.55e-02 1.42e+00 3.62e-02 1.12e-10 1.53e-09 5.00e-04 2.47e-04 2.03e-04 2.22e-05
1.01e+00 9.63e-01 7.44e-03 9.60e-01 8.15e-03 1.50e-12 1.53e-03 7.30e-04 5.57e-04 5.57e-04 6.60e-05
9.73e-01 1.20e+00 3.09e-03 1.20e+00 3.27e-03 0.00e+00 0.00e+00 6.86e-04 6.86e-04 6.86e-04 8.27e-05
9.81e-01 8.96e-01 1.52e-01 8.80e-01 1.53e-01 1.39e-04 1.08e-02 5.97e-04 2.74e-04 1.37e-04 1.11e-05
9.70e-01 1.15e+00 2.47e-02 1.17e+00 3.21e-02 1.08e-15 6.04e-14 6.02e-04 3.13e-04 1.29e-04 3.83e-05
1.01e+00 9.38e-01 6.96e-03 9.40e-01 7.18e-03 2.90e-11 1.34e-03 7.32e-04 4.01e-04 4.01e-04 1.84e-05
9.86e-01 8.40e-01 1.61e-06 8.40e-01 1.61e-06 1.39e-39 7.40e-04 7.40e-04 7.40e-04 7.40e-04 7.40e-04
9.75e-01 9.24e-01 6.21e-03 9.20e-01 7.15e-03 1.00e-18 1.40e-03 7.34e-04 5.57e-04 5.57e-04 9.22e-05
9.76e-01 1.21e+00 1.04e-02 1.21e+00 1.14e-02 3.99e-12 2.57e-08 6.84e-04 2.23e-04 1.82e-04 4.12e-05
9.88e-01 8.79e-01 1.97e-02 8.80e-01 1.97e-02 5.38e-11 4.88e-03 8.06e-04 3.76e-04 2.79e-04 5.38e-05
9.80e-01 8.76e-01 4.72e-02 8.50e-01 5.40e-02 7.89e-05 7.14e-03 7.19e-04 2.45e-04 1.18e-04 1.69e-05
9.98e-01 8.40e-01 5.50e-05 8.40e-01 5.50e-05 1.59e-26 7.40e-04 7.40e-04 7.40e-04 7.40e-04 7.40e-04
9.82e-01 9.33e-01 2.40e-02 9.30e-01 2.42e-02 1.06e-04 5.40e-03 7.80e-04 3.07e-04 2.65e-04 4.25e-05
1.02e+00 8.63e-01 5.13e-02 8.40e-01 5.63e-02 6.55e-07 1.09e-03 7.40e-04 7.40e-04 1.23e-04 3.72e-06
1.00e+00 9.59e-01 6.77e-03 9.60e-01 6.79e-03 6.94e-10 1.56e-03 9.17e-04 3.55e-04 2.67e-04 2.67e-04
9.81e-01 1.17e+00 3.94e-03 1.17e+00 4.18e-03 1.01e-225 2.79e-177 6.93e-04 6.93e-04 6.93e-04 8.70e-05
9.89e-01 1.17e+00 2.11e-02 1.18e+00 2.31e-02 2.10e-15 2.88e-15 6.21e-04 1.98e-04 1.35e-04 3.47e-05
9.90e-01 8.82e-01 1.81e-02 8.80e-01 1.82e-02 3.11e-11 4.40e-03 8.31e-04 4.94e-04 2.10e-04 3.91e-05
1.01e+00 9.13e-01 2.27e-02 9.20e-01 2.37e-02 2.55e-06 3.91e-03 6.05e-04 3.28e-04 1.92e-04 1.48e-05
9.93e-01 9.97e-01 8.11e-02 9.90e-01 8.15e-02 7.12e-04 4.17e-03 6.02e-04 2.95e-04 1.53e-04 1.46e-05
1.00e+00 9.41e-01 7.32e-03 9.40e-01 7.43e-03 1.02e-13 1.39e-03 7.32e-04 3.75e-04 2.50e-04 2.94e-05
9.73e-01 1.15e+00 5.64e-03 1.15e+00 7.51e-03 7.00e-82 1.59e-68 6.97e-04 6.06e-04 6.06e-04 3.85e-05
1.01e+00 9.56e-01 1.93e-02 9.50e-01 2.03e-02 1.65e-05 3.56e-03 7.31e-04 2.97e-04 1.73e-04 1.84e-05
9.85e-01 8.61e-01 5.67e-02 8.40e-01 6.03e-02 6.46e-05 1.04e-02 7.22e-04 3.21e-04 1.54e-04 1.71e-05
9.66e-01 8.54e-01 1.52e-02 8.50e-01 1.57e-02 2.51e-13 3.64e-03 8.03e-04 4.81e-04 2.63e-04 4.96e-05
9.84e-01 9.27e-01 5.47e-03 9.30e-01 6.04e-03 1.78e-20 1.11e-03 7.33e-04 3.17e-04 3.17e-04 5.16e-05
9.91e-01 1.03e+00 8.37e-03 1.03e+00 8.82e-03 5.61e-07 5.76e-07 8.52e-04 5.91e-04 2.53e-04 2.57e-05
9.98e-01 8.77e-01 4.73e-02 8.70e-01 4.77e-02 4.81e-05 1.22e-02 8.55e-04 4.13e-04 2.41e-04 2.95e-05
9.74e-01 8.38e-01 7.03e-03 8.40e-01 7.21e-03 7.97e-09 1.21e-03 7.40e-04 2.90e-04 2.90e-04 3.35e-05
9.87e-01 1.07e+00 5.42e-02 1.10e+00 6.41e-02 3.16e-04 1.15e-03 5.15e-04 2.13e-04 1.71e-04 3.55e-05
9.88e-01 9.15e-01 7.09e-03 9.20e-01 8.44e-03 1.22e-31 2.07e-03 9.48e-04 8.72e-04 8.72e-04 1.14e-04
9.89e-01 9.49e-01 9.97e-03 9.50e-01 1.01e-02 3.22e-07 2.20e-03 9.25e-04 4.70e-04 4.70e-04 7.44e-05
1.00e+00 9.01e-01 5.10e-02 9.20e-01 5.45e-02 1.40e-04 1.40e-02 7.51e-04 5.28e-04 2.66e-04 3.80e-05
9.63e-01 8.45e-01 2.31e-02 8.30e-01 2.73e-02 1.51e-12 5.94e-03 7.59e-04 3.99e-04 3.80e-04 6.49e-05
9.94e-01 9.76e-01 2.67e-02 9.70e-01 2.73e-02 7.39e-04 5.02e-03 7.94e-04 3.76e-04 2.36e-04 3.63e-05
1.01e+00 9.05e-01 3.89e-02 9.20e-01 4.15e-02 5.83e-06 8.62e-03 7.43e-04 3.52e-04 1.91e-04 3.33e-05
9.94e-01 9.25e-01 5.23e-03 9.30e-01 7.05e-03 3.74e-28 1.40e-03 7.33e-04 6.52e-04 6.52e-04 6.52e-04
9.95e-01 9.00e-01 2.58e-02 9.10e-01 2.76e-02 1.81e-08 3.40e-03 7.13e-04 2.66e-04 1.15e-04 2.22e-05
1.00e+00 1.03e+00 3.71e-02 1.03e+00 3.72e-02 6.28e-04 2.07e-03 6.38e-04 2.91e-04 1.54e-04 3.00e-05
9.99e-01 8.94e-01 2.00e-02 9.00e-01 2.10e-02 4.92e-09 3.27e-03 6.29e-04 2.89e-04 2.48e-04 2.22e-05
9.90e-01 8.75e-01 6.55e-02 8.40e-01 7.44e-02 3.72e-05 6.33e-03 7.12e-04 2.18e-04 9.03e-05 1.06e-05
1.01e+00 9.59e-01 3.22e-02 9.50e-01 3.34e-02 2.00e-06 2.54e-03 5.58e-04 2.79e-04 2.50e-04 1.84e-05
1.00e+00 1.47e+00 2.94e-01 1.19e+00 4.07e-01 7.77e-07 3.67e-04 4.75e-04 1.78e-04 1.01e-04 1.01e-05
9.99e-01 9.92e-01 9.43e-03 9.90e-01 9.66e-03 6.88e-04 1.94e-03 8.91e-04 4.25e-04 4.25e-04 5.82e-05
9.58e-01 9.55e-01 7.84e-03 9.50e-01 9.12e-03 8.83e-04 1.82e-03 9.25e-04 8.74e-04 1.86e-04 1.63e-04
9.71e-01 8.31e-01 1.11e-02 8.30e-01 1.11e-02 3.05e-10 1.97e-03 7.43e-04 3.32e-04 3.32e-04 2.99e-05
9.96e-01 9.64e-01 4.28e-02 9.70e-01 4.32e-02 6.62e-04 7.04e-03 7.44e-04 3.47e-04 1.46e-04 1.83e-05
1.00e+00 1.11e+00 1.04e-01 1.15e+00 1.13e-01 6.69e-05 8.18e-04 1.50e-04 5.97e-05 3.63e-05 4.27e-06
9.65e-01 9.61e-01 3.81e-03 9.60e-01 3.92e-03 5.58e-04 1.01e-03 9.17e-04 9.17e-04 9.17e-04 3.69e-05
9.71e-01 8.79e-01 5.57e-02 8.20e-01 8.10e-02 1.25e-04 9.66e-03 6.19e-04 2.50e-04 2.39e-04 1.87e-05
9.73e-01 9.74e-01 4.63e-02 9.30e-01 6.37e-02 2.92e-04 3.96e-03 5.41e-04 2.85e-04 2.00e-04 2.96e-05
9.71e-01 8.03e-01 2.61e-02 8.20e-01 3.10e-02 1.25e-09 5.16e-03 6.24e-04 3.48e-04 2.13e-04 2.62e-05
9.74e-01 1.03e+00 3.16e-01 9.20e-01 3.35e-01 2.72e-04 9.61e-03 5.76e-04 1.70e-04 7.38e-05 7.38e-06
9.63e-01 1.56e+00 4.72e-01 1.86e+00 5.62e-01 3.95e-05 6.26e-03 3.40e-04 1.44e-04 8.56e-05 1.10e-05
9.77e-01 8.93e-01 1.32e-02 9.00e-01 1.49e-02 1.47e-07 2.33e-03 7.36e-04 3.22e-04 3.22e-04 4.81e-05
9.86e-01 1.38e+00 1.44e-01 1.37e+00 1.44e-01 5.71e-09 1.04e-05 4.62e-04 1.55e-04 8.41e-05 6.47e-06
9.70e-01 1.68e+00 2.89e-01 1.68e+00 2.89e-01 1.07e-04 7.55e-04 3.49e-04 1.18e-04 6.80e-05 8.87e-06
9.80e-01 9.25e-01 4.60e-02 9.30e-01 4.64e-02 4.52e-04 9.39e-03 7.28e-04 3.40e-04 1.80e-04 2.36e-05
9.86e-01 1.20e+00 7.82e-02 1.18e+00 8.07e-02 8.64e-08 1.42e-06 5.62e-04 1.63e-04 8.33e-05 1.04e-05
9.76e-01 9.24e-01 6.39e-02 9.20e-01 6.40e-02 1.75e-04 6.92e-03 5.89e-04 1.96e-04 1.00e-04 1.48e-05
9.79e-01 9.26e-01 4.40e-02 9.40e-01 4.62e-02 4.49e-04 8.88e-03 7.50e-04 3.10e-04 2.02e-04 2.81e-05
9.72e-01 9.88e-01 6.52e-02 9.70e-01 6.77e-02 7.15e-04 3.50e-03 6.47e-04 1.78e-04 1.15e-04 1.11e-05
9.93e-01 9.68e-01 1.82e-02 9.70e-01 1.83e-02 2.81e-04 3.21e-03 7.10e-04 3.51e-04 2.34e-04 5.13e-05
9.59e-01 1.76e+00 1.72e-01 1.70e+00 1.81e-01 2.49e-06 6.58e-06 4.04e-04 1.11e-04 4.99e-05 5.54e-06
9.74e-01 8.98e-01 5.78e-02 9.10e-01 5.90e-02 4.32e-04 1.30e-02 7.82e-04 3.31e-04 2.16e-04 2.40e-05
9.70e-01 9.20e-01 3.11e-02 9.20e-01 3.11e-02 1.83e-04 5.44e-03 6.24e-04 3.10e-04 1.77e-04 2.21e-05
9.85e-01 1.04e+00 4.98e-01 7.30e-01 5.89e-01 1.67e-05 1.31e-02 4.82e-04 1.85e-04 8.53e-05 1.11e-05
9.61e-01 8.72e-01 3.91e-02 8.40e-01 5.07e-02 1.47e-06 1.31e-03 7.41e-04 7.41e-04 1.08e-04 1.12e-05
9.65e-01 8.00e-01 5.77e-02 8.00e-01 5.77e-02 2.32e-05 1.66e-02 8.90e-04 4.05e-04 2.43e-04 2.70e-05
9.67e-01 8.15e-01 3.90e-02 8.10e-01 3.92e-02 3.79e-07 8.82e-03 8.58e-04 3.36e-04 2.11e-04 3.01e-05
9.83e-01 1.15e+00 3.12e-02 1.16e+00 3.26e-02 1.29e-06 1.30e-05 6.22e-04 2.37e-04 1.99e-04 1.40e-05
9.67e-01 8.21e-01 5.68e-02 8.40e-01 6.00e-02 3.50e-05 1.11e-02 7.02e-04 3.04e-04 1.42e-04 2.37e-05
9.76e-01 9.97e-01 1.24e-01 9.70e-01 1.27e-01 7.18e-04 4.26e-03 5.86e-04 2.38e-04 1.28e-04 7.32e-06
9.73e-01 1.07e+00 3.25e-01 8.60e-01 3.88e-01 6.96e-05 9.07e-03 5.09e-04 1.19e-04 5.20e-05 7.43e-06
9.65e-01 1.11e+00 2.23e-01 1.00e+00 2.50e-01 7.53e-04 7.23e-03 5.89e-04 4.14e-04 2.22e-04 2.99e-05
1.02e+00 1.23e+00 7.74e-03 1.23e+00 7.76e-03 2.38e-171 2.38e-171 6.79e-04 3.07e-04 2.66e-04 5.12e-05
1.03e+00 1.12e+00 1.44e-01 9.70e-01 2.08e-01 1.97e-04 4.69e-03 5.12e-04 1.92e-04 1.08e-04 1.63e-05
1.02e+00 1.10e+00 1.44e-01 9.80e-01 1.88e-01 2.99e-04 4.17e-03 5.57e-04 1.76e-04 1.03e-04 1.10e-05
1.01e+00 1.12e+00 2.63e-02 1.12e+00 2.63e-02 4.39e-07 5.20e-07 6.45e-04 2.70e-04 2.51e-04 3.00e-05
1.02e+00 1.05e+00 5.01e-03 1.05e+00 5.52e-03 5.75e-07 5.75e-07 8.31e-04 8.31e-04 3.17e-04 4.18e-05
1.04e+00 1.05e+00 8.75e-03 1.05e+00 8.75e-03 5.53e-04 7.93e-04 7.16e-04 3.89e-04 3.89e-04 4.68e-05
1.05e+00 1.01e+00 7.76e-03 1.01e+00 8.07e-03 6.80e-09 1.52e-03 7.23e-04 5.05e-04 2.40e-04 4.72e-05
1.05e+00 1.10e+00 7.46e-02 1.03e+00 1.02e-01 4.65e-04 3.44e-03 5.03e-04 2.13e-04 1.27e-04 3.26e-05
1.03e+00 1.00e+00 1.36e-02 1.00e+00 1.36e-02 1.06e-04 3.16e-03 7.26e-04 3.68e-04 3.41e-04 8.42e-05
1.02e+00 9.92e-01 1.42e-02 9.90e-01 1.43e-02 1.31e-04 3.26e-03 7.61e-04 4.21e-04 2.95e-04 6.71e-05
1.05e+00 1.18e+00 2.76e-02 1.18e+00 2.77e-02 5.98e-07 4.95e-05 6.91e-04 5.27e-04 1.98e-04 2.43e-05
1.02e+00 9.83e-01 7.07e-02 9.80e-01 7.08e-02 8.14e-04 1.09e-02 7.19e-04 2.92e-04 1.48e-04 3.15e-05
1.03e+00 1.07e+00 4.12e-03 1.07e+00 4.53e-03 6.36e-27 6.36e-27 8.09e-04 8.09e-04 8.09e-04 2.03e-04
1.01e+00 9.54e-01 1.40e-02 9.50e-01 1.45e-02 2.08e-07 2.52e-03 6.50e-04 3.53e-04 1.80e-04 2.94e-05
1.02e+00 1.21e+00 3.54e-03 1.21e+00 3.55e-03 1.07e-102 1.07e-102 6.84e-04 6.84e-04 6.84e-04 4.47e-05
1.03e+00 9.45e-01 6.50e-03 9.40e-01 7.92e-03 1.98e-26 1.47e-03 7.32e-04 6.14e-04 6.14e-04 6.26e-05
1.04e+00 1.03e+00 2.39e-02 1.03e+00 2.40e-02 8.10e-04 3.45e-03 6.76e-04 2.83e-04 2.10e-04 4.28e-05
1.01e+00 1.17e+00 2.58e-02 1.17e+00 2.59e-02 8.08e-13 1.71e-05 6.27e-04 2.75e-04 1.71e-04 1.74e-05
1.04e+00 9.57e-01 3.69e-02 9.50e-01 3.75e-02 3.35e-08 1.97e-03 7.31e-04 3.82e-04 1.84e-04 2.94e-05
1.03e+00 9.70e-01 3.47e-02 9.70e-01 3.47e-02 3.10e-05 4.35e-03 6.12e-04 2.53e-04 1.39e-04 1.10e-05
1.03e+00 1.00e+00 8.84e-03 1.00e+00 9.06e-03 4.44e-06 1.62e-03 7.24e-04 4.91e-04 2.77e-04 4.00e-05
1.01e+00 9.61e-01 1.10e-02 9.60e-01 1.10e-02 4.79e-08 2.06e-03 7.30e-04 5.02e-04 1.61e-04 2.93e-05
1.01e+00 8.31e-01 2.82e-02 8.30e-01 2.83e-02 2.42e-09 3.09e-04 2.29e-04 2.29e-04 8.04e-05 8.04e-05
1.01e+00 9.36e-01 5.82e-03 9.40e-01 6.85e-03 1.21e-21 1.28e-03 7.32e-04 4.86e-04 4.86e-04 5.15e-05
1.03e+00 9.44e-01 1.10e-02 9.40e-01 1.16e-02 3.87e-08 2.06e-03 7.32e-04 3.42e-04 2.54e-04 4.42e-05
1.03e+00 1.16e+00 3.76e-02 1.16e+00 3.76e-02 3.80e-06 1.25e-05 5.37e-04 2.18e-04 1.48e-04 2.11e-05
1.05e+00 1.01e+00 4.56e-03 1.01e+00 4.56e-03 1.44e-14 9.08e-04 7.23e-04 7.23e-04 7.23e-04 8.72e-05
1.04e+00 1.07e+00 1.99e-02 1.07e+00 2.00e-02 3.71e-04 5.40e-04 6.91e-04 3.54e-04 2.56e-04 4.07e-05
1.05e+00 7.95e-01 7.80e-02 8.20e-01 8.18e-02 1.63e-05 6.55e-03 5.36e-04 2.60e-04 1.45e-04 1.12e-05
1.04e+00 1.16e+00 9.08e-03 1.16e+00 9.13e-03 1.21e-32 1.21e-32 7.05e-04 3.40e-04 3.40e-04 5.67e-05
1.01e+00 1.04e+00 5.05e-03 1.04e+00 6.68e-03 5.22e-12 5.22e-12 8.41e-04 6.51e-04 6.51e-04 6.51e-04
1.02e+00 9.89e-01 6.35e-03 9.90e-01 6.37e-03 2.51e-07 1.21e-03 7.26e-04 2.77e-04 2.08e-04 2.08e-04
1.01e+00 1.08e+00 3.75e-02 1.09e+00 3.81e-02 1.76e-04 3.43e-04 6.17e-04 2.61e-04 1.70e-04 3.16e-05
1.04e+00 1.26e+00 1.92e-03 1.26e+00 1.95e-03 7.77e-287 7.97e-287 6.72e-04 6.72e-04 6.72e-04 6.72e-04
1.02e+00 9.56e-01 1.08e-02 9.60e-01 1.15e-02 1.22e-10 2.17e-03 7.23e-04 3.48e-04 2.46e-04 4.77e-05
1.02e+00 1.00e+00 4.32e-02 1.01e+00 4.37e-02 8.43e-04 6.26e-03 7.36e-04 3.42e-04 1.71e-04 2.19e-05
1.02e+00 9.46e-01 1.16e-02 9.50e-01 1.22e-02 5.59e-09 2.25e-03 6.69e-04 3.89e-04 3.05e-04 4.78e-05
1.04e+00 1.21e+00 5.44e-02 1.23e+00 5.87e-02 9.78e-06 1.64e-05 5.15e-04 1.94e-04 1.40e-04 1.71e-05
1.02e+00 1.43e+00 4.69e-03 1.43e+00 5.18e-03 8.59e-80 2.44e-71 6.27e-04 6.27e-04 2.11e-04 2.11e-04
1.02e+00 1.15e+00 1.02e-02 1.16e+00 1.19e-02 3.36e-13 1.14e-12 6.95e-04 2.76e-04 2.10e-04 6.64e-05
1.03e+00 9.82e-01 1.31e-02 9.80e-01 1.31e-02 9.24e-07 2.34e-03 5.48e-04 2.56e-04 1.72e-04 4.02e-05
1.04e+00 1.01e+00 2.45e-02 1.02e+00 2.69e-02 5.08e-04 5.22e-03 7.23e-04 4.59e-04 2.25e-04 3.03e-05
1.02e+00 9.57e-01 3.71e-02 9.60e-01 3.73e-02 2.35e-04 7.76e-03 7.56e-04 3.18e-04 1.94e-04 2.77e-05
1.02e+00 9.01e-01 6.43e-02 9.10e-01 6.49e-02 8.15e-06 7.81e-03 6.24e-04 2.70e-04 1.55e-04 1.48e-05
1.02e+00 1.18e+00 4.17e-03 1.18e+00 4.18e-03 3.83e-182 3.83e-182 6.81e-04 6.81e-04 6.81e-04 6.16e-05
1.03e+00 1.23e+00 4.83e-03 1.23e+00 5.70e-03 3.17e-150 3.17e-150 6.79e-04 6.79e-04 2.87e-04 2.87e-04
1.04e+00 1.11e+00 3.26e-02 1.11e+00 3.26e-02 9.71e-05 1.65e-04 6.26e-04 2.73e-04 1.57e-04 3.84e-05
1.06e+00 1.06e+00 9.45e-02 1.01e+00 1.05e-01 1.72e-04 5.17e-03 5.61e-04 1.78e-04 8.01e-05 1.09e-05
1.02e+00 9.67e-01 1.29e-02 9.70e-01 1.33e-02 2.24e-07 2.39e-03 6.74e-04 3.41e-04 3.41e-04 6.96e-05
1.03e+00 8.74e-01 5.27e-02 8.30e-01 6.84e-02 1.92e-05 1.04e-02 6.16e-04 3.60e-04 1.74e-04 1.94e-05
1.04e+00 1.13e+00 2.92e-02 1.13e+00 2.93e-02 1.10e-05 1.46e-05 5.88e-04 2.72e-04 1.45e-04 2.61e-05
1.02e+00 9.52e-01 2.28e-02 9.50e-01 2.29e-02 1.14e-05 4.90e-03 7.35e-04 3.91e-04 1.86e-04 2.79e-05
1.03e+00 1.15e+00 6.05e-03 1.15e+00 6.06e-03 2.43e-27 3.58e-11 6.97e-04 1.82e-04 1.65e-04 1.65e-04
1.01e+00 1.06e+00 6.19e-02 1.04e+00 6.40e-02 6.99e-04 3.36e-03 7.10e-04 2.96e-04 1.86e-04 2.11e-05
1.03e+00 1.04e+00 1.74e-02 1.03e+00 1.87e-02 7.30e-04 1.30e-03 8.09e-04 4.79e-04 1.80e-04 1.71e-05
1.02e+00 1.01e+00 2.63e-02 1.01e+00 2.66e-02 7.36e-04 4.71e-03 7.01e-04 3.72e-04 2.02e-04 3.07e-05
1.01e+00 9.79e-01 1.34e-02 9.80e-01 1.35e-02 9.98e-05 2.45e-03 6.14e-04 2.70e-04 2.05e-04 5.48e-05
1.02e+00 1.04e+00 4.79e-03 1.04e+00 5.33e-03 3.86e-05 3.88e-05 8.41e-04 8.41e-04 2.83e-04 2.83e-04
1.05e+00 1.28e+00 5.42e-02 1.26e+00 5.79e-02 3.32e-09 9.08e-09 5.06e-04 2.46e-04 1.49e-04 2.03e-05
1.05e+00 1.15e+00 1.30e-02 1.15e+00 1.31e-02 8.37e-12 9.16e-06 6.97e-04 3.01e-04 3.01e-04 3.85e-05
1.03e+00 9.45e-01 1.25e-02 9.50e-01 1.34e-02 6.41e-07 2.37e-03 7.20e-04 3.60e-04 3.60e-04 2.20e-05
1.06e+00 1.15e+00 8.16e-03 1.15e+00 9.24e-03 7.69e-23 1.77e-11 6.97e-04 5.78e-04 1.72e-04 1.33e-04
1.04e+00 1.24e+00 1.08e-02 1.24e+00 1.11e-02 9.18e-30 1.54e-21 6.09e-04 3.00e-04 1.59e-04 1.53e-05
1.01e+00 8.37e-01 4.90e-03 8.40e-01 5.68e-03 3.05e-10 1.05e-03 7.40e-04 7.40e-04 3.01e-04 3.01e-04
1.02e+00 8.44e-01 5.27e-02 8.30e-01 5.45e-02 7.86e-06 5.45e-03 6.49e-04 1.61e-04 9.68e-05 8.07e-06
1.04e+00 9.65e-01 1.29e-02 9.70e-01 1.37e-02 4.30e-07 2.43e-03 6.85e-04 3.92e-04 3.92e-04 1.83e-05
1.02e+00 1.43e+00 2.98e-03 1.43e+00 2.98e-03 2.13e-167 1.01e-158 6.27e-04 6.27e-04 6.27e-04 2.84e-05
1.02e+00 9.56e-01 6.19e-02 9.40e-01 6.40e-02 3.08e-05 3.96e-03 6.29e-04 2.24e-04 9.93e-05 1.47e-05
1.04e+00 8.50e-01 7.70e-05 8.50e-01 7.70e-05 2.16e-39 7.39e-04 7.39e-04 7.39e-04 7.39e-04 7.39e-04
1.05e+00 1.22e+00 2.51e-02 1.21e+00 2.89e-02 2.51e-11 8.34e-11 5.74e-04 2.03e-04 1.79e-04 2.41e-05
1.03e+00 8.55e-01 5.78e-02 8.30e-01 6.29e-02 6.26e-06 7.50e-03 6.57e-04 2.00e-04 1.19e-04 1.28e-05
1.05e+00 1.06e+00 3.30e-02 1.05e+00 3.43e-02 8.25e-04 3.17e-03 7.06e-04 3.22e-04 1.50e-04 2.09e-05
1.02e+00 1.43e+00 5.97e-03 1.43e+00 6.94e-03 1.12e-123 1.39e-110 6.27e-04 3.56e-04 3.56e-04 2.84e-05
1.05e+00 1.24e+00 3.91e-02 1.25e+00 4.11e-02 2.09e-07 7.89e-06 4.56e-04 2.04e-04 1.20e-04 1.80e-05
1.01e+00 9.82e-01 4.81e-02 9.60e-01 5.28e-02 2.45e-04 5.09e-03 6.49e-04 2.51e-04 1.03e-04 1.11e-05
1.02e+00 9.89e-01 6.69e-03 9.90e-01 6.71e-03 7.91e-07 1.30e-03 7.26e-04 3.28e-04 2.52e-04 2.52e-04
1.04e+00 1.16e+00 4.10e-02 1.16e+00 4.10e-02 4.99e-07 8.46e-05 5.87e-04 2.46e-04 1.48e-04 1.76e-05
1.05e+00 9.39e-01 4.58e-03 9.40e-01 4.74e-03 3.26e-122 3.13e-04 2.45e-04 2.45e-04 5.29e-05 1.60e-05
1.05e+00 9.94e-01 8.58e-03 1.00e+00 1.04e-02 5.64e-13 1.69e-03 7.24e-04 5.79e-04 2.58e-04 1.20e-04
1.03e+00 9.38e-01 1.15e-02 9.40e-01 1.17e-02 1.81e-06 1.82e-03 7.32e-04 3.13e-04 3.13e-04 4.42e-05
1.05e+00 1.18e+00 2.02e-02 1.19e+00 2.08e-02 2.68e-06 9.28e-06 6.81e-04 4.22e-04 1.87e-04 1.38e-05
1.05e+00 1.13e+00 8.29e-03 1.13e+00 8.74e-03 4.87e-17 4.87e-17 7.41e-04 4.88e-04 2.35e-04 8.93e-05
1.03e+00 9.43e-01 1.28e-01 9.40e-01 1.28e-01 1.38e-04 1.22e-02 5.29e-04 1.76e-04 1.02e-04 1.96e-05
1.02e+00 1.03e+00 4.56e-03 1.03e+00 4.70e-03 1.08e-04 1.09e-04 8.52e-04 8.52e-04 1.80e-04 5.99e-05
1.01e+00 1.72e+00 2.73e-01 1.87e+00 3.11e-01 1.52e-08 5.47e-06 3.08e-04 1.04e-04 6.06e-05 7.58e-06
1.06e+00 9.96e-01 1.24e-02 1.00e+00 1.31e-02 7.01e-09 2.34e-03 6.30e-04 3.53e-04 3.53e-04 8.74e-05
1.04e+00 1.03e+00 2.02e-02 1.03e+00 2.05e-02 6.08e-04 3.48e-03 7.15e-04 4.07e-04 1.71e-04 3.42e-05
1.06e+00 1.05e+00 6.71e-02 9.80e-01 9.55e-02 3.03e-04 5.44e-03 5.45e-04 2.56e-04 1.46e-04 2.56e-05
1.05e+00 1.06e+00 3.08e-02 1.06e+00 3.08e-02 2.37e-04 8.59e-04 2.05e-04 8.72e-05 4.78e-05 5.97e-06
1.01e+00 8.83e-01 7.97e-02 8.50e-01 8.64e-02 7.44e-06 1.29e-03 7.39e-04 3.49e-04 3.49e-04 7.43e-06
1.03e+00 9.90e-01 3.25e-02 9.80e-01 3.40e-02 5.49e-05 3.64e-03 5.99e-04 3.14e-04 1.64e-04 1.46e-05
1.01e+00 1.16e+00 1.81e-02 1.16e+00 1.82e-02 2.02e-13 7.72e-08 6.49e-04 2.84e-04 1.74e-04 2.13e-05
1.03e+00 1.22e+00 7.09e-03 1.22e+00 7.26e-03 7.85e-104 7.85e-104 6.33e-04 3.28e-04 1.75e-04 2.23e-05
1.02e+00 9.52e-01 2.15e-02 9.50e-01 2.16e-02 5.88e-06 3.19e-03 6.21e-04 3.78e-04 1.76e-04 1.84e-05
1.05e+00 1.36e+00 7.35e-02 1.36e+00 7.37e-02 2.23e-07 3.98e-05 5.54e-04 2.98e-04 1.49e-04 1.62e-05
1.04e+00 1.01e+00 8.09e-03 1.01e+00 8.15e-03 1.68e-07 1.54e-03 7.23e-04 4.36e-04 3.20e-04 4.36e-05
1.02e+00 1.13e+00 3.03e-02 1.12e+00 3.07e-02 1.22e-06 1.76e-06 6.04e-04 3.43e-04 1.84e-04 2.47e-05
1.01e+00 9.04e-01 5.09e-02 9.10e-01 5.12e-02 9.90e-05 1.23e-02 7.72e-04 3.31e-04 1.92e-04 2.88e-05
1.01e+00 1.13e+00 2.08e-02 1.13e+00 2.09e-02 1.22e-09 1.29e-09 6.55e-04 3.05e-04 2.61e-04 2.23e-05
1.02e+00 1.03e+00 5.94e-02 1.00e+00 6.81e-02 1.48e-04 2.80e-03 7.14e-04 1.89e-04 1.67e-04 2.55e-05
1.03e+00 9.91e-01 1.29e-02 9.90e-01 1.29e-02 2.81e-05 2.97e-03 7.12e-04 3.22e-04 2.46e-04 3.13e-05
1.03e+00 1.22e+00 1.01e-03 1.22e+00 1.01e-03 1.39e-160 1.39e-160 6.81e-04 6.81e-04 6.81e-04 6.81e-04
1.01e+00 1.03e+00 1.00e-01 8.40e-01 2.19e-01 5.56e-04 5.73e-03 5.95e-04 3.09e-04 1.78e-04 2.60e-05
1.05e+00 1.21e+00 2.03e-02 1.21e+00 2.06e-02 1.69e-11 2.63e-11 5.70e-04 3.09e-04 1.41e-04 1.37e-05
1.05e+00 9.69e-01 1.48e-02 9.70e-01 1.48e-02 3.92e-09 2.72e-03 6.19e-04 3.44e-04 2.75e-04 2.20e-05
1.01e+00 1.01e+00 9.64e-02 9.70e-01 1.06e-01 3.71e-04 5.70e-03 5.89e-04 1.66e-04 8.11e-05 1.11e-05
1.04e+00 9.38e-01 6.96e-02 8.40e-01 1.20e-01 1.88e-05 3.22e-03 7.40e-04 1.52e-04 1.04e-04 1.12e-05
1.04e+00 1.34e+00 6.45e-04 1.34e+00 6.45e-04 0.00e+00 0.00e+00 6.51e-04 6.51e-04 6.51e-04 6.51e-04
1.03e+00 1.03e+00 6.75e-02 9.80e-01 8.45e-02 3.74e-04 5.34e-03 5.68e-04 2.05e-04 1.17e-04 1.83e-05
1.04e+00 1.24e+00 1.00e-02 1.24e+00 1.00e-02 2.19e-33 1.11e-19 6.09e-04 3.46e-04 3.46e-04 5.81e-05
1.01e+00 1.12e+00 7.16e-03 1.12e+00 8.41e-03 1.01e-47 9.98e-12 7.03e-04 2.83e-04 2.83e-04 2.83e-05
1.01e+00 1.18e+00 2.93e-02 1.19e+00 3.06e-02 1.92e-08 2.36e-08 6.85e-04 2.39e-04 1.14e-04 1.04e-05
1.03e+00 1.05e+00 6.42e-03 1.05e+00 7.29e-03 2.34e-07 2.34e-07 8.31e-04 5.39e-04 5.39e-04 4.18e-05
1.02e+00 9.32e-01 5.27e-02 9.40e-01 5.33e-02 5.06e-05 5.43e-03 5.59e-04 1.83e-04 9.70e-05 1.12e-05
1.02e+00 1.44e+00 3.95e-03 1.44e+00 4.40e-03 1.52e-257 2.70e-256 6.25e-04 6.25e-04 6.25e-04 1.51e-04
1.02e+00 9.37e-01 1.12e-02 9.40e-01 1.15e-02 1.93e-09 2.00e-03 7.32e-04 3.75e-04 1.51e-04 5.89e-05
1.06e+00 1.16e+00 2.22e-01 1.04e+00 2.54e-01 6.94e-04 5.78e-03 5.34e-04 1.80e-04 7.58e-05 1.08e-05
1.03e+00 9.97e-01 1.54e-02 1.00e+00 1.57e-02 1.97e-04 3.65e-03 8.59e-04 5.94e-04 2.30e-04 4.43e-05
1.03e+00 8.44e-01 4.97e-03 8.40e-01 6.61e-03 4.40e-29 1.31e-03 7.40e-04 5.72e-04 5.72e-04 5.72e-04
1.02e+00 9.41e-01 3.90e-02 9.40e-01 3.91e-02 3.34e-05 5.09e-03 6.04e-04 2.62e-04 1.55e-04 1.11e-05
1.02e+00 1.11e+00 8.17e-03 1.11e+00 8.74e-03 5.34e-45 5.34e-45 7.64e-04 5.26e-04 2.27e-04 1.04e-04
1.06e+00 1.24e+00 1.06e-02 1.24e+00 1.07e-02 1.31e-42 5.53e-40 6.77e-04 3.64e-04 1.39e-04 1.02e-04
1.04e+00 8.95e-01 4.87e-02 9.20e-01 5.49e-02 7.41e-06 6.48e-03 5.78e-04 1.96e-04 1.22e-04 1.48e-05
1.04e+00 1.16e+00 7.44e-03 1.16e+00 7.94e-03 1.88e-14 9.39e-10 6.95e-04 3.74e-04 1.50e-04 6.29e-05
1.03e+00 1.12e+00 2.76e-01 9.80e-01 3.10e-01 1.49e-04 4.81e-03 5.70e-04 1.97e-04 9.87e-05 1.10e-05
1.02e+00 9.87e-01 2.76e-02 9.80e-01 2.85e-02 4.79e-04 5.71e-03 7.82e-04 3.71e-04 1.94e-04 2.71e-05
1.04e+00 1.43e+00 4.12e-03 1.43e+00 4.43e-03 1.16e-87 2.69e-76 6.27e-04 6.27e-04 6.27e-04 1.42e-04
1.04e+00 1.14e+00 1.83e-01 1.13e+00 1.84e-01 4.76e-04 1.90e-03 6.21e-04 3.14e-04 1.41e-04 7.06e-06
1.02e+00 1.14e+00 3.84e-02 1.17e+00 4.89e-02 1.73e-06 2.29e-06 5.85e-04 2.92e-04 1.53e-04 4.53e-05
1.04e+00 9.72e-01 6.26e-03 9.70e-01 6.67e-03 7.70e-21 1.20e-03 7.29e-04 3.51e-04 3.51e-04 1.06e-04
1.02e+00 1.05e+00 4.64e-03 1.05e+00 4.64e-03 1.60e-08 1.60e-08 8.31e-04 8.31e-04 8.31e-04 1.13e-04
1.03e+00 1.11e+00 6.81e-03 1.11e+00 8.33e-03 4.49e-25 4.49e-25 7.64e-04 7.26e-04 7.26e-04 8.45e-05
1.05e+00 1.15e+00 1.02e-02 1.15e+00 1.09e-02 3.10e-17 3.10e-17 7.17e-04 3.21e-04 2.16e-04 3.24e-05
1.03e+00 1.03e+00 1.10e-01 9.60e-01 1.30e-01 5.90e-04 1.04e-02 5.46e-04 2.03e-04 1.27e-04 2.39e-05
1.01e+00 8.99e-01 3.15e-02 9.00e-01 3.15e-02 6.63e-07 7.70e-03 7.97e-04 3.24e-04 1.93e-04 3.38e-05
1.03e+00 9.92e-01 1.51e-02 9.90e-01 1.52e-02 1.40e-05 2.70e-03 6.13e-04 3.39e-04 2.59e-04 2.55e-05
1.03e+00 1.17e+00 2.96e-02 1.17e+00 3.00e-02 2.33e-07 3.08e-06 5.89e-04 2.82e-04 1.74e-04 1.74e-05
1.03e+00 1.04e+00 5.65e-03 1.04e+00 6.14e-03 5.99e-05 6.01e-05 8.41e-04 3.64e-04 3.64e-04 7.61e-05
1.02e+00 1.02e+00 1.06e-02 1.02e+00 1.06e-02 7.85e-04 1.40e-03 8.62e-04 5.33e-04 1.73e-04 3.03e-05
1.02e+00 8.14e-01 7.45e-02 8.00e-01 7.58e-02 1.73e-05 9.80e-03 6.33e-04 2.71e-04 1.26e-04 1.53e-05
1.06e+00 1.04e+00 2.59e-02 1.04e+00 2.59e-02 6.46e-04 3.84e-03 7.10e-04 3.00e-04 1.86e-04 2.54e-05
1.02e+00 9.51e-01 1.13e-01 9.60e-01 1.13e-01 5.71e-04 1.45e-02 6.91e-04 2.41e-04 1.35e-04 1.39e-05
1.01e+00 1.11e+00 7.39e-03 1.12e+00 9.16e-03 2.43e-52 7.15e-25 7.03e-04 4.10e-04 4.10e-04 3.18e-05
1.03e+00 1.00e+00 2.11e-02 1.00e+00 2.12e-02 1.17e-04 3.61e-03 7.66e-04 4.21e-04 1.77e-04 3.54e-05
1.01e+00 9.67e-01 1.73e-02 9.70e-01 1.76e-02 7.63e-06 2.66e-03 7.14e-04 4.36e-04 1.65e-04 2.56e-05
1.01e+00 1.16e+00 7.69e-03 1.16e+00 7.78e-03 5.23e-31 6.22e-31 6.95e-04 4.40e-04 4.40e-04 4.54e-05
1.03e+00 1.23e+00 1.02e-02 1.22e+00 1.27e-02 1.62e-143 1.62e-143 6.81e-04 4.07e-04 1.92e-04 4.11e-05
1.04e+00 1.24e+00 3.67e-02 1.21e+00 4.60e-02 3.16e-10 3.29e-10 4.84e-04 2.75e-04 1.34e-04 2.06e-05
1.02e+00 1.00e+00 1.69e-02 1.00e+00 1.70e-02 4.31e-04 3.74e-03 8.64e-04 4.16e-04 2.35e-04 4.87e-05
