1.14e+00 1.09e+00 1.75e-02 1.09e+00 1.77e-02 6.57e-06 4.09e-03 7.43e-04 4.51e-04 3.40e-04 4.75e-05
1.14e+00 1.09e+00 1.23e-02 1.09e+00 1.31e-02 3.16e-63 6.56e-54 2.91e-54 2.91e-54 2.91e-54 2.19e-55
1.13e+00 1.21e+00 1.15e-02 1.21e+00 1.15e-02 1.67e-13 1.67e-13 6.45e-04 4.25e-04 1.52e-04 2.59e-05
1.14e+00 1.09e+00 2.20e-02 1.09e+00 2.23e-02 5.28e-05 3.90e-03 5.99e-04 2.17e-04 2.14e-04 3.92e-05
1.14e+00 1.24e+00 5.31e-03 1.24e+00 6.36e-03 3.44e-103 3.48e-103 6.77e-04 4.18e-04 4.18e-04 3.06e-05
1.14e+00 1.05e+00 1.80e-02 1.05e+00 1.81e-02 1.23e-07 2.50e-03 6.08e-04 2.16e-04 1.22e-04 1.80e-05
1.13e+00 1.21e+00 1.11e-02 1.21e+00 1.14e-02 3.46e-12 3.48e-12 6.45e-04 3.50e-04 2.01e-04 2.92e-05
1.13e+00 1.10e+00 8.77e-02 1.05e+00 1.03e-01 1.35e-04 5.73e-03 5.07e-04 1.45e-04 7.96e-05 1.09e-05
1.14e+00 1.09e+00 4.26e-03 1.09e+00 4.31e-03 1.35e-21 8.65e-04 7.09e-04 7.09e-04 7.09e-04 5.35e-05
1.11e+00 1.06e+00 7.47e-03 1.06e+00 7.59e-03 9.84e-10 5.38e-05 2.85e-05 1.53e-05 8.31e-06 1.00e-06
1.14e+00 1.23e+00 1.58e-03 1.23e+00 1.58e-03 2.90e-133 8.11e-118 6.79e-04 6.79e-04 6.79e-04 6.79e-04
1.12e+00 1.21e+00 1.22e-02 1.21e+00 1.23e-02 4.85e-12 4.94e-12 4.64e-04 4.57e-04 1.85e-04 2.27e-05
1.14e+00 1.20e+00 2.34e-02 1.20e+00 2.39e-02 4.48e-05 7.67e-05 5.91e-04 2.18e-04 1.88e-04 2.31e-05
1.13e+00 1.22e+00 6.25e-02 1.25e+00 7.12e-02 1.44e-04 7.90e-04 4.56e-04 1.71e-04 1.05e-04 1.20e-05
1.14e+00 1.10e+00 1.89e-02 1.10e+00 1.89e-02 4.39e-06 1.49e-04 2.96e-05 1.25e-05 9.02e-06 2.56e-06
1.13e+00 1.02e+00 1.64e-02 1.02e+00 1.70e-02 3.65e-11 3.04e-03 7.11e-04 4.79e-04 1.96e-04 2.18e-05
1.14e+00 1.10e+00 1.75e-02 1.10e+00 1.75e-02 7.28e-06 3.91e-04 8.54e-05 4.21e-05 2.83e-05 4.29e-06
1.12e+00 1.19e+00 2.02e-02 1.19e+00 2.03e-02 6.90e-06 8.93e-06 5.72e-04 2.46e-04 2.02e-04 2.35e-05
1.13e+00 1.08e+00 1.80e-02 1.08e+00 1.80e-02 1.31e-05 3.24e-03 6.18e-04 3.75e-04 2.39e-04 6.07e-05
1.12e+00 1.12e+00 5.07e-02 1.12e+00 5.07e-02 6.38e-05 4.59e-04 4.99e-05 2.38e-05 1.54e-05 2.25e-06
1.14e+00 1.06e+00 1.93e-02 1.05e+00 2.13e-02 1.87e-06 2.74e-03 5.08e-04 2.59e-04 1.51e-04 1.80e-05
1.12e+00 1.09e+00 1.11e-01 9.70e-01 1.62e-01 1.88e-04 5.03e-03 6.04e-04 2.38e-04 1.32e-04 1.83e-05
1.14e+00 1.09e+00 1.75e-02 1.09e+00 1.75e-02 8.71e-08 5.66e-05 1.02e-05 7.44e-06 3.67e-06 8.89e-07
1.14e+00 1.22e+00 4.75e-03 1.22e+00 5.84e-03 5.58e-96 1.82e-72 6.81e-04 3.53e-04 3.53e-04 3.53e-04
1.11e+00 9.93e-01 6.40e-02 9.80e-01 6.53e-02 1.10e-08 2.93e-03 6.98e-04 2.52e-04 1.75e-04 1.46e-05
1.14e+00 1.09e+00 7.62e-02 1.08e+00 7.75e-02 3.03e-04 6.62e-03 5.33e-04 2.29e-04 1.36e-04 1.43e-05
1.14e+00 1.05e+00 1.85e-03 1.05e+00 1.87e-03 3.17e-38 7.42e-04 7.16e-04 7.16e-04 7.16e-04 2.52e-05
1.14e+00 1.24e+00 1.03e-02 1.24e+00 1.03e-02 6.00e-19 2.31e-07 6.09e-04 3.61e-04 3.61e-04 7.96e-05
1.11e+00 1.21e+00 2.48e-02 1.21e+00 2.50e-02 2.10e-06 3.10e-06 5.93e-04 2.82e-04 1.36e-04 2.92e-05
1.13e+00 1.05e+00 4.97e-03 1.05e+00 6.71e-03 2.97e-50 1.30e-03 7.16e-04 5.87e-04 5.87e-04 5.87e-04
1.13e+00 1.31e+00 4.59e-02 1.33e+00 5.20e-02 8.01e-16 9.55e-16 5.49e-04 3.48e-04 2.14e-04 4.60e-05
1.12e+00 1.22e+00 7.02e-02 1.23e+00 7.18e-02 3.94e-06 1.05e-04 8.16e-05 2.81e-05 1.35e-05 1.56e-06
1.15e+00 1.10e+00 4.77e-02 1.09e+00 4.99e-02 1.94e-04 5.98e-03 5.81e-04 2.35e-04 2.00e-04 1.43e-05
1.15e+00 1.05e+00 8.12e-03 1.05e+00 8.32e-03 2.42e-14 1.37e-03 7.16e-04 4.28e-04 4.28e-04 2.88e-05
1.12e+00 1.36e+00 8.48e-02 1.38e+00 8.77e-02 5.89e-07 4.35e-05 6.11e-04 3.37e-04 2.15e-04 2.74e-05
1.12e+00 1.04e+00 2.50e-03 1.04e+00 2.59e-03 8.70e-87 7.70e-04 7.18e-04 7.18e-04 7.18e-04 5.41e-05
1.11e+00 1.20e+00 4.96e-03 1.20e+00 5.77e-03 1.34e-59 1.34e-59 6.57e-04 6.57e-04 3.04e-04 3.04e-04
1.13e+00 1.12e+00 1.53e-02 1.12e+00 1.53e-02 5.78e-04 2.37e-03 6.01e-04 2.87e-04 2.87e-04 2.27e-05
1.15e+00 1.05e+00 5.58e-03 1.05e+00 6.47e-03 1.22e-27 1.19e-03 7.16e-04 4.28e-04 4.28e-04 4.32e-05
1.13e+00 1.04e+00 1.40e-02 1.04e+00 1.42e-02 6.15e-11 2.16e-03 7.18e-04 2.67e-04 1.59e-04 2.53e-05
1.13e+00 1.13e+00 4.08e-02 1.13e+00 4.08e-02 8.32e-05 4.63e-04 6.77e-05 3.26e-05 2.26e-05 2.93e-06
1.13e+00 1.05e+00 1.12e-02 1.05e+00 1.16e-02 2.08e-09 1.56e-03 7.16e-04 3.06e-04 3.06e-04 1.80e-05
1.12e+00 1.05e+00 9.62e-03 1.05e+00 9.62e-03 1.81e-10 1.57e-03 7.16e-04 4.43e-04 2.66e-04 1.80e-05
1.16e+00 1.22e+00 1.00e-02 1.22e+00 1.04e-02 4.52e-11 4.55e-11 6.33e-04 2.96e-04 2.96e-04 6.04e-05
1.13e+00 1.02e+00 7.72e-02 1.04e+00 8.07e-02 3.88e-06 5.22e-03 5.31e-04 2.17e-04 9.75e-05 1.08e-05
1.13e+00 1.45e+00 4.86e-03 1.45e+00 5.54e-03 6.69e-197 4.75e-161 6.22e-04 6.22e-04 2.50e-04 2.50e-04
1.14e+00 1.24e+00 1.02e-02 1.24e+00 1.02e-02 1.21e-14 3.01e-13 6.77e-04 4.11e-04 4.11e-04 9.52e-05
1.12e+00 1.09e+00 1.54e-01 1.05e+00 1.60e-01 3.61e-04 7.89e-03 5.58e-04 2.38e-04 1.33e-04 1.08e-05
1.13e+00 1.31e+00 6.03e-03 1.31e+00 6.31e-03 5.38e-180 5.38e-180 6.59e-04 2.78e-04 2.78e-04 9.94e-05
1.13e+00 1.31e+00 7.55e-03 1.31e+00 8.31e-03 4.29e-110 4.29e-110 6.59e-04 5.27e-04 5.27e-04 6.63e-05
1.15e+00 1.07e+00 3.20e-02 1.05e+00 3.97e-02 2.61e-05 4.83e-03 6.26e-04 3.71e-04 1.62e-04 1.44e-05
1.14e+00 1.13e+00 1.03e-01 1.04e+00 1.35e-01 7.00e-06 4.18e-03 4.84e-04 2.17e-04 1.12e-04 1.08e-05
1.12e+00 1.14e+00 9.51e-03 1.14e+00 9.94e-03 2.64e-04 3.09e-04 7.29e-04 2.93e-04 2.93e-04 5.50e-05
1.14e+00 1.14e+00 1.56e-02 1.14e+00 1.59e-02 7.25e-04 2.14e-03 7.22e-04 4.58e-04 1.76e-04 4.40e-05
1.14e+00 1.11e+00 2.98e-02 1.11e+00 3.00e-02 3.62e-08 4.69e-07 5.53e-08 2.61e-08 2.23e-08 3.13e-09
1.13e+00 1.47e+00 4.78e-03 1.47e+00 5.92e-03 3.95e-130 1.18e-105 6.16e-04 3.34e-04 3.34e-04 3.34e-04
1.12e+00 1.23e+00 3.59e-02 1.24e+00 3.64e-02 9.50e-06 1.46e-05 5.75e-04 1.95e-04 8.52e-05 1.42e-05
1.13e+00 1.14e+00 3.64e-02 1.14e+00 3.66e-02 2.09e-05 8.90e-05 1.90e-05 8.41e-06 5.12e-06 9.09e-07
1.13e+00 1.05e+00 9.06e-03 1.05e+00 9.28e-03 1.90e-11 1.57e-03 7.16e-04 5.36e-04 2.02e-04 4.68e-05
1.13e+00 1.05e+00 5.46e-02 1.04e+00 5.49e-02 3.40e-05 5.22e-03 5.71e-04 2.46e-04 1.01e-04 1.45e-05
1.12e+00 1.03e+00 8.87e-03 1.04e+00 1.15e-02 3.52e-24 1.54e-03 7.18e-04 4.44e-04 3.14e-04 3.61e-05
1.11e+00 1.14e+00 1.98e-02 1.14e+00 1.98e-02 2.70e-04 4.52e-04 6.12e-04 2.45e-04 2.12e-04 2.56e-05
1.13e+00 1.06e+00 1.61e-02 1.05e+00 1.75e-02 9.72e-08 3.00e-03 6.70e-04 4.93e-04 2.56e-04 3.24e-05
1.13e+00 1.17e+00 1.06e-02 1.17e+00 1.09e-02 7.13e-07 7.27e-07 6.93e-04 3.62e-04 1.92e-04 8.01e-05
1.13e+00 1.05e+00 1.01e-02 1.05e+00 1.02e-02 5.96e-11 1.59e-03 7.16e-04 3.10e-04 3.10e-04 2.52e-05
1.12e+00 1.15e+00 5.92e-02 1.15e+00 5.92e-02 6.59e-05 3.55e-04 5.75e-05 2.74e-05 1.59e-05 2.22e-06
1.14e+00 1.23e+00 3.16e-02 1.23e+00 3.17e-02 2.64e-06 7.88e-05 6.01e-04 2.93e-04 1.33e-04 1.71e-05
1.12e+00 1.22e+00 1.58e-02 1.22e+00 1.58e-02 8.57e-10 1.88e-09 5.89e-04 3.40e-04 2.54e-04 1.91e-05
1.14e+00 1.05e+00 3.62e-03 1.05e+00 3.89e-03 2.32e-34 8.45e-04 7.16e-04 7.16e-04 7.16e-04 1.26e-04
1.13e+00 1.13e+00 3.69e-02 1.14e+00 3.76e-02 1.49e-05 6.99e-05 1.22e-05 5.09e-06 3.04e-06 7.59e-07
1.13e+00 1.24e+00 9.39e-03 1.24e+00 9.89e-03 4.44e-21 1.03e-07 6.09e-04 2.33e-04 2.33e-04 2.75e-05
1.12e+00 1.19e+00 2.01e-02 1.20e+00 2.09e-02 2.01e-06 2.55e-06 5.28e-04 2.77e-04 1.49e-04 2.97e-05
1.10e+00 1.11e+00 4.28e-02 1.11e+00 4.28e-02 9.99e-05 5.66e-04 8.20e-05 4.15e-05 2.05e-05 4.10e-06
1.13e+00 1.07e+00 3.27e-02 1.07e+00 3.27e-02 1.18e-04 5.43e-03 6.16e-04 2.79e-04 1.33e-04 2.51e-05
1.11e+00 1.00e+00 1.67e-02 1.01e+00 1.74e-02 7.28e-12 3.17e-03 7.16e-04 2.83e-04 2.72e-04 6.90e-05
1.13e+00 1.32e+00 7.65e-03 1.32e+00 8.90e-03 1.57e-118 1.57e-118 6.57e-04 5.94e-04 5.94e-04 1.06e-04
1.13e+00 1.14e+00 7.92e-02 1.11e+00 8.43e-02 6.65e-04 6.46e-03 5.46e-04 2.87e-04 1.45e-04 2.13e-05
1.11e+00 1.18e+00 5.77e-02 1.20e+00 6.26e-02 8.54e-06 6.96e-04 5.45e-04 2.07e-04 1.21e-04 1.38e-05
1.14e+00 1.06e+00 1.13e-02 1.05e+00 1.36e-02 1.29e-11 1.70e-03 7.16e-04 2.77e-04 1.37e-04 2.88e-05
1.11e+00 1.22e+00 5.42e-03 1.21e+00 7.47e-03 1.14e-63 9.54e-49 6.84e-04 6.70e-04 6.70e-04 6.70e-04
1.11e+00 1.13e+00 2.67e-02 1.13e+00 2.68e-02 5.66e-04 1.45e-03 5.92e-04 2.83e-04 1.60e-04 3.35e-05
1.12e+00 1.05e+00 1.02e-02 1.05e+00 1.03e-02 1.02e-09 1.59e-03 7.16e-04 3.24e-04 3.24e-04 2.52e-05
1.15e+00 1.30e+00 5.34e-03 1.30e+00 5.81e-03 2.55e-186 2.55e-186 6.62e-04 6.62e-04 2.66e-04 4.99e-05
1.14e+00 1.26e+00 1.19e-02 1.26e+00 1.22e-02 2.08e-15 3.23e-15 6.72e-04 3.95e-04 2.23e-04 5.74e-05
1.14e+00 1.28e+00 3.30e-02 1.26e+00 3.92e-02 1.04e-11 1.52e-11 4.19e-04 1.79e-04 1.28e-04 2.03e-05
1.11e+00 1.24e+00 2.61e-01 1.44e+00 3.27e-01 2.85e-06 4.47e-03 4.71e-04 1.79e-04 9.41e-05 1.26e-05
1.13e+00 1.20e+00 4.57e-02 1.21e+00 4.60e-02 1.34e-04 4.15e-04 5.33e-04 2.22e-04 1.38e-04 1.29e-05
1.15e+00 1.15e+00 3.46e-02 1.14e+00 3.50e-02 2.74e-04 1.44e-03 2.27e-04 1.09e-04 5.12e-05 9.68e-06
1.14e+00 1.07e+00 4.53e-02 1.05e+00 4.98e-02 4.76e-05 4.58e-03 5.76e-04 2.02e-04 1.15e-04 1.44e-05
1.13e+00 1.06e+00 2.99e-02 1.05e+00 3.09e-02 4.46e-05 5.56e-03 7.39e-04 3.05e-04 1.67e-04 2.92e-05
1.13e+00 1.17e+00 5.57e-02 1.18e+00 5.73e-02 1.91e-06 8.93e-06 2.05e-06 9.62e-07 5.77e-07 1.03e-07
1.12e+00 1.13e+00 2.45e-02 1.13e+00 2.45e-02 6.82e-04 1.91e-03 5.71e-04 3.42e-04 1.83e-04 2.11e-05
1.15e+00 1.07e+00 3.92e-03 1.07e+00 4.00e-03 9.98e-34 8.43e-04 7.13e-04 7.13e-04 7.13e-04 3.22e-05
1.13e+00 1.25e+00 4.70e-03 1.25e+00 5.08e-03 1.15e-71 4.65e-71 6.74e-04 6.74e-04 2.03e-04 3.05e-05
1.11e+00 1.42e+00 3.77e-02 1.44e+00 4.20e-02 9.22e-16 3.14e-12 5.08e-04 1.66e-04 1.00e-04 9.41e-06
1.12e+00 1.21e+00 3.61e-02 1.22e+00 3.75e-02 9.90e-07 4.49e-06 3.18e-05 1.27e-05 8.52e-06 9.47e-07
1.14e+00 1.04e+00 3.30e-02 1.04e+00 3.31e-02 8.32e-14 1.58e-03 7.18e-04 2.60e-04 1.59e-04 1.08e-05
1.14e+00 1.47e+00 1.52e-03 1.47e+00 1.53e-03 8.97e-106 3.84e-81 6.16e-04 6.16e-04 6.16e-04 6.16e-04
1.13e+00 1.33e+00 5.09e-02 1.35e+00 5.59e-02 3.08e-08 4.93e-08 3.81e-04 1.83e-04 9.41e-05 1.45e-05
1.14e+00 1.41e+00 1.32e-02 1.41e+00 1.32e-02 8.17e-149 8.17e-149 6.33e-04 3.59e-04 2.80e-04 2.23e-05
1.14e+00 1.07e+00 8.47e-02 1.04e+00 8.94e-02 1.70e-10 2.93e-03 6.89e-04 2.20e-04 1.73e-04 1.80e-05
1.13e+00 1.03e+00 1.37e-02 1.04e+00 1.66e-02 9.40e-13 2.25e-03 7.18e-04 2.38e-04 2.17e-04 3.25e-05
1.11e+00 1.15e+00 1.21e-01 1.24e+00 1.50e-01 9.15e-07 1.88e-03 4.53e-04 2.23e-04 1.29e-04 1.53e-05
1.11e+00 1.24e+00 6.67e-03 1.24e+00 7.76e-03 6.29e-69 1.09e-66 6.77e-04 5.75e-04 5.75e-04 4.08e-05
1.11e+00 1.04e+00 2.44e-02 1.04e+00 2.44e-02 8.87e-06 4.13e-03 5.56e-04 3.07e-04 1.55e-04 2.53e-05
1.13e+00 1.13e+00 1.36e-01 1.02e+00 1.75e-01 3.38e-05 6.61e-03 5.55e-04 2.13e-04 1.07e-04 1.47e-05
1.13e+00 1.20e+00 1.78e-02 1.20e+00 1.79e-02 1.86e-06 2.34e-06 5.75e-04 3.27e-04 1.62e-04 2.97e-05
1.12e+00 1.06e+00 2.29e-02 1.06e+00 2.29e-02 3.65e-05 4.39e-03 6.43e-04 3.17e-04 1.61e-04 2.06e-05
1.13e+00 1.22e+00 1.01e-01 1.26e+00 1.10e-01 9.62e-06 1.76e-03 4.79e-04 1.56e-04 8.82e-05 1.18e-05
1.12e+00 1.07e+00 5.10e-02 1.06e+00 5.28e-02 2.68e-05 4.44e-04 3.64e-05 1.40e-05 7.94e-06 1.40e-06
1.12e+00 1.20e+00 1.64e-02 1.20e+00 1.69e-02 4.33e-07 4.94e-07 5.98e-04 2.18e-04 1.78e-04 2.31e-05
1.13e+00 1.08e+00 7.47e-02 1.07e+00 7.55e-02 1.95e-04 6.40e-03 5.68e-04 2.41e-04 1.33e-04 1.08e-05
1.12e+00 1.23e+00 1.30e-02 1.23e+00 1.31e-02 1.88e-12 3.03e-07 4.87e-04 4.18e-04 1.47e-04 2.81e-05
1.15e+00 1.03e+00 1.36e-02 1.04e+00 1.70e-02 4.88e-11 2.70e-03 7.11e-04 2.71e-04 2.38e-04 5.77e-05
1.15e+00 1.14e+00 2.26e-02 1.14e+00 2.27e-02 4.20e-06 1.84e-05 3.82e-06 2.04e-06 9.60e-07 1.40e-07
1.12e+00 1.24e+00 2.22e-02 1.23e+00 2.38e-02 1.21e-07 2.78e-07 5.41e-04 2.67e-04 1.75e-04 2.40e-05
1.12e+00 1.02e+00 1.91e-02 1.02e+00 1.93e-02 3.10e-08 3.35e-03 5.95e-04 3.48e-04 1.31e-04 3.99e-05
1.15e+00 1.24e+00 1.19e-01 1.24e+00 1.19e-01 8.60e-07 2.76e-05 1.61e-05 4.46e-06 2.28e-06 1.98e-07
1.12e+00 1.10e+00 6.56e-02 1.10e+00 6.56e-02 5.93e-04 7.18e-03 5.21e-04 2.23e-04 1.31e-04 1.64e-05
1.13e+00 1.22e+00 1.16e-02 1.22e+00 1.23e-02 7.25e-13 7.35e-13 5.98e-04 3.21e-04 2.64e-04 5.73e-05
1.15e+00 1.08e+00 6.60e-03 1.08e+00 7.03e-03 2.51e-20 1.32e-03 7.11e-04 4.50e-04 4.50e-04 1.54e-04
1.15e+00 1.38e+00 7.86e-03 1.38e+00 8.69e-03 5.86e-110 5.86e-110 6.41e-04 4.93e-04 1.48e-04 8.69e-05
1.14e+00 1.26e+00 3.51e-03 1.26e+00 3.57e-03 1.62e-138 1.62e-138 6.72e-04 6.72e-04 6.72e-04 2.70e-05
1.15e+00 1.24e+00 5.52e-02 1.25e+00 5.63e-02 3.79e-05 3.43e-04 6.24e-04 2.90e-04 1.88e-04 1.71e-05
1.14e+00 1.16e+00 3.17e-02 1.16e+00 3.20e-02 3.32e-07 1.15e-06 3.13e-07 1.75e-07 9.59e-08 1.27e-08
1.13e+00 1.23e+00 1.10e-02 1.23e+00 1.10e-02 5.90e-15 5.98e-15 6.21e-04 3.84e-04 1.28e-04 1.87e-05
1.14e+00 1.04e+00 4.63e-03 1.04e+00 5.57e-03 7.87e-49 1.04e-03 7.18e-04 7.18e-04 3.25e-04 3.25e-04
1.14e+00 1.07e+00 1.91e-02 1.06e+00 2.26e-02 6.49e-08 5.74e-05 1.26e-05 5.96e-06 2.37e-06 3.84e-07
1.11e+00 1.21e+00 1.78e-02 1.22e+00 1.86e-02 1.21e-09 1.29e-09 6.08e-04 2.64e-04 2.51e-04 3.50e-05
1.12e+00 1.20e+00 9.21e-02 1.24e+00 1.02e-01 4.54e-06 1.27e-03 4.80e-04 1.56e-04 9.79e-05 1.22e-05
1.13e+00 1.05e+00 1.46e-02 1.05e+00 1.46e-02 1.09e-08 2.38e-03 6.41e-04 2.02e-04 2.02e-04 2.16e-05
1.12e+00 1.02e+00 1.13e-02 1.02e+00 1.13e-02 9.15e-17 2.04e-03 7.21e-04 4.60e-04 1.63e-04 2.18e-05
1.14e+00 1.08e+00 4.31e-02 1.06e+00 4.76e-02 2.69e-05 6.33e-04 5.10e-05 2.43e-05 1.35e-05 2.03e-06
1.13e+00 1.21e+00 3.77e-03 1.21e+00 4.14e-03 9.03e-87 5.02e-39 6.84e-04 6.84e-04 6.84e-04 1.44e-04
1.12e+00 1.34e+00 9.07e-02 1.34e+00 9.07e-02 9.66e-07 4.06e-06 5.89e-04 3.46e-04 1.64e-04 1.79e-05
1.13e+00 1.24e+00 1.22e-02 1.24e+00 1.22e-02 1.26e-15 1.28e-15 4.41e-04 4.41e-04 1.77e-04 2.14e-05
1.14e+00 1.07e+00 2.12e-02 1.05e+00 3.02e-02 5.25e-06 3.76e-03 6.26e-04 2.70e-04 2.23e-04 1.80e-05
1.14e+00 1.24e+00 1.07e-02 1.24e+00 1.11e-02 5.81e-19 8.06e-14 6.09e-04 3.09e-04 1.65e-04 2.75e-05
1.12e+00 1.22e+00 4.94e-03 1.22e+00 5.20e-03 1.44e-21 9.92e-08 6.81e-04 6.81e-04 1.78e-04 3.77e-05
1.14e+00 1.29e+00 1.36e-01 1.26e+00 1.38e-01 2.23e-04 6.11e-04 8.38e-04 3.11e-04 1.62e-04 1.20e-05
1.12e+00 1.07e+00 2.90e-02 1.06e+00 3.21e-02 2.18e-05 5.85e-04 7.97e-05 3.41e-05 2.37e-05 2.85e-06
1.15e+00 1.19e+00 3.59e-02 1.20e+00 3.73e-02 8.83e-06 2.70e-05 1.76e-05 8.43e-06 4.66e-06 7.77e-07
1.14e+00 1.60e+00 3.95e-02 1.57e+00 4.76e-02 4.73e-08 8.54e-06 4.76e-04 2.51e-04 1.42e-04 3.84e-05
1.15e+00 1.13e+00 1.22e-01 1.04e+00 1.51e-01 4.80e-06 5.01e-03 5.20e-04 1.73e-04 1.08e-04 1.08e-05
1.14e+00 1.06e+00 2.21e-02 1.05e+00 2.38e-02 4.38e-07 2.92e-03 5.83e-04 2.74e-04 1.37e-04 2.16e-05
1.12e+00 1.05e+00 8.10e-02 1.02e+00 8.65e-02 1.20e-04 6.78e-03 6.11e-04 1.93e-04 1.09e-04 1.46e-05
1.14e+00 1.22e+00 2.35e-02 1.22e+00 2.39e-02 5.98e-06 8.72e-06 5.79e-04 2.35e-04 1.97e-04 2.23e-05
1.11e+00 1.02e+00 1.25e-02 1.02e+00 1.25e-02 1.58e-13 2.27e-03 5.55e-04 5.00e-04 1.99e-04 2.90e-05
1.11e+00 1.11e+00 1.16e-02 1.11e+00 1.17e-02 6.36e-04 1.08e-03 7.64e-04 4.30e-04 1.92e-04 2.30e-05
1.11e+00 1.25e+00 3.81e-02 1.23e+00 4.12e-02 9.31e-06 2.83e-05 5.98e-04 2.19e-04 1.19e-04 1.15e-05
1.14e+00 1.11e+00 7.46e-03 1.11e+00 7.49e-03 3.11e-07 1.43e-03 7.64e-04 3.53e-04 2.76e-04 3.07e-05
1.14e+00 1.04e+00 6.47e-03 1.04e+00 7.81e-03 1.05e-19 1.38e-03 7.18e-04 5.63e-04 5.63e-04 4.33e-05
1.14e+00 1.15e+00 7.10e-02 1.10e+00 8.77e-02 4.90e-04 6.13e-03 5.02e-04 2.42e-04 1.89e-04 2.13e-05
1.12e+00 1.03e+00 1.31e-02 1.04e+00 1.47e-02 8.14e-13 2.17e-03 7.18e-04 2.78e-04 2.78e-04 3.61e-05
1.14e+00 1.13e+00 1.42e-02 1.13e+00 1.44e-02 4.01e-04 2.36e-03 6.48e-04 3.20e-04 1.86e-04 2.61e-05
1.14e+00 1.22e+00 2.83e-02 1.22e+00 2.83e-02 3.67e-06 7.96e-06 1.01e-04 5.20e-05 3.11e-05 3.39e-06
1.12e+00 1.12e+00 1.57e-02 1.12e+00 1.61e-02 7.33e-04 2.06e-03 6.47e-04 3.71e-04 2.16e-04 2.65e-05
1.13e+00 1.15e+00 7.50e-02 1.22e+00 1.03e-01 8.90e-05 3.94e-03 5.28e-04 2.64e-04 1.75e-04 2.06e-05
1.15e+00 1.10e+00 3.56e-02 1.10e+00 3.57e-02 3.28e-04 5.87e-03 6.08e-04 2.56e-04 1.60e-04 2.49e-05
1.12e+00 1.05e+00 4.74e-03 1.05e+00 5.76e-03 2.65e-33 1.07e-03 7.16e-04 7.16e-04 3.56e-04 3.56e-04
1.13e+00 1.26e+00 3.58e-02 1.27e+00 3.71e-02 7.26e-08 1.70e-07 5.42e-04 2.79e-04 1.82e-04 2.36e-05
1.11e+00 1.20e+00 1.56e-02 1.20e+00 1.56e-02 3.78e-36 8.12e-06 6.86e-04 6.86e-04 6.86e-04 2.76e-05
1.14e+00 1.47e+00 3.80e-03 1.47e+00 4.18e-03 4.11e-140 1.93e-102 6.16e-04 6.16e-04 6.16e-04 1.30e-04
1.14e+00 1.06e+00 4.37e-02 1.05e+00 4.50e-02 2.12e-05 4.63e-03 6.09e-04 1.98e-04 1.12e-04 1.44e-05
1.11e+00 1.06e+00 2.09e-02 1.06e+00 2.15e-02 2.19e-05 3.78e-03 5.89e-04 3.74e-04 1.83e-04 2.16e-05
1.11e+00 1.03e+00 3.02e-02 1.03e+00 3.03e-02 1.63e-06 3.88e-03 5.57e-04 2.13e-04 2.03e-04 3.62e-05
1.14e+00 1.24e+00 1.19e-02 1.24e+00 1.23e-02 2.55e-07 4.14e-06 6.77e-04 3.26e-04 1.73e-04 7.14e-05
1.13e+00 1.15e+00 4.14e-02 1.16e+00 4.20e-02 8.96e-06 3.69e-05 9.26e-06 4.54e-06 2.62e-06 4.08e-07
1.13e+00 1.08e+00 5.40e-02 1.07e+00 5.55e-02 3.04e-04 6.61e-03 5.75e-04 2.59e-04 1.15e-04 1.08e-05
1.11e+00 1.03e+00 3.30e-02 1.03e+00 3.30e-02 8.69e-06 3.86e-03 5.57e-04 2.21e-04 1.77e-04 1.09e-05
1.12e+00 1.11e+00 2.63e-02 1.10e+00 2.88e-02 4.84e-04 3.16e-03 5.69e-04 3.34e-04 1.42e-04 1.78e-05
1.15e+00 1.21e+00 2.13e-02 1.21e+00 2.13e-02 8.77e-07 1.49e-06 1.83e-05 7.91e-06 7.02e-06 8.91e-07
1.13e+00 1.09e+00 5.51e-02 1.05e+00 6.63e-02 9.65e-05 4.64e-03 5.18e-04 1.87e-04 1.12e-04 1.44e-05
1.11e+00 1.16e+00 2.00e-01 1.07e+00 2.20e-01 4.76e-04 7.09e-03 5.02e-04 1.68e-04 8.24e-05 1.07e-05
1.15e+00 1.66e+00 4.18e-01 1.65e+00 4.18e-01 6.59e-05 1.98e-03 3.87e-04 9.12e-05 4.27e-05 5.70e-06
1.13e+00 1.05e+00 9.98e-03 1.04e+00 1.14e-02 3.62e-11 1.84e-03 7.18e-04 6.86e-04 1.98e-04 4.33e-05
1.14e+00 1.27e+00 3.63e-02 1.27e+00 3.64e-02 1.79e-06 8.34e-06 5.64e-04 2.41e-04 1.39e-04 2.72e-05
1.12e+00 1.39e+00 4.41e-02 1.43e+00 5.64e-02 1.55e-21 2.80e-15 6.18e-04 1.89e-04 1.45e-04 1.89e-05
1.15e+00 1.22e+00 2.52e-02 1.22e+00 2.56e-02 7.23e-06 1.35e-05 1.09e-04 4.73e-05 2.24e-05 3.03e-06
1.11e+00 1.10e+00 4.75e-02 1.09e+00 4.81e-02 5.26e-05 4.76e-04 4.47e-05 2.32e-05 1.41e-05 1.98e-06
1.15e+00 1.04e+00 8.49e-03 1.04e+00 9.62e-03 8.75e-17 1.63e-03 7.18e-04 6.60e-04 6.60e-04 3.61e-05
1.14e+00 1.16e+00 1.20e-01 1.13e+00 1.24e-01 6.54e-04 4.86e-03 5.43e-04 2.43e-04 1.02e-04 1.06e-05
1.14e+00 1.10e+00 7.79e-02 1.05e+00 9.07e-02 7.75e-05 4.66e-03 5.19e-04 2.16e-04 9.72e-05 1.08e-05
1.15e+00 9.74e-01 4.90e-03 9.70e-01 6.28e-03 2.20e-110 4.06e-04 2.46e-04 1.61e-04 1.61e-04 1.61e-04
1.15e+00 1.07e+00 2.27e-02 1.07e+00 2.30e-02 7.96e-06 4.29e-03 5.59e-04 2.94e-04 2.11e-04 2.87e-05
1.17e+00 1.17e+00 3.39e-02 1.18e+00 3.47e-02 2.67e-04 1.27e-03 2.36e-04 1.22e-04 6.60e-05 1.12e-05
1.17e+00 1.26e+00 1.37e-02 1.26e+00 1.39e-02 5.57e-10 2.99e-09 6.21e-04 3.07e-04 1.79e-04 5.40e-05
1.15e+00 1.13e+00 9.84e-03 1.13e+00 1.10e-02 1.69e-12 1.62e-11 6.35e-12 2.10e-12 1.95e-12 3.83e-13
1.21e+00 1.14e+00 1.29e-02 1.15e+00 1.51e-02 2.40e-09 2.20e-03 6.97e-04 2.56e-04 1.82e-04 3.85e-05
1.20e+00 1.23e+00 2.44e-02 1.23e+00 2.45e-02 3.13e-04 6.69e-04 5.40e-04 2.28e-04 1.62e-04 1.87e-05
1.19e+00 1.27e+00 4.02e-02 1.26e+00 4.09e-02 5.19e-05 1.44e-04 5.64e-04 2.57e-04 1.22e-04 1.35e-05
1.15e+00 1.13e+00 3.40e-02 1.13e+00 3.43e-02 2.58e-07 2.39e-06 3.00e-07 1.10e-07 7.22e-08 1.26e-08
1.19e+00 1.45e+00 5.05e-03 1.45e+00 7.08e-03 7.54e-134 7.54e-134 6.22e-04 6.12e-04 6.12e-04 6.12e-04
1.15e+00 1.30e+00 4.88e-03 1.30e+00 5.00e-03 2.64e-173 2.64e-173 6.62e-04 6.62e-04 1.56e-04 5.99e-05
1.15e+00 1.17e+00 2.42e-02 1.18e+00 2.54e-02 3.46e-07 7.86e-07 6.17e-07 2.87e-07 1.72e-07 3.37e-08
1.16e+00 1.12e+00 6.98e-03 1.12e+00 7.29e-03 3.89e-33 7.95e-28 4.44e-28 2.32e-28 2.32e-28 2.01e-29
1.20e+00 1.11e+00 2.45e-02 1.11e+00 2.46e-02 1.56e-06 4.69e-03 6.49e-04 2.96e-04 1.69e-04 4.22e-05
1.15e+00 1.45e+00 4.29e-03 1.45e+00 4.33e-03 5.17e-109 5.25e-80 6.22e-04 6.22e-04 6.22e-04 5.00e-05
1.16e+00 1.04e+00 1.94e-02 1.04e+00 1.97e-02 1.69e-12 3.50e-03 6.42e-04 3.21e-04 1.66e-04 3.61e-05
1.19e+00 1.26e+00 2.15e-02 1.26e+00 2.18e-02 5.59e-125 5.59e-125 6.72e-04 6.72e-04 6.72e-04 6.72e-04
1.16e+00 1.29e+00 8.76e-03 1.29e+00 9.43e-03 8.35e-55 8.46e-55 6.64e-04 5.74e-04 2.20e-04 2.67e-05
1.15e+00 1.23e+00 2.39e-02 1.23e+00 2.40e-02 1.53e-06 2.58e-06 1.33e-04 5.71e-05 3.62e-05 6.94e-06
1.15e+00 1.11e+00 7.84e-02 1.09e+00 8.09e-02 4.70e-04 7.80e-03 5.60e-04 2.53e-04 1.46e-04 1.78e-05
1.17e+00 1.24e+00 2.13e-02 1.24e+00 2.16e-02 8.80e-06 1.33e-05 4.93e-04 2.63e-04 1.62e-04 1.84e-05
1.19e+00 1.19e+00 9.79e-03 1.19e+00 9.92e-03 6.47e-04 1.23e-03 6.88e-04 3.42e-04 3.42e-04 6.23e-05
1.17e+00 1.23e+00 2.91e-02 1.22e+00 3.21e-02 2.17e-05 3.48e-05 5.96e-04 2.44e-04 1.72e-04 1.72e-05
1.17e+00 1.20e+00 2.66e-02 1.21e+00 2.78e-02 8.91e-06 2.23e-05 2.06e-05 8.22e-06 5.72e-06 5.96e-07
1.17e+00 1.07e+00 4.25e-02 1.05e+00 4.68e-02 4.97e-08 1.99e-03 7.16e-04 2.52e-04 1.73e-04 1.80e-05
1.20e+00 1.26e+00 1.62e-02 1.26e+00 1.67e-02 2.84e-07 2.91e-07 5.33e-04 1.99e-04 1.72e-04 1.69e-05
1.18e+00 1.08e+00 1.71e-02 1.08e+00 1.75e-02 1.51e-09 3.15e-03 6.47e-04 3.14e-04 2.97e-04 3.22e-05
1.15e+00 1.24e+00 3.10e-02 1.24e+00 3.10e-02 1.51e-06 3.11e-05 5.48e-04 2.54e-04 1.38e-04 1.22e-05
1.21e+00 1.25e+00 6.76e-03 1.25e+00 6.76e-03 1.58e-11 1.58e-11 6.74e-04 2.30e-04 2.13e-04 2.13e-04
1.15e+00 1.06e+00 2.48e-02 1.06e+00 2.51e-02 2.40e-06 4.48e-03 6.18e-04 2.91e-04 1.51e-04 2.87e-05
1.18e+00 1.24e+00 2.59e-02 1.24e+00 2.59e-02 3.06e-05 5.33e-05 5.48e-04 2.69e-04 1.53e-04 1.84e-05
1.19e+00 1.18e+00 3.94e-02 1.18e+00 3.94e-02 6.84e-04 4.00e-03 6.07e-04 2.67e-04 1.46e-04 2.08e-05
1.18e+00 1.21e+00 2.02e-03 1.21e+00 2.05e-03 3.98e-12 3.98e-12 6.84e-04 6.84e-04 6.84e-04 2.75e-05
1.20e+00 1.47e+00 3.07e-03 1.47e+00 3.25e-03 0.00e+00 0.00e+00 6.16e-04 6.16e-04 6.16e-04 7.43e-05
1.19e+00 1.06e+00 2.10e-02 1.05e+00 2.49e-02 3.39e-06 2.83e-03 6.62e-04 3.06e-04 3.06e-04 2.88e-05
1.16e+00 1.05e+00 1.42e-02 1.05e+00 1.49e-02 9.51e-10 2.07e-03 7.16e-04 4.14e-04 2.56e-04 1.80e-05
1.18e+00 1.16e+00 7.12e-02 1.21e+00 8.98e-02 1.36e-04 1.90e-03 6.80e-04 2.54e-04 1.55e-04 2.75e-05
1.16e+00 1.04e+00 1.07e-02 1.04e+00 1.10e-02 9.96e-19 1.69e-03 7.18e-04 4.91e-04 1.37e-04 2.53e-05
1.18e+00 1.23e+00 4.54e-02 1.24e+00 4.61e-02 4.14e-05 1.55e-04 2.44e-04 1.20e-04 5.38e-05 5.98e-06
1.20e+00 1.43e+00 4.62e-02 1.45e+00 4.96e-02 2.13e-11 2.18e-11 5.08e-04 2.63e-04 8.46e-05 1.25e-05
1.19e+00 1.18e+00 2.60e-02 1.18e+00 2.64e-02 5.33e-04 2.89e-03 5.83e-04 2.67e-04 1.25e-04 2.43e-05
1.16e+00 1.17e+00 3.67e-02 1.17e+00 3.70e-02 2.49e-05 1.20e-04 2.24e-05 9.86e-06 5.84e-06 9.08e-07
1.19e+00 1.19e+00 1.36e-02 1.19e+00 1.36e-02 6.20e-04 1.65e-03 5.62e-04 2.12e-04 2.02e-04 3.36e-05
1.15e+00 1.26e+00 1.21e-02 1.26e+00 1.21e-02 6.27e-13 1.57e-12 5.71e-04 3.98e-04 2.13e-04 3.04e-05
1.16e+00 1.21e+00 5.13e-02 1.23e+00 5.40e-02 7.57e-06 4.67e-04 5.73e-04 2.18e-04 1.02e-04 1.02e-05
1.16e+00 1.24e+00 5.78e-03 1.24e+00 7.20e-03 2.49e-34 2.49e-34 6.09e-04 4.93e-04 4.93e-04 3.37e-05
1.15e+00 1.05e+00 2.23e-02 1.04e+00 2.29e-02 2.16e-09 3.38e-03 6.60e-04 2.96e-04 1.48e-04 1.80e-05
1.20e+00 1.08e+00 2.63e-02 1.07e+00 2.69e-02 4.46e-14 9.28e-08 1.79e-08 7.81e-09 3.53e-09 6.51e-10
1.15e+00 1.22e+00 6.55e-03 1.22e+00 7.43e-03 1.42e-26 3.77e-17 6.81e-04 4.52e-04 4.52e-04 3.77e-05
1.15e+00 1.07e+00 2.50e-02 1.05e+00 3.35e-02 8.20e-06 4.46e-03 6.62e-04 3.56e-04 2.20e-04 2.88e-05
1.17e+00 1.14e+00 1.28e-02 1.15e+00 1.47e-02 4.95e-05 1.97e-03 6.97e-04 2.42e-04 2.42e-04 3.50e-05
1.17e+00 1.28e+00 2.02e-02 1.28e+00 2.05e-02 8.78e-08 1.95e-07 5.70e-04 2.51e-04 1.57e-04 2.35e-05
1.18e+00 1.25e+00 2.53e-02 1.24e+00 2.64e-02 3.20e-22 3.24e-22 6.77e-04 1.77e-04 1.53e-04 2.72e-05
1.19e+00 1.07e+00 5.08e-02 1.05e+00 5.47e-02 3.17e-05 3.99e-03 5.91e-04 1.98e-04 1.08e-04 1.08e-05
1.18e+00 1.12e+00 4.22e-02 1.12e+00 4.22e-02 9.92e-05 5.39e-03 6.01e-04 2.05e-04 1.66e-04 1.77e-05
1.17e+00 1.29e+00 7.42e-03 1.29e+00 7.46e-03 1.80e-61 1.80e-61 6.64e-04 2.97e-04 2.40e-04 2.67e-05
1.16e+00 1.28e+00 4.75e-02 1.26e+00 5.20e-02 1.37e-39 1.37e-39 6.72e-04 1.32e-04 7.43e-05 1.01e-05
1.15e+00 1.09e+00 6.83e-02 1.06e+00 7.32e-02 3.30e-06 2.02e-04 1.77e-05 7.41e-06 3.58e-06 2.47e-07
1.17e+00 1.05e+00 1.25e-02 1.05e+00 1.33e-02 8.94e-13 1.92e-03 7.16e-04 3.60e-04 2.41e-04 2.88e-05
1.19e+00 1.18e+00 1.43e-02 1.18e+00 1.43e-02 4.85e-04 2.10e-03 5.97e-04 2.78e-04 2.22e-04 4.86e-05
1.20e+00 1.17e+00 2.46e-02 1.18e+00 2.56e-02 3.17e-04 4.10e-03 6.35e-04 2.98e-04 1.98e-04 2.43e-05
1.19e+00 1.04e+00 7.16e-03 1.04e+00 7.89e-03 2.20e-22 1.29e-03 7.18e-04 4.22e-04 4.22e-04 5.41e-05
1.19e+00 1.19e+00 4.38e-02 1.20e+00 4.55e-02 4.76e-05 2.86e-04 3.72e-05 1.64e-05 9.55e-06 1.22e-06
1.19e+00 1.16e+00 3.13e-02 1.16e+00 3.13e-02 1.00e-04 9.49e-04 1.09e-04 6.10e-05 3.81e-05 5.91e-06
1.16e+00 1.05e+00 1.47e-02 1.05e+00 1.48e-02 7.95e-11 2.48e-03 5.94e-04 2.77e-04 1.69e-04 3.60e-05
1.20e+00 1.06e+00 6.97e-02 1.05e+00 7.01e-02 3.73e-06 6.38e-03 5.94e-04 2.63e-04 1.58e-04 2.16e-05
1.16e+00 1.45e+00 1.36e-02 1.45e+00 1.42e-02 1.70e-32 3.56e-24 6.22e-04 3.16e-04 2.12e-04 3.75e-05
1.19e+00 1.38e+00 5.85e-03 1.38e+00 5.85e-03 5.49e-120 5.49e-120 6.41e-04 6.41e-04 1.58e-04 1.48e-04
1.14e+00 1.15e+00 3.73e-02 1.15e+00 3.73e-02 7.25e-06 3.33e-05 6.43e-06 2.79e-06 1.86e-06 2.60e-07
1.16e+00 1.12e+00 1.44e-01 1.00e+00 1.85e-01 6.30e-05 7.53e-03 5.09e-04 1.77e-04 9.97e-05 1.48e-05
1.20e+00 1.05e+00 7.53e-03 1.05e+00 7.79e-03 3.13e-16 1.34e-03 7.16e-04 4.28e-04 4.28e-04 2.88e-05
1.18e+00 1.09e+00 2.87e-02 1.09e+00 2.87e-02 8.01e-07 3.55e-03 5.56e-04 2.89e-04 2.28e-04 2.14e-05
1.15e+00 1.11e+00 3.60e-02 1.11e+00 3.62e-02 2.01e-04 5.44e-03 6.27e-04 2.59e-04 1.38e-04 1.42e-05
1.17e+00 1.11e+00 8.68e-03 1.11e+00 9.30e-03 1.80e-12 1.51e-03 7.05e-04 4.79e-04 1.81e-04 2.48e-05
1.15e+00 1.27e+00 1.06e-02 1.27e+00 1.13e-02 3.79e-17 4.76e-17 6.69e-04 3.09e-04 2.09e-04 4.37e-05
1.16e+00 1.05e+00 5.92e-03 1.05e+00 6.73e-03 1.26e-33 1.25e-03 7.16e-04 4.61e-04 4.61e-04 6.84e-05
1.17e+00 1.23e+00 5.54e-03 1.23e+00 7.16e-03 1.13e-37 1.13e-37 6.79e-04 5.56e-04 5.56e-04 2.05e-05
1.17e+00 1.22e+00 3.95e-02 1.23e+00 4.01e-02 4.71e-06 2.15e-04 5.84e-04 2.15e-04 1.64e-04 1.36e-05
1.20e+00 1.29e+00 2.21e-02 1.29e+00 2.25e-02 3.60e-09 4.12e-09 4.58e-04 2.29e-04 1.46e-04 1.66e-05
1.20e+00 1.15e+00 5.99e-02 1.13e+00 6.49e-02 3.53e-04 7.32e-03 5.08e-04 2.08e-04 1.27e-04 2.12e-05
1.15e+00 1.16e+00 6.72e-02 1.14e+00 6.94e-02 6.85e-04 3.41e-03 5.66e-04 2.07e-04 1.34e-04 2.46e-05
1.20e+00 1.23e+00 2.59e-02 1.23e+00 2.59e-02 3.35e-04 7.67e-04 5.65e-04 2.90e-04 1.69e-04 1.56e-05
1.20e+00 1.14e+00 1.73e-02 1.15e+00 1.93e-02 1.15e-06 3.20e-03 6.76e-04 3.71e-04 1.82e-04 3.85e-05
1.15e+00 1.27e+00 1.35e-02 1.27e+00 1.42e-02 1.15e-16 1.57e-16 5.89e-04 3.16e-04 1.18e-04 3.03e-05
1.19e+00 1.27e+00 2.72e-02 1.28e+00 2.77e-02 5.33e-19 1.94e-05 5.13e-04 3.07e-04 2.00e-04 1.97e-05
1.20e+00 1.17e+00 3.94e-02 1.17e+00 3.94e-02 5.26e-04 5.60e-03 5.43e-04 2.26e-04 1.50e-04 2.09e-05
1.15e+00 1.04e+00 1.45e-02 1.04e+00 1.46e-02 3.71e-12 2.21e-03 7.18e-04 2.31e-04 1.88e-04 1.80e-05
1.21e+00 1.21e+00 1.89e-02 1.21e+00 1.91e-02 6.20e-04 1.71e-03 5.48e-04 3.27e-04 1.36e-04 3.57e-05
1.15e+00 1.19e+00 7.55e-03 1.19e+00 7.94e-03 1.24e-06 1.29e-06 6.69e-04 3.63e-04 1.68e-04 5.72e-05
1.16e+00 1.13e+00 6.61e-02 1.10e+00 7.40e-02 4.00e-04 6.83e-03 5.60e-04 2.46e-04 1.36e-04 2.14e-05
1.15e+00 1.16e+00 7.08e-02 1.10e+00 9.02e-02 1.21e-04 4.83e-03 5.94e-04 2.74e-04 1.46e-04 2.78e-05
1.19e+00 1.20e+00 8.99e-03 1.20e+00 9.21e-03 2.17e-04 2.56e-04 6.86e-04 5.27e-04 2.72e-04 4.83e-05
1.17e+00 1.19e+00 1.03e-01 1.25e+00 1.19e-01 2.41e-08 8.91e-04 5.28e-04 2.07e-04 1.29e-04 1.20e-05
1.15e+00 1.06e+00 1.95e-02 1.05e+00 2.08e-02 7.31e-08 3.33e-03 5.29e-04 3.24e-04 1.69e-04 2.52e-05
1.18e+00 1.05e+00 2.39e-03 1.05e+00 2.46e-03 4.50e-23 7.63e-04 7.16e-04 7.16e-04 7.16e-04 4.68e-05
1.16e+00 1.26e+00 2.07e-02 1.26e+00 2.07e-02 4.35e-06 2.15e-05 5.67e-04 3.31e-04 1.59e-04 2.03e-05
1.16e+00 1.05e+00 1.94e-02 1.05e+00 1.94e-02 1.12e-08 3.22e-03 6.91e-04 3.31e-04 1.69e-04 2.52e-05
1.20e+00 1.27e+00 4.40e-02 1.28e+00 4.52e-02 8.96e-05 5.37e-04 5.73e-04 1.94e-04 1.07e-04 1.68e-05
1.19e+00 1.69e+00 1.17e-01 1.69e+00 1.17e-01 2.60e-08 4.92e-05 4.28e-04 1.64e-04 6.68e-05 5.56e-06
1.17e+00 1.23e+00 4.39e-03 1.23e+00 4.44e-03 3.46e-43 1.36e-33 6.79e-04 6.79e-04 6.79e-04 5.80e-05
1.18e+00 1.27e+00 2.50e-02 1.27e+00 2.54e-02 2.12e-06 1.08e-05 5.56e-04 2.32e-04 1.25e-04 3.03e-05
1.17e+00 1.15e+00 4.21e-02 1.14e+00 4.30e-02 4.54e-04 5.05e-03 5.59e-04 2.21e-04 1.37e-04 1.76e-05
1.16e+00 1.17e+00 3.22e-02 1.18e+00 3.39e-02 6.15e-04 2.36e-03 5.38e-04 3.18e-04 2.16e-04 2.40e-05
1.21e+00 1.24e+00 9.36e-03 1.24e+00 9.37e-03 2.63e-06 2.69e-06 6.09e-04 3.24e-04 3.24e-04 5.81e-05
1.17e+00 1.46e+00 1.06e-02 1.46e+00 1.07e-02 1.14e-26 7.25e-15 6.19e-04 3.70e-04 3.70e-04 5.91e-05
1.15e+00 1.15e+00 3.40e-02 1.16e+00 3.46e-02 2.69e-05 1.22e-04 2.27e-05 1.14e-05 7.62e-06 1.22e-06
1.19e+00 1.16e+00 1.46e-02 1.16e+00 1.47e-02 1.81e-04 2.53e-03 5.62e-04 3.88e-04 1.85e-04 1.75e-05
1.16e+00 1.20e+00 7.51e-02 1.23e+00 8.09e-02 4.33e-04 3.65e-03 5.12e-04 2.29e-04 1.36e-04 1.71e-05
1.19e+00 1.20e+00 7.23e-02 1.23e+00 7.74e-02 8.43e-05 6.35e-04 5.21e-04 2.03e-04 8.74e-05 1.56e-05
1.18e+00 1.13e+00 3.08e-02 1.13e+00 3.09e-02 2.38e-07 6.35e-06 7.06e-07 3.04e-07 1.70e-07 2.68e-08
1.16e+00 1.39e+00 3.11e-02 1.38e+00 3.45e-02 1.70e-13 2.02e-09 1.10e-04 5.81e-05 3.74e-05 4.68e-06
1.20e+00 1.47e+00 4.82e-03 1.47e+00 6.05e-03 1.60e-242 1.60e-242 6.16e-04 3.59e-04 3.59e-04 3.59e-04
1.19e+00 1.14e+00 2.10e-02 1.14e+00 2.11e-02 7.08e-05 3.85e-03 6.34e-04 2.93e-04 2.45e-04 4.03e-05
1.20e+00 1.03e+00 8.94e-03 1.04e+00 1.22e-02 9.36e-19 1.86e-03 7.18e-04 4.11e-04 4.11e-04 4.69e-05
1.19e+00 1.20e+00 7.01e-02 1.24e+00 8.11e-02 3.15e-04 4.23e-03 4.89e-04 2.05e-04 1.33e-04 2.52e-05
1.19e+00 1.22e+00 3.81e-03 1.22e+00 3.81e-03 1.40e-14 4.84e-14 6.81e-04 6.81e-04 6.81e-04 5.82e-05
1.16e+00 1.21e+00 2.33e-02 1.22e+00 2.47e-02 8.13e-05 1.61e-04 5.09e-04 3.05e-04 1.46e-04 1.91e-05
1.20e+00 1.46e+00 2.76e-03 1.46e+00 2.84e-03 3.27e-141 3.27e-141 6.19e-04 6.19e-04 6.19e-04 5.29e-05
1.17e+00 1.13e+00 5.45e-02 1.13e+00 5.46e-02 5.58e-05 7.27e-04 5.04e-05 2.47e-05 1.56e-05 2.28e-06
1.18e+00 1.23e+00 1.47e-02 1.23e+00 1.52e-02 6.28e-06 7.53e-06 5.65e-04 3.28e-04 1.69e-04 3.43e-05
1.17e+00 1.11e+00 2.04e-01 1.02e+00 2.21e-01 8.96e-07 6.45e-03 6.09e-04 2.83e-04 8.70e-05 1.45e-05
1.15e+00 1.34e+00 4.98e-02 1.34e+00 5.00e-02 8.38e-19 5.98e-17 3.50e-04 1.90e-04 8.18e-05 1.96e-05
1.19e+00 1.24e+00 9.98e-03 1.24e+00 1.00e-02 1.38e-08 1.41e-08 6.09e-04 3.37e-04 3.37e-04 6.43e-05
1.16e+00 1.38e+00 1.19e-02 1.38e+00 1.26e-02 1.61e-63 1.61e-63 6.41e-04 3.22e-04 2.42e-04 6.12e-05
1.19e+00 1.31e+00 2.49e-02 1.31e+00 2.51e-02 1.74e-16 1.74e-16 6.49e-04 3.11e-04 2.42e-04 1.99e-05
1.15e+00 1.51e+00 8.76e-02 1.46e+00 9.96e-02 1.09e-05 1.45e-04 4.63e-04 1.87e-04 1.06e-04 9.33e-06
1.17e+00 1.20e+00 5.29e-02 1.21e+00 5.50e-02 1.55e-04 7.64e-04 5.98e-04 2.65e-04 1.27e-04 1.37e-05
1.17e+00 1.22e+00 2.40e-02 1.23e+00 2.49e-02 4.42e-05 8.00e-05 5.21e-04 2.06e-04 1.87e-04 2.81e-05
1.15e+00 1.22e+00 2.12e-02 1.22e+00 2.12e-02 1.78e-06 2.82e-06 1.26e-04 5.83e-05 4.52e-05 4.60e-06
1.17e+00 1.05e+00 2.59e-02 1.05e+00 2.59e-02 2.40e-06 3.63e-03 6.77e-04 2.45e-04 1.33e-04 1.80e-05
1.21e+00 1.16e+00 2.60e-02 1.15e+00 2.65e-02 1.14e-04 4.58e-03 5.53e-04 3.05e-04 1.72e-04 3.85e-05
1.19e+00 1.09e+00 1.50e-02 1.09e+00 1.56e-02 2.78e-09 2.72e-03 6.88e-04 4.10e-04 1.82e-04 2.49e-05
1.15e+00 1.02e+00 1.73e-02 1.02e+00 1.78e-02 6.55e-10 3.14e-03 6.71e-04 2.65e-04 2.18e-04 2.90e-05
1.19e+00 1.45e+00 2.70e-02 1.45e+00 2.70e-02 5.29e-18 1.04e-08 2.93e-06 1.30e-06 7.16e-07 1.02e-07
1.15e+00 1.09e+00 5.80e-02 1.05e+00 6.95e-02 3.97e-06 3.44e-03 5.18e-04 2.99e-04 1.04e-04 1.44e-05
1.16e+00 1.16e+00 3.64e-02 1.16e+00 3.64e-02 6.88e-04 3.56e-03 5.66e-04 2.62e-04 1.71e-04 2.10e-05
1.18e+00 1.11e+00 1.10e-01 1.04e+00 1.33e-01 1.66e-16 1.32e-03 7.18e-04 4.22e-04 1.01e-04 2.89e-05
1.18e+00 1.25e+00 1.62e-02 1.25e+00 1.63e-02 2.77e-07 3.20e-07 5.07e-04 2.34e-04 1.26e-04 2.10e-05
1.17e+00 1.15e+00 2.86e-02 1.14e+00 3.05e-02 4.33e-04 3.73e-03 5.90e-04 2.46e-04 1.48e-04 2.46e-05
1.19e+00 1.16e+00 7.43e-02 1.23e+00 1.01e-01 3.02e-04 5.65e-03 5.03e-04 2.29e-04 1.46e-04 2.43e-05
1.18e+00 1.32e+00 6.75e-03 1.32e+00 7.91e-03 1.95e-106 1.95e-106 6.57e-04 5.68e-04 5.68e-04 4.62e-05
1.19e+00 1.24e+00 8.86e-03 1.24e+00 8.88e-03 3.68e-10 3.69e-10 6.09e-04 3.00e-04 3.00e-04 3.98e-05
1.18e+00 1.11e+00 9.51e-03 1.11e+00 1.07e-02 2.04e-11 1.66e-03 7.05e-04 5.32e-04 1.81e-04 3.19e-05
1.15e+00 1.16e+00 5.05e-02 1.16e+00 5.05e-02 6.45e-04 3.80e-03 5.69e-04 2.86e-04 1.75e-04 2.79e-05
1.20e+00 1.24e+00 8.15e-03 1.24e+00 9.43e-03 1.50e-07 1.51e-07 6.77e-04 6.26e-04 1.53e-04 1.43e-04
1.19e+00 1.25e+00 1.22e-02 1.25e+00 1.22e-02 3.48e-08 3.60e-08 4.35e-04 4.14e-04 1.62e-04 3.00e-05
1.18e+00 1.18e+00 4.83e-02 1.18e+00 4.83e-02 2.98e-05 1.87e-04 2.43e-05 1.13e-05 6.60e-06 7.50e-07
1.16e+00 1.05e+00 1.30e-02 1.04e+00 1.46e-02 1.40e-10 2.25e-03 7.18e-04 3.43e-04 2.24e-04 1.80e-05
1.19e+00 1.08e+00 3.25e-02 1.08e+00 3.26e-02 1.07e-05 4.94e-03 5.65e-04 2.72e-04 2.25e-04 1.43e-05
1.17e+00 1.04e+00 1.84e-02 1.04e+00 1.84e-02 7.99e-07 2.85e-03 5.85e-04 2.89e-04 1.70e-04 1.44e-05
1.16e+00 1.32e+00 1.65e-01 1.28e+00 1.71e-01 5.47e-05 2.45e-04 5.09e-04 1.98e-04 9.38e-05 6.70e-06
1.17e+00 1.20e+00 1.29e-02 1.20e+00 1.31e-02 5.05e-05 6.06e-05 5.38e-04 2.51e-04 2.51e-04 2.31e-05
1.19e+00 1.17e+00 3.79e-02 1.18e+00 3.96e-02 1.71e-06 1.25e-05 1.48e-06 7.22e-07 4.69e-07 6.32e-08
1.18e+00 1.27e+00 7.50e-03 1.27e+00 7.50e-03 2.72e-34 3.45e-24 5.73e-04 2.53e-04 2.16e-04 2.02e-05
1.16e+00 1.10e+00 8.96e-03 1.10e+00 8.96e-03 1.04e-11 1.70e-03 7.07e-04 4.37e-04 4.37e-04 5.33e-05
1.18e+00 1.16e+00 1.06e-01 1.04e+00 1.60e-01 2.97e-10 1.37e-03 7.18e-04 2.53e-04 2.49e-04 3.61e-05
1.17e+00 1.19e+00 3.15e-02 1.20e+00 3.31e-02 4.45e-04 1.51e-03 5.62e-04 2.59e-04 1.76e-04 2.41e-05
1.20e+00 1.23e+00 6.90e-03 1.23e+00 7.87e-03 2.17e-06 2.19e-06 6.79e-04 5.63e-04 5.63e-04 4.78e-05
1.15e+00 1.04e+00 3.32e-02 1.03e+00 3.42e-02 1.11e-05 4.17e-03 6.15e-04 2.39e-04 2.21e-04 1.45e-05
1.20e+00 1.44e+00 2.44e-02 1.45e+00 2.55e-02 1.61e-16 1.16e-10 3.03e-04 1.22e-04 1.02e-04 9.41e-06
1.19e+00 1.27e+00 2.91e-02 1.28e+00 3.09e-02 3.15e-05 1.12e-04 5.13e-04 2.78e-04 1.34e-04 1.68e-05
1.16e+00 1.12e+00 2.95e-02 1.12e+00 2.99e-02 2.19e-04 4.57e-03 6.08e-04 2.90e-04 1.70e-04 2.12e-05
1.16e+00 1.05e+00 2.04e-02 1.05e+00 2.06e-02 2.11e-08 3.57e-03 6.52e-04 2.77e-04 1.80e-04 2.52e-05
1.16e+00 1.19e+00 7.65e-03 1.19e+00 7.72e-03 4.88e-06 5.13e-06 6.69e-04 2.99e-04 2.42e-04 4.04e-05
1.17e+00 1.16e+00 6.93e-02 1.16e+00 6.94e-02 9.49e-06 8.94e-05 7.70e-06 3.54e-06 2.13e-06 2.91e-07
1.16e+00 1.26e+00 2.57e-03 1.26e+00 2.60e-03 5.11e-82 5.11e-82 6.72e-04 6.72e-04 6.72e-04 6.72e-04
1.15e+00 1.24e+00 9.66e-03 1.24e+00 9.66e-03 6.08e-18 6.09e-18 6.09e-04 3.27e-04 3.27e-04 7.04e-05
1.18e+00 1.18e+00 3.71e-02 1.19e+00 3.80e-02 6.69e-04 3.49e-03 5.33e-04 2.59e-04 1.76e-04 1.73e-05
1.16e+00 1.11e+00 4.48e-02 1.10e+00 4.54e-02 9.07e-05 5.04e-03 5.97e-04 2.49e-04 1.42e-04 1.78e-05
1.19e+00 1.23e+00 2.65e-02 1.23e+00 2.69e-02 3.30e-05 7.51e-05 7.07e-05 3.30e-05 1.75e-05 2.38e-06
1.16e+00 1.47e+00 5.03e-03 1.47e+00 5.07e-03 2.18e-29 2.62e-13 6.16e-04 6.16e-04 6.16e-04 5.26e-05
1.17e+00 1.09e+00 4.62e-02 1.08e+00 4.70e-02 4.88e-07 3.93e-03 5.93e-04 3.72e-04 1.89e-04 2.50e-05
1.15e+00 1.26e+00 8.83e-03 1.26e+00 8.90e-03 1.54e-26 1.54e-26 5.85e-04 2.56e-04 2.56e-04 3.53e-05
1.15e+00 1.10e+00 3.62e-02 1.09e+00 3.69e-02 7.79e-05 4.82e-03 5.99e-04 3.21e-04 1.39e-04 1.78e-05
1.15e+00 1.07e+00 3.47e-02 1.06e+00 3.57e-02 6.04e-05 6.56e-03 6.64e-04 2.64e-04 1.69e-04 2.06e-05
1.19e+00 1.40e+00 6.20e-03 1.40e+00 6.71e-03 3.27e-168 3.27e-168 6.35e-04 3.74e-04 3.74e-04 9.90e-05
1.16e+00 1.23e+00 5.64e-03 1.23e+00 7.06e-03 1.04e-28 1.99e-28 6.79e-04 5.70e-04 5.70e-04 3.75e-05
1.20e+00 1.20e+00 1.37e-02 1.21e+00 1.48e-02 5.28e-04 9.39e-04 6.13e-04 3.40e-04 1.30e-04 3.89e-05
1.20e+00 1.23e+00 6.96e-03 1.23e+00 8.26e-03 4.67e-11 4.67e-11 6.79e-04 5.49e-04 5.49e-04 7.51e-05
1.18e+00 1.22e+00 2.33e-02 1.23e+00 2.42e-02 8.86e-05 1.64e-04 5.09e-04 3.31e-04 1.69e-04 2.18e-05
1.21e+00 1.15e+00 5.17e-02 1.16e+00 5.21e-02 4.75e-05 8.02e-04 5.52e-05 2.60e-05 1.62e-05 2.46e-06
1.16e+00 1.25e+00 5.62e-02 1.22e+00 6.41e-02 1.32e-04 6.73e-04 6.60e-04 2.99e-04 1.67e-04 2.33e-05
1.20e+00 1.15e+00 2.79e-02 1.15e+00 2.82e-02 2.58e-04 4.77e-03 5.60e-04 2.31e-04 2.14e-04 3.50e-05
1.15e+00 1.12e+00 4.46e-02 1.11e+00 4.69e-02 4.47e-04 5.53e-03 5.99e-04 2.48e-04 1.42e-04 2.48e-05
1.18e+00 1.16e+00 9.26e-02 1.13e+00 9.66e-02 5.11e-08 8.33e-07 1.08e-07 4.92e-08 2.69e-08 3.93e-09
1.18e+00 1.07e+00 2.37e-02 1.05e+00 3.17e-02 5.26e-08 3.29e-03 7.16e-04 3.64e-04 1.76e-04 6.48e-05
1.21e+00 1.15e+00 1.42e-02 1.15e+00 1.42e-02 6.87e-08 2.06e-03 6.97e-04 1.93e-04 1.89e-04 2.10e-05
1.21e+00 1.25e+00 5.80e-03 1.25e+00 6.46e-03 1.30e-16 1.30e-16 6.74e-04 3.73e-04 3.73e-04 6.78e-05
1.15e+00 1.12e+00 1.09e-01 1.21e+00 1.41e-01 2.93e-04 6.09e-03 5.20e-04 2.39e-04 1.50e-04 1.91e-05
1.16e+00 1.46e+00 7.04e-03 1.46e+00 7.61e-03 1.29e-61 9.42e-42 6.19e-04 4.32e-04 4.32e-04 3.42e-05
1.15e+00 1.08e+00 7.07e-02 1.07e+00 7.14e-02 1.95e-04 7.44e-03 5.45e-04 2.51e-04 1.68e-04 1.79e-05
1.18e+00 1.11e+00 5.27e-03 1.11e+00 7.09e-03 5.53e-42 1.49e-03 7.64e-04 7.07e-04 7.07e-04 7.07e-04
1.17e+00 1.32e+00 4.51e-02 1.28e+00 5.74e-02 1.94e-07 4.73e-07 4.71e-04 2.58e-04 1.45e-04 1.88e-05
1.19e+00 1.24e+00 1.94e-02 1.24e+00 1.94e-02 3.41e-05 4.70e-05 5.39e-04 3.24e-04 1.65e-04 1.84e-05
1.17e+00 1.27e+00 5.81e-03 1.27e+00 5.85e-03 7.91e-73 7.94e-73 6.69e-04 6.69e-04 1.92e-04 1.31e-04
1.16e+00 1.06e+00 1.50e-02 1.05e+00 1.65e-02 9.70e-10 2.28e-03 7.16e-04 3.31e-04 1.76e-04 1.80e-05
1.17e+00 1.04e+00 8.05e-03 1.04e+00 8.98e-03 1.29e-29 1.23e-03 7.18e-04 2.85e-04 1.30e-04 8.30e-05
1.20e+00 1.23e+00 6.84e-03 1.23e+00 8.31e-03 4.25e-07 4.26e-07 6.79e-04 6.62e-04 6.62e-04 7.17e-05
1.20e+00 1.14e+00 3.55e-02 1.15e+00 3.75e-02 1.33e-04 6.32e-03 6.06e-04 2.59e-04 1.65e-04 2.45e-05
1.16e+00 1.05e+00 1.50e-02 1.05e+00 1.55e-02 2.79e-10 2.25e-03 7.16e-04 2.74e-04 1.33e-04 1.80e-05
1.19e+00 1.13e+00 1.29e-02 1.12e+00 1.39e-02 5.48e-10 2.35e-03 6.40e-04 4.42e-04 1.84e-04 7.07e-05
1.20e+00 1.22e+00 7.51e-03 1.22e+00 8.22e-03 1.47e-05 1.51e-05 6.81e-04 4.83e-04 4.83e-04 6.85e-05
1.21e+00 1.08e+00 2.97e-02 1.08e+00 2.99e-02 3.50e-06 5.36e-03 6.00e-04 2.75e-04 2.00e-04 1.79e-05
1.17e+00 1.12e+00 4.17e-02 1.10e+00 4.58e-02 2.64e-04 5.70e-03 5.44e-04 2.13e-04 1.32e-04 2.49e-05
1.19e+00 1.46e+00 4.18e-03 1.46e+00 4.24e-03 2.76e-139 2.76e-139 6.19e-04 6.19e-04 6.19e-04 4.35e-05
1.17e+00 1.25e+00 1.66e-02 1.25e+00 1.68e-02 2.90e-07 5.11e-06 6.34e-04 3.86e-04 1.42e-04 2.71e-05
1.19e+00 1.23e+00 4.54e-03 1.23e+00 5.33e-03 1.31e-30 1.31e-30 6.79e-04 6.79e-04 2.70e-04 2.70e-04
1.16e+00 1.21e+00 5.20e-02 1.23e+00 5.76e-02 5.34e-04 2.13e-03 6.71e-04 2.91e-04 1.60e-04 1.69e-05
1.16e+00 1.13e+00 4.02e-02 1.12e+00 4.09e-02 5.61e-04 5.79e-03 6.01e-04 2.83e-04 1.52e-04 3.18e-05
1.16e+00 1.20e+00 2.46e-02 1.20e+00 2.48e-02 7.00e-06 1.66e-05 1.80e-05 8.15e-06 3.49e-06 1.06e-06
1.20e+00 1.12e+00 3.63e-02 1.12e+00 3.64e-02 7.31e-05 5.68e-03 5.73e-04 2.12e-04 1.34e-04 2.12e-05
1.17e+00 1.08e+00 3.04e-02 1.07e+00 3.13e-02 1.50e-06 5.62e-04 6.05e-05 2.75e-05 1.78e-05 2.97e-06
1.17e+00 1.26e+00 6.59e-03 1.26e+00 7.08e-03 2.93e-53 3.32e-53 6.72e-04 3.92e-04 3.92e-04 1.18e-04
1.20e+00 1.22e+00 5.00e-03 1.22e+00 6.55e-03 1.24e-13 1.24e-13 6.81e-04 4.96e-04 4.96e-04 4.96e-04
1.16e+00 1.03e+00 2.66e-02 1.04e+00 2.95e-02 5.35e-08 4.48e-03 6.82e-04 2.89e-04 1.41e-04 2.17e-05
1.16e+00 1.28e+00 1.62e-02 1.27e+00 1.76e-02 5.09e-08 9.80e-08 6.56e-04 4.31e-04 1.61e-04 3.03e-05
1.19e+00 1.17e+00 7.33e-02 1.20e+00 8.04e-02 6.42e-04 4.36e-03 4.91e-04 1.78e-04 1.08e-04 1.39e-05
1.16e+00 1.41e+00 1.54e-02 1.42e+00 1.84e-02 6.01e-74 3.26e-54 3.54e-04 2.22e-04 1.91e-04 2.03e-05
1.17e+00 1.07e+00 1.44e-02 1.07e+00 1.45e-02 1.22e-12 2.27e-03 7.13e-04 2.58e-04 1.76e-04 1.79e-05
1.15e+00 1.13e+00 1.11e-01 1.09e+00 1.16e-01 3.81e-04 7.71e-03 5.38e-04 2.30e-04 1.15e-04 1.43e-05
1.15e+00 1.13e+00 1.78e-02 1.13e+00 1.84e-02 5.44e-04 2.72e-03 5.43e-04 3.03e-04 2.68e-04 3.52e-05
1.20e+00 1.30e+00 3.83e-01 1.26e+00 3.85e-01 4.74e-04 1.63e-02 4.81e-04 1.43e-04 6.77e-05 1.07e-05
1.21e+00 1.23e+00 1.62e-01 1.35e+00 2.02e-01 4.05e-06 3.48e-03 3.75e-04 1.68e-04 9.85e-05 1.20e-05
1.19e+00 1.06e+00 1.88e-02 1.05e+00 2.07e-02 3.44e-09 3.11e-03 6.12e-04 3.13e-04 1.51e-04 2.16e-05
1.15e+00 1.06e+00 1.63e-02 1.05e+00 1.74e-02 3.71e-09 2.63e-03 5.62e-04 3.89e-04 2.12e-04 2.88e-05
1.15e+00 1.45e+00 5.15e-03 1.45e+00 5.62e-03 7.30e-114 1.09e-87 6.22e-04 6.22e-04 2.28e-04 3.75e-05
1.18e+00 1.05e+00 7.19e-03 1.05e+00 7.26e-03 8.06e-21 1.10e-03 7.16e-04 1.73e-04 1.66e-04 4.32e-05
1.19e+00 1.28e+00 1.50e-01 1.39e+00 1.87e-01 1.24e-04 2.90e-03 3.07e-04 1.18e-04 7.02e-05 8.77e-06
1.20e+00 1.23e+00 4.11e-03 1.23e+00 4.44e-03 3.02e-19 3.02e-19 6.79e-04 6.79e-04 6.79e-04 1.54e-04
1.19e+00 1.25e+00 6.37e-02 1.19e+00 8.91e-02 6.82e-04 2.75e-03 5.29e-04 2.77e-04 1.66e-04 4.15e-05
1.14e+00 1.09e+00 5.43e-02 1.08e+00 5.54e-02 2.45e-04 6.95e-03 5.91e-04 2.79e-04 1.29e-04 1.43e-05
1.20e+00 1.46e+00 2.45e-03 1.46e+00 2.45e-03 5.48e-156 5.83e-156 6.19e-04 6.19e-04 6.19e-04 1.87e-05
1.15e+00 1.30e+00 6.11e-03 1.30e+00 6.32e-03 1.50e-110 1.50e-110 6.62e-04 2.66e-04 2.66e-04 1.13e-04
1.20e+00 1.08e+00 1.37e-02 1.08e+00 1.37e-02 9.74e-15 2.38e-03 5.36e-04 2.36e-04 2.18e-04 5.00e-05
1.19e+00 1.19e+00 2.29e-02 1.20e+00 2.37e-02 3.84e-05 1.06e-04 4.20e-05 2.04e-05 1.14e-05 2.18e-06
1.16e+00 1.27e+00 4.97e-03 1.27e+00 6.02e-03 5.49e-131 5.49e-131 6.69e-04 3.60e-04 3.60e-04 3.60e-04
1.19e+00 1.12e+00 6.55e-02 1.08e+00 7.73e-02 1.43e-04 5.58e-03 5.29e-04 2.25e-04 1.07e-04 2.86e-05
1.17e+00 1.23e+00 4.48e-03 1.23e+00 4.63e-03 1.14e-30 1.14e-30 6.79e-04 6.79e-04 1.43e-04 4.44e-05
1.20e+00 1.28e+00 5.72e-03 1.28e+00 6.65e-03 1.64e-20 1.64e-20 6.67e-04 3.89e-04 3.89e-04 4.36e-05
1.18e+00 1.16e+00 3.68e-02 1.16e+00 3.68e-02 5.64e-04 4.96e-03 5.83e-04 2.86e-04 2.06e-04 2.10e-05
1.20e+00 1.25e+00 1.54e-02 1.24e+00 1.63e-02 1.37e-07 1.40e-07 5.00e-04 4.05e-04 4.05e-04 3.40e-05
1.15e+00 1.08e+00 4.57e-02 1.06e+00 5.12e-02 8.77e-06 3.20e-04 2.49e-05 1.23e-05 6.82e-06 8.31e-07
1.17e+00 1.44e+00 9.68e-02 1.47e+00 1.01e-01 5.73e-17 8.49e-05 6.16e-04 5.26e-04 5.26e-04 2.17e-05
1.20e+00 1.23e+00 2.29e-02 1.23e+00 2.29e-02 2.19e-04 4.14e-04 5.59e-04 2.40e-04 1.25e-04 1.87e-05
1.16e+00 1.12e+00 4.58e-02 1.10e+00 5.02e-02 2.25e-04 5.37e-03 6.04e-04 2.20e-04 1.49e-04 1.78e-05
1.17e+00 1.40e+00 4.37e-02 1.42e+00 4.64e-02 1.35e-09 1.33e-06 6.49e-05 3.70e-05 1.73e-05 1.97e-06
1.15e+00 1.07e+00 2.28e-02 1.05e+00 2.76e-02 2.54e-06 3.66e-03 5.62e-04 3.24e-04 2.02e-04 2.16e-05
1.19e+00 1.05e+00 4.66e-02 1.04e+00 4.71e-02 6.42e-06 4.73e-03 5.16e-04 2.31e-04 1.30e-04 7.22e-06
1.16e+00 1.24e+00 6.84e-03 1.24e+00 7.31e-03 6.12e-26 6.12e-26 6.09e-04 3.61e-04 3.61e-04 2.75e-05
1.17e+00 1.20e+00 3.11e-02 1.21e+00 3.25e-02 8.10e-06 1.86e-05 2.02e-05 1.04e-05 5.02e-06 9.01e-07
1.19e+00 1.25e+00 2.23e-02 1.25e+00 2.26e-02 6.82e-06 2.31e-05 5.62e-04 3.29e-04 2.03e-04 3.39e-05
1.18e+00 1.22e+00 1.02e-02 1.23e+00 1.14e-02 5.95e-08 6.08e-08 6.21e-04 2.37e-04 2.34e-04 3.12e-05
1.15e+00 1.20e+00 4.63e-02 1.21e+00 4.66e-02 4.31e-06 3.00e-04 5.24e-04 2.74e-04 1.16e-04 1.37e-05
1.18e+00 1.23e+00 5.19e-02 1.25e+00 5.68e-02 7.86e-05 1.02e-03 5.63e-04 1.86e-04 1.08e-04 1.36e-05
1.19e+00 1.34e+00 1.81e-02 1.34e+00 1.81e-02 1.37e-23 1.37e-23 6.51e-04 1.54e-04 1.28e-04 6.55e-06
1.19e+00 1.21e+00 1.93e-02 1.21e+00 1.93e-02 3.27e-04 6.32e-04 6.00e-04 3.11e-04 1.59e-04 1.62e-05
1.18e+00 1.24e+00 3.00e-02 1.24e+00 3.03e-02 6.50e-05 1.28e-04 5.05e-04 2.57e-04 1.59e-04 1.53e-05
1.20e+00 1.07e+00 6.80e-02 1.04e+00 7.26e-02 1.93e-05 3.36e-03 6.89e-04 1.95e-04 1.05e-04 1.08e-05
1.18e+00 1.25e+00 5.45e-02 1.27e+00 5.97e-02 2.20e-04 1.06e-03 5.25e-04 1.72e-04 1.04e-04 1.68e-05
1.18e+00 1.18e+00 5.10e-02 1.20e+00 5.39e-02 3.53e-05 2.14e-04 3.04e-05 1.55e-05 7.27e-06 1.18e-06
1.20e+00 1.26e+00 3.36e-02 1.27e+00 3.42e-02 1.06e-04 1.86e-04 5.01e-04 2.46e-04 1.55e-04 2.35e-05
1.18e+00 1.23e+00 3.73e-02 1.23e+00 3.76e-02 2.68e-04 5.86e-04 5.67e-04 2.84e-04 1.40e-04 1.37e-05
1.17e+00 1.18e+00 5.13e-02 1.19e+00 5.16e-02 4.69e-05 2.64e-04 4.14e-05 1.86e-05 1.03e-05 1.25e-06
1.19e+00 1.19e+00 2.16e-02 1.19e+00 2.16e-02 3.05e-04 1.04e-03 2.42e-04 1.10e-04 1.03e-04 9.20e-06
1.16e+00 1.04e+00 2.91e-02 1.04e+00 2.95e-02 3.31e-06 4.40e-03 5.67e-04 2.38e-04 1.41e-04 1.80e-05
1.19e+00 1.29e+00 3.70e-02 1.28e+00 3.74e-02 2.64e-05 1.08e-04 5.03e-04 2.42e-04 1.44e-04 1.68e-05
1.16e+00 1.17e+00 1.13e-02 1.17e+00 1.15e-02 3.68e-04 5.00e-04 6.13e-04 3.87e-04 2.13e-04 2.44e-05
1.15e+00 1.15e+00 1.21e-02 1.15e+00 1.22e-02 7.07e-08 1.67e-07 5.84e-08 5.38e-08 2.67e-08 6.57e-09
1.20e+00 1.25e+00 8.82e-03 1.25e+00 9.54e-03 1.35e-11 1.36e-11 5.97e-04 4.98e-04 1.95e-04 1.80e-05
1.19e+00 1.26e+00 1.03e-02 1.26e+00 1.03e-02 6.24e-12 3.25e-09 5.85e-04 3.44e-04 3.44e-04 8.52e-05
1.19e+00 1.08e+00 2.17e-02 1.07e+00 2.23e-02 1.18e-08 4.22e-03 5.94e-04 4.08e-04 2.22e-04 3.94e-05
1.15e+00 1.31e+00 5.02e-03 1.31e+00 5.03e-03 2.20e-208 2.20e-208 6.59e-04 6.59e-04 1.19e-04 1.03e-04
1.15e+00 1.06e+00 2.04e-02 1.05e+00 2.25e-02 2.15e-07 3.03e-03 5.54e-04 3.06e-04 1.33e-04 1.80e-05
1.21e+00 1.27e+00 3.26e-02 1.27e+00 3.27e-02 9.64e-05 1.64e-04 5.48e-04 2.06e-04 1.32e-04 2.03e-05
1.17e+00 1.16e+00 6.88e-02 1.15e+00 6.94e-02 2.46e-06 1.91e-05 2.09e-06 9.18e-07 5.23e-07 7.65e-08
1.17e+00 1.08e+00 8.93e-03 1.08e+00 9.03e-03 2.26e-20 1.76e-03 7.11e-04 5.82e-04 3.47e-04 5.36e-05
1.20e+00 1.13e+00 1.13e-01 1.05e+00 1.37e-01 5.35e-06 4.75e-03 5.72e-04 1.84e-04 7.92e-05 1.08e-05
1.17e+00 1.20e+00 2.88e-02 1.20e+00 2.88e-02 3.62e-04 1.00e-03 5.79e-04 2.55e-04 1.48e-04 2.07e-05
1.16e+00 1.12e+00 8.08e-02 1.11e+00 8.11e-02 2.59e-04 5.90e-03 5.85e-04 3.26e-04 1.31e-04 1.42e-05
1.17e+00 1.20e+00 2.86e-02 1.21e+00 2.93e-02 2.23e-04 5.61e-04 5.09e-04 2.66e-04 1.59e-04 1.95e-05
1.18e+00 1.25e+00 6.30e-03 1.25e+00 6.45e-03 3.84e-28 3.84e-28 5.97e-04 2.46e-04 2.46e-04 1.20e-04
1.18e+00 1.22e+00 4.08e-03 1.22e+00 4.53e-03 2.73e-32 2.73e-32 6.81e-04 6.81e-04 6.81e-04 1.71e-04
1.21e+00 1.14e+00 7.60e-02 1.09e+00 8.91e-02 3.99e-04 1.06e-02 5.24e-04 2.21e-04 1.50e-04 1.78e-05
1.17e+00 1.09e+00 1.07e-02 1.09e+00 1.07e-02 4.72e-12 1.87e-03 7.09e-04 4.03e-04 1.43e-04 1.28e-04
1.21e+00 1.44e+00 3.26e-02 1.44e+00 3.29e-02 2.26e-20 1.12e-09 4.70e-08 1.99e-08 1.19e-08 1.93e-09
1.16e+00 1.23e+00 5.51e-03 1.23e+00 6.09e-03 8.12e-59 8.12e-59 6.79e-04 3.38e-04 3.38e-04 5.80e-05
1.18e+00 1.17e+00 3.98e-02 1.15e+00 4.33e-02 5.55e-04 4.51e-03 5.71e-04 2.59e-04 1.26e-04 2.10e-05
1.15e+00 1.29e+00 5.07e-03 1.29e+00 5.44e-03 6.50e-144 6.50e-144 6.64e-04 6.64e-04 2.24e-04 4.34e-05
1.18e+00 1.12e+00 6.44e-02 1.09e+00 7.12e-02 1.10e-04 6.73e-03 5.53e-04 2.99e-04 1.14e-04 2.14e-05
1.21e+00 1.12e+00 4.55e-02 1.12e+00 4.57e-02 1.49e-04 7.86e-03 5.62e-04 2.51e-04 1.31e-04 2.12e-05
1.18e+00 1.09e+00 1.43e-02 1.09e+00 1.43e-02 4.47e-10 2.59e-03 5.67e-04 3.17e-04 2.82e-04 5.35e-05
1.20e+00 1.21e+00 4.73e-02 1.22e+00 4.82e-02 1.44e-04 7.69e-04 1.25e-04 6.08e-05 3.24e-05 3.95e-06
1.16e+00 1.15e+00 3.49e-02 1.16e+00 3.53e-02 8.32e-06 4.63e-05 7.42e-06 3.56e-06 2.39e-06 4.61e-07
1.17e+00 1.42e+00 1.62e-01 1.49e+00 1.76e-01 3.73e-08 7.79e-06 2.73e-06 1.06e-06 5.96e-07 8.28e-08
1.19e+00 1.14e+00 9.64e-02 1.13e+00 9.71e-02 3.89e-04 9.19e-03 5.50e-04 1.90e-04 1.02e-04 1.06e-05
1.19e+00 1.23e+00 1.09e-02 1.23e+00 1.11e-02 2.74e-06 2.93e-06 6.21e-04 3.31e-04 1.69e-04 2.18e-05
1.19e+00 1.21e+00 2.76e-02 1.21e+00 2.76e-02 4.41e-04 1.15e-03 5.94e-04 2.34e-04 1.27e-04 2.75e-05
1.16e+00 1.12e+00 3.62e-02 1.13e+00 3.68e-02 2.28e-06 3.07e-05 3.00e-06 1.22e-06 7.75e-07 2.13e-07
1.19e+00 1.11e+00 1.31e-02 1.11e+00 1.31e-02 7.93e-09 2.46e-03 5.80e-04 2.30e-04 2.27e-04 4.61e-05
1.19e+00 1.05e+00 5.14e-03 1.05e+00 6.38e-03 4.38e-09 1.16e-03 7.16e-04 4.43e-04 4.43e-04 4.43e-04
1.17e+00 1.26e+00 1.41e-02 1.26e+00 1.41e-02 2.20e-09 3.50e-09 6.72e-04 1.86e-04 1.86e-04 2.03e-05
1.16e+00 1.02e+00 1.11e-02 1.02e+00 1.15e-02 4.95e-22 2.06e-03 7.21e-04 3.59e-04 2.54e-04 2.90e-05
1.19e+00 1.23e+00 1.48e-02 1.23e+00 1.48e-02 1.36e-05 1.65e-05 5.15e-04 2.56e-04 2.40e-04 2.18e-05
1.19e+00 1.22e+00 5.39e-02 1.24e+00 5.82e-02 6.01e-05 7.90e-04 5.61e-04 2.28e-04 1.19e-04 1.02e-05
1.16e+00 1.26e+00 2.10e-02 1.26e+00 2.10e-02 8.90e-06 3.60e-05 5.30e-04 2.30e-04 2.13e-04 2.03e-05
1.15e+00 1.06e+00 1.64e-02 1.05e+00 1.86e-02 1.72e-08 2.74e-03 5.94e-04 4.28e-04 2.66e-04 2.52e-05
1.16e+00 1.33e+00 2.01e-02 1.34e+00 2.37e-02 1.22e-35 1.22e-35 4.89e-04 1.85e-04 1.16e-04 1.73e-05
1.18e+00 1.23e+00 2.79e-02 1.23e+00 2.83e-02 1.81e-05 3.81e-05 8.15e-05 4.44e-05 2.46e-05 2.41e-06
1.18e+00 1.23e+00 5.46e-02 1.23e+00 5.47e-02 3.32e-04 1.13e-03 5.35e-04 2.20e-04 1.01e-04 1.75e-05
1.15e+00 1.05e+00 1.58e-02 1.04e+00 1.67e-02 2.83e-10 2.61e-03 6.57e-04 3.32e-04 1.73e-04 1.80e-05
1.16e+00 1.09e+00 4.25e-02 1.09e+00 4.27e-02 4.57e-05 5.59e-03 5.92e-04 3.07e-04 2.10e-04 1.78e-05
1.16e+00 1.04e+00 1.32e-02 1.04e+00 1.38e-02 5.11e-11 2.15e-03 7.18e-04 2.63e-04 1.26e-04 2.17e-05
1.16e+00 1.13e+00 3.99e-02 1.12e+00 4.05e-02 4.92e-04 5.81e-03 5.62e-04 2.86e-04 1.73e-04 2.47e-05
1.16e+00 1.16e+00 6.80e-02 1.11e+00 8.38e-02 3.22e-04 5.55e-03 4.89e-04 2.20e-04 1.84e-04 2.84e-05
1.20e+00 1.23e+00 7.50e-03 1.24e+00 9.02e-03 1.28e-06 1.28e-06 6.77e-04 6.49e-04 6.49e-04 1.09e-04
1.19e+00 1.23e+00 3.22e-02 1.24e+00 3.26e-02 4.31e-05 1.78e-04 5.78e-04 3.03e-04 1.77e-04 1.70e-05
1.15e+00 1.38e+00 1.67e-02 1.37e+00 1.93e-02 1.33e-39 2.15e-29 4.42e-04 2.65e-04 1.54e-04 1.84e-05
1.17e+00 1.20e+00 1.14e-02 1.20e+00 1.15e-02 3.40e-05 3.83e-05 6.57e-04 4.00e-04 1.75e-04 3.63e-05
1.18e+00 1.17e+00 7.32e-02 1.16e+00 7.36e-02 5.78e-04 5.57e-03 5.56e-04 2.52e-04 1.57e-04 1.75e-05
1.16e+00 1.12e+00 5.11e-02 1.11e+00 5.22e-02 4.78e-04 7.47e-03 5.71e-04 2.87e-04 1.42e-04 2.13e-05
1.17e+00 1.18e+00 5.24e-02 1.16e+00 5.80e-02 6.85e-04 3.49e-03 5.48e-04 3.39e-04 1.61e-04 2.44e-05
1.16e+00 1.28e+00 1.39e-02 1.28e+00 1.39e-02 5.08e-09 7.79e-09 5.66e-04 2.65e-04 2.04e-04 6.03e-05
1.19e+00 1.21e+00 3.35e-02 1.22e+00 3.48e-02 5.15e-05 1.71e-04 6.36e-05 2.78e-05 1.32e-05 1.83e-06
1.16e+00 1.39e+00 1.26e-02 1.39e+00 1.26e-02 1.05e-57 1.05e-57 4.84e-04 4.30e-04 1.70e-04 3.21e-05
1.20e+00 1.06e+00 4.52e-02 1.05e+00 4.71e-02 2.57e-07 4.45e-03 6.05e-04 2.16e-04 1.87e-04 1.08e-05
1.15e+00 1.04e+00 8.70e-03 1.04e+00 9.25e-03 4.52e-29 1.33e-03 7.18e-04 3.07e-04 1.52e-04 1.44e-05
1.19e+00 1.22e+00 2.97e-02 1.23e+00 3.05e-02 3.53e-04 9.46e-04 5.66e-04 3.17e-04 1.77e-04 2.73e-05
1.19e+00 1.08e+00 4.16e-02 1.05e+00 5.18e-02 6.89e-06 4.18e-03 5.69e-04 3.46e-04 1.44e-04 1.80e-05
1.15e+00 1.06e+00 9.24e-02 1.01e+00 1.03e-01 3.81e-06 3.98e-03 6.47e-04 2.51e-04 1.16e-04 1.82e-05
1.16e+00 1.14e+00 2.01e-02 1.14e+00 2.01e-02 5.04e-04 3.19e-03 6.29e-04 2.95e-04 2.35e-04 2.46e-05
1.15e+00 1.52e+00 1.40e-01 1.60e+00 1.62e-01 3.61e-06 7.01e-04 4.81e-04 2.16e-04 1.08e-04 1.17e-05
1.19e+00 1.28e+00 1.23e-02 1.27e+00 1.34e-02 1.67e-14 1.77e-07 5.41e-04 2.74e-04 2.68e-04 5.47e-05
1.16e+00 1.26e+00 5.99e-03 1.26e+00 7.14e-03 1.11e-63 2.74e-23 5.85e-04 4.03e-04 4.03e-04 2.35e-05
1.16e+00 1.13e+00 3.21e-02 1.13e+00 3.24e-02 4.04e-04 4.16e-03 5.36e-04 2.11e-04 1.27e-04 1.76e-05
1.19e+00 1.18e+00 1.22e-02 1.18e+00 1.27e-02 5.06e-04 1.66e-03 6.91e-04 3.78e-04 2.43e-04 7.63e-05
1.19e+00 1.45e+00 4.91e-01 9.90e-01 6.75e-01 4.74e-06 8.69e-03 4.78e-04 9.85e-05 6.20e-05 7.30e-06
1.16e+00 1.20e+00 6.80e-02 1.23e+00 7.62e-02 8.18e-05 1.90e-03 5.48e-04 1.54e-04 9.60e-05 1.37e-05
1.16e+00 1.45e+00 6.64e-03 1.45e+00 6.94e-03 2.84e-52 3.14e-36 6.22e-04 2.91e-04 2.91e-04 2.19e-05
1.19e+00 1.26e+00 2.88e-02 1.26e+00 2.90e-02 2.26e-06 3.24e-06 5.01e-04 2.67e-04 1.59e-04 1.69e-05
1.16e+00 1.08e+00 2.44e-02 1.08e+00 2.44e-02 1.17e-06 3.87e-03 6.22e-04 4.40e-04 2.43e-04 3.93e-05
1.20e+00 1.18e+00 5.54e-02 1.15e+00 6.49e-02 4.95e-04 5.72e-03 6.17e-04 2.24e-04 1.30e-04 1.75e-05
1.16e+00 1.20e+00 1.96e-02 1.20e+00 1.96e-02 1.15e-04 1.87e-04 5.58e-04 2.01e-04 1.98e-04 3.63e-05
1.20e+00 1.10e+00 1.85e-02 1.10e+00 1.86e-02 3.13e-07 3.07e-03 6.26e-04 3.27e-04 1.78e-04 1.78e-05
1.21e+00 1.32e+00 7.34e-03 1.32e+00 8.29e-03 2.12e-54 2.12e-54 6.57e-04 4.92e-04 4.92e-04 7.26e-05
1.21e+00 1.19e+00 1.53e-02 1.20e+00 1.63e-02 4.81e-04 2.21e-03 6.04e-04 3.70e-04 1.55e-04 2.97e-05
1.20e+00 1.15e+00 2.51e-02 1.15e+00 2.51e-02 8.69e-05 4.03e-03 5.64e-04 2.87e-04 1.86e-04 2.45e-05
1.19e+00 1.46e+00 1.26e-02 1.46e+00 1.26e-02 2.36e-39 1.41e-23 2.08e-13 1.67e-13 8.14e-14 1.47e-14
1.15e+00 1.04e+00 1.34e-02 1.04e+00 1.40e-02 1.43e-11 2.17e-03 7.18e-04 2.67e-04 1.26e-04 2.53e-05
1.19e+00 1.22e+00 2.38e-02 1.22e+00 2.40e-02 9.09e-05 1.95e-04 2.13e-04 8.41e-05 5.52e-05 6.00e-06
1.16e+00 1.05e+00 1.45e-02 1.05e+00 1.47e-02 1.10e-10 2.37e-03 5.33e-04 2.84e-04 1.30e-04 3.96e-05
1.17e+00 1.06e+00 1.74e-02 1.06e+00 1.79e-02 4.72e-11 3.21e-03 5.53e-04 2.91e-04 2.30e-04 3.23e-05
1.16e+00 1.19e+00 1.70e-02 1.19e+00 1.71e-02 1.53e-04 2.44e-04 6.59e-04 2.62e-04 1.71e-04 4.03e-05
1.14e+00 1.08e+00 2.27e-02 1.07e+00 2.32e-02 1.42e-05 4.33e-03 5.91e-04 2.65e-04 2.36e-04 2.15e-05
1.17e+00 1.17e+00 4.45e-02 1.16e+00 4.63e-02 6.64e-04 3.66e-03 5.48e-04 2.41e-04 1.19e-04 2.10e-05
1.20e+00 1.07e+00 1.97e-02 1.07e+00 1.98e-02 2.66e-10 3.69e-03 6.31e-04 2.58e-04 2.44e-04 2.15e-05
1.21e+00 1.12e+00 1.15e-02 1.12e+00 1.17e-02 3.31e-11 2.11e-03 7.53e-04 4.69e-04 1.97e-04 4.92e-05
1.19e+00 1.23e+00 1.98e-02 1.23e+00 1.98e-02 9.53e-05 1.53e-04 5.83e-04 2.12e-04 2.05e-04 2.05e-05
1.20e+00 1.04e+00 2.81e-02 1.04e+00 2.84e-02 3.01e-07 3.68e-03 6.64e-04 2.96e-04 1.59e-04 2.53e-05
1.20e+00 1.46e+00 5.00e-03 1.46e+00 6.99e-03 3.08e-204 1.22e-133 6.19e-04 5.94e-04 5.94e-04 5.94e-04
1.20e+00 1.07e+00 2.40e-02 1.05e+00 3.13e-02 1.30e-06 4.16e-03 6.55e-04 3.82e-04 1.66e-04 3.60e-05
1.16e+00 1.08e+00 1.00e-01 1.06e+00 1.01e-01 2.38e-05 6.07e-03 5.64e-04 2.62e-04 1.54e-04 1.08e-05
1.19e+00 1.35e+00 1.90e-01 1.22e+00 2.28e-01 3.99e-04 3.61e-03 3.24e-04 1.29e-04 7.12e-05 9.19e-06
1.15e+00 1.17e+00 2.52e-02 1.17e+00 2.53e-02 5.29e-04 1.35e-03 5.78e-04 3.20e-04 1.78e-04 1.74e-05
1.16e+00 1.05e+00 8.57e-02 1.07e+00 8.72e-02 8.33e-05 5.86e-03 5.16e-04 2.11e-04 1.25e-04 1.43e-05
1.18e+00 1.20e+00 2.36e-02 1.20e+00 2.36e-02 4.88e-07 1.19e-06 7.79e-07 3.92e-07 2.12e-07 3.30e-08
1.15e+00 1.07e+00 2.12e-02 1.05e+00 2.97e-02 1.73e-06 4.17e-03 6.84e-04 3.20e-04 3.06e-04 2.52e-05
1.16e+00 1.23e+00 3.87e-02 1.23e+00 3.87e-02 8.45e-06 2.18e-04 5.84e-04 2.12e-04 2.01e-04 1.02e-05
1.20e+00 1.22e+00 3.58e-02 1.22e+00 3.60e-02 2.55e-05 8.02e-05 2.86e-05 1.16e-05 6.65e-06 9.24e-07
1.17e+00 1.27e+00 3.92e-03 1.27e+00 4.24e-03 1.98e-117 1.98e-117 6.69e-04 6.69e-04 6.69e-04 1.38e-04
1.19e+00 1.26e+00 2.57e-02 1.26e+00 2.57e-02 1.14e-06 1.26e-06 4.76e-04 3.11e-04 1.22e-04 2.03e-05
1.17e+00 1.05e+00 1.14e-02 1.05e+00 1.15e-02 3.00e-15 1.88e-03 7.16e-04 3.89e-04 1.62e-04 4.68e-05
1.17e+00 1.13e+00 1.02e-01 1.11e+00 1.05e-01 3.44e-04 7.05e-03 5.39e-04 2.48e-04 1.60e-04 1.06e-05
1.21e+00 1.30e+00 6.03e-02 1.33e+00 6.78e-02 2.38e-04 9.86e-04 5.20e-04 1.94e-04 1.35e-04 2.30e-05
1.18e+00 1.16e+00 1.04e-01 1.11e+00 1.15e-01 6.00e-04 9.37e-03 5.56e-04 2.98e-04 2.09e-04 2.13e-05
1.20e+00 1.25e+00 5.41e-03 1.25e+00 7.21e-03 1.10e-27 1.10e-27 6.74e-04 6.10e-04 6.10e-04 6.10e-04
1.20e+00 1.17e+00 6.70e-02 1.11e+00 9.30e-02 2.72e-04 5.56e-03 5.32e-04 2.41e-04 1.74e-04 3.90e-05
1.14e+00 1.07e+00 4.43e-02 1.05e+00 4.81e-02 1.52e-05 3.94e-03 5.76e-04 3.20e-04 1.91e-04 1.08e-05
1.18e+00 1.26e+00 6.65e-03 1.26e+00 8.31e-03 4.75e-50 4.98e-50 6.72e-04 6.18e-04 6.18e-04 6.08e-05
1.16e+00 1.21e+00 2.30e-02 1.21e+00 2.32e-02 5.40e-06 1.13e-05 2.99e-05 1.30e-05 7.48e-06 1.22e-06
1.17e+00 1.21e+00 4.03e-02 1.21e+00 4.03e-02 3.64e-04 9.83e-04 5.98e-04 2.71e-04 1.58e-04 1.37e-05
1.15e+00 1.06e+00 1.38e-02 1.05e+00 1.51e-02 2.61e-10 2.09e-03 7.16e-04 2.95e-04 2.95e-04 1.44e-05
1.15e+00 1.23e+00 1.90e-02 1.23e+00 1.91e-02 7.55e-07 9.92e-07 6.02e-04 2.96e-04 1.44e-04 2.18e-05
1.16e+00 1.45e+00 7.92e-03 1.45e+00 8.34e-03 2.99e-136 2.76e-120 6.22e-04 6.22e-04 1.97e-04 2.19e-05
1.21e+00 1.58e+00 1.27e-01 1.56e+00 1.28e-01 1.69e-06 1.43e-04 4.51e-04 1.88e-04 1.22e-04 8.95e-06
1.18e+00 1.11e+00 5.86e-02 1.08e+00 6.51e-02 2.16e-05 3.23e-03 5.93e-04 2.50e-04 1.72e-04 3.22e-05
1.15e+00 1.54e+00 1.26e-01 1.47e+00 1.43e-01 3.21e-06 3.22e-04 4.90e-04 2.37e-04 1.30e-04 9.49e-06
1.20e+00 1.23e+00 5.04e-02 1.24e+00 5.22e-02 7.52e-05 8.64e-04 5.58e-04 1.97e-04 1.02e-04 1.70e-05
1.17e+00 1.13e+00 3.95e-02 1.12e+00 4.08e-02 3.48e-04 5.58e-03 5.80e-04 2.62e-04 1.45e-04 2.47e-05
1.19e+00 1.33e+00 6.50e-02 1.26e+00 9.89e-02 1.45e-08 1.51e-08 4.12e-04 2.03e-04 1.49e-04 2.36e-05
1.16e+00 1.25e+00 9.62e-03 1.24e+00 1.34e-02 6.60e-91 6.60e-91 6.77e-04 6.26e-04 6.26e-04 1.67e-04
1.18e+00 1.13e+00 1.59e-02 1.13e+00 1.60e-02 6.60e-06 2.99e-03 6.70e-04 3.91e-04 3.91e-04 4.23e-05
1.16e+00 9.79e-01 3.64e-03 9.80e-01 3.83e-03 6.49e-63 2.88e-04 2.46e-04 2.46e-04 2.46e-04 3.95e-05
1.20e+00 1.14e+00 4.02e-02 1.13e+00 4.13e-02 4.25e-09 2.49e-07 2.83e-08 1.40e-08 5.86e-09 8.13e-10
1.21e+00 1.14e+00 3.54e-02 1.14e+00 3.57e-02 8.52e-06 2.90e-04 2.68e-05 1.08e-05 6.74e-06 1.32e-06
1.17e+00 1.23e+00 6.18e-03 1.23e+00 6.87e-03 1.18e-31 1.18e-31 6.79e-04 4.50e-04 4.50e-04 9.21e-05
1.16e+00 1.23e+00 4.90e-03 1.23e+00 6.11e-03 3.49e-46 2.91e-40 6.79e-04 3.99e-04 3.99e-04 3.99e-04
1.20e+00 1.14e+00 1.18e-01 1.24e+00 1.57e-01 2.21e-04 4.39e-03 5.02e-04 2.14e-04 1.35e-04 1.22e-05
1.21e+00 1.35e+00 3.85e-01 1.08e+00 4.69e-01 9.06e-05 9.73e-03 5.04e-04 1.36e-04 6.07e-05 7.15e-06
1.17e+00 1.12e+00 3.57e-02 1.13e+00 3.63e-02 2.72e-04 6.10e-03 5.96e-04 2.50e-04 1.59e-04 2.82e-05
1.19e+00 1.16e+00 6.95e-02 1.20e+00 7.95e-02 6.64e-04 6.91e-03 5.68e-04 2.32e-04 1.88e-04 3.62e-05
1.17e+00 1.18e+00 3.72e-01 9.70e-01 4.26e-01 4.72e-06 9.09e-03 5.35e-04 1.39e-04 5.13e-05 7.32e-06
1.21e+00 1.24e+00 5.17e-02 1.25e+00 5.23e-02 3.85e-04 1.44e-03 5.63e-04 2.61e-04 1.10e-04 1.37e-05
1.16e+00 1.42e+00 4.18e-02 1.45e+00 4.89e-02 4.05e-18 6.37e-18 4.85e-04 1.56e-04 1.06e-04 1.56e-05
1.19e+00 1.28e+00 2.31e-02 1.28e+00 2.34e-02 1.98e-07 2.08e-07 5.66e-04 2.25e-04 1.88e-04 1.68e-05
1.21e+00 1.32e+00 9.18e-02 1.27e+00 1.05e-01 4.25e-04 1.86e-03 6.37e-04 2.94e-04 1.79e-04 1.53e-05
1.16e+00 1.11e+00 3.74e-02 1.12e+00 3.88e-02 5.56e-06 1.36e-04 1.13e-05 5.49e-06 3.07e-06 4.99e-07
1.15e+00 1.07e+00 5.95e-02 1.04e+00 6.47e-02 1.11e-04 6.74e-03 5.65e-04 1.85e-04 1.12e-04 1.45e-05
1.20e+00 1.16e+00 3.99e-02 1.16e+00 4.00e-02 4.70e-04 6.17e-03 5.73e-04 2.65e-04 1.47e-04 2.44e-05
1.16e+00 1.13e+00 3.20e-02 1.13e+00 3.20e-02 3.99e-04 4.55e-03 6.20e-04 2.54e-04 1.73e-04 2.82e-05
1.17e+00 1.09e+00 4.42e-02 1.08e+00 4.64e-02 1.37e-04 7.40e-03 5.74e-04 2.42e-04 1.57e-04 2.50e-05
1.20e+00 1.45e+00 1.09e-02 1.45e+00 1.10e-02 4.11e-25 4.12e-25 6.22e-04 3.03e-04 3.03e-04 1.56e-05
1.16e+00 1.11e+00 3.62e-02 1.12e+00 3.66e-02 1.38e-06 2.44e-05 2.31e-06 1.15e-06 7.16e-07 1.02e-07
1.21e+00 1.17e+00 2.04e-01 1.07e+00 2.27e-01 5.20e-05 8.82e-03 5.45e-04 1.90e-04 8.60e-05 7.17e-06
1.17e+00 1.13e+00 3.45e-02 1.13e+00 3.49e-02 3.01e-04 5.82e-03 5.78e-04 3.17e-04 2.08e-04 3.17e-05
1.18e+00 1.13e+00 4.03e-02 1.13e+00 4.04e-02 3.24e-04 6.80e-03 5.78e-04 2.75e-04 1.48e-04 2.11e-05
1.15e+00 1.27e+00 1.09e-02 1.27e+00 1.09e-02 2.61e-20 3.52e-20 6.69e-04 4.04e-04 1.28e-04 2.35e-05
1.17e+00 1.24e+00 7.54e-02 1.19e+00 8.83e-02 5.18e-04 1.99e-03 4.64e-04 1.90e-04 1.14e-04 1.73e-05
1.19e+00 1.16e+00 2.20e-01 1.07e+00 2.37e-01 1.67e-04 9.24e-03 5.62e-04 2.11e-04 9.67e-05 7.17e-06
1.18e+00 1.39e+00 9.80e-02 1.44e+00 1.09e-01 4.51e-07 5.78e-07 4.62e-04 2.37e-04 1.27e-04 9.49e-06
1.17e+00 1.11e+00 3.93e-02 1.11e+00 3.96e-02 2.52e-04 6.70e-03 5.81e-04 2.76e-04 1.84e-04 2.13e-05
1.17e+00 1.12e+00 4.17e-02 1.12e+00 4.17e-02 3.42e-04 6.87e-03 5.80e-04 2.58e-04 1.73e-04 1.77e-05
1.22e+00 1.33e+00 6.82e-02 1.26e+00 9.54e-02 6.68e-05 8.61e-05 3.75e-04 1.49e-04 1.35e-04 1.69e-05
1.24e+00 1.19e+00 1.42e-02 1.19e+00 1.42e-02 1.18e-07 2.35e-03 5.89e-04 2.66e-04 2.15e-04 2.35e-05
1.24e+00 1.23e+00 1.20e-01 1.29e+00 1.33e-01 1.26e-04 1.70e-03 4.44e-04 1.66e-04 8.56e-05 1.10e-05
1.22e+00 1.46e+00 8.40e-03 1.46e+00 8.41e-03 5.06e-36 1.09e-28 6.19e-04 3.14e-04 3.14e-04 2.49e-05
1.25e+00 1.28e+00 5.49e-02 1.32e+00 6.72e-02 4.45e-04 2.94e-03 5.12e-04 2.28e-04 1.65e-04 1.98e-05
1.24e+00 1.26e+00 6.80e-03 1.26e+00 7.62e-03 1.17e-06 1.17e-06 5.85e-04 3.97e-04 3.97e-04 3.82e-05
1.22e+00 1.24e+00 1.02e-01 1.22e+00 1.03e-01 1.20e-03 1.08e-02 8.86e-04 3.49e-04 2.17e-04 1.81e-05
1.23e+00 1.25e+00 9.30e-03 1.25e+00 9.88e-03 2.26e-05 2.34e-05 5.97e-04 2.25e-04 2.25e-04 2.70e-05
1.22e+00 1.19e+00 5.17e-02 1.18e+00 5.25e-02 3.51e-04 6.28e-03 5.83e-04 2.67e-04 1.32e-04 1.74e-05
1.21e+00 1.22e+00 3.66e-02 1.22e+00 3.67e-02 5.84e-05 1.97e-04 5.62e-05 2.20e-05 1.43e-05 1.33e-06
1.22e+00 1.20e+00 6.01e-03 1.20e+00 6.07e-03 2.17e-06 1.01e-03 6.57e-04 2.18e-04 2.18e-04 1.29e-04
1.22e+00 1.07e+00 3.52e-02 1.06e+00 3.61e-02 5.84e-08 1.50e-03 1.47e-04 6.30e-05 3.65e-05 4.57e-06
1.22e+00 1.18e+00 2.18e-02 1.18e+00 2.20e-02 5.78e-05 3.77e-03 5.79e-04 3.01e-04 1.81e-04 3.77e-05
1.24e+00 1.25e+00 7.36e-03 1.25e+00 7.42e-03 3.49e-04 4.36e-04 5.97e-04 2.88e-04 1.98e-04 2.10e-05
1.21e+00 1.20e+00 1.64e-02 1.20e+00 1.64e-02 1.03e-04 3.33e-04 9.76e-05 4.97e-05 4.46e-05 3.39e-06
1.25e+00 1.22e+00 7.91e-02 1.23e+00 8.00e-02 6.09e-04 7.74e-03 5.22e-04 2.25e-04 1.19e-04 1.71e-05
1.21e+00 1.26e+00 4.25e-02 1.26e+00 4.27e-02 1.46e-04 3.82e-04 4.94e-04 2.20e-04 1.06e-04 8.82e-06
1.25e+00 1.22e+00 2.02e-02 1.21e+00 2.30e-02 3.46e-05 9.65e-04 6.84e-04 6.84e-04 1.20e-04 2.06e-05
1.21e+00 1.39e+00 4.70e-02 1.44e+00 6.68e-02 2.37e-10 2.55e-10 5.18e-04 1.47e-04 1.44e-04 2.82e-05
1.22e+00 1.11e+00 1.21e-02 1.11e+00 1.21e-02 2.30e-15 1.99e-03 7.05e-04 4.32e-04 1.74e-04 1.77e-05
1.23e+00 1.27e+00 3.11e-02 1.26e+00 3.21e-02 2.53e-04 5.29e-04 4.98e-04 2.67e-04 1.20e-04 1.47e-05
1.21e+00 1.32e+00 6.37e-02 1.26e+00 8.92e-02 3.10e-09 3.10e-09 6.72e-04 1.05e-04 5.74e-05 1.69e-05
1.25e+00 1.40e+00 1.94e-01 1.54e+00 2.41e-01 7.67e-29 3.14e-17 1.65e-17 7.15e-18 3.45e-18 6.03e-19
1.23e+00 1.12e+00 2.00e-02 1.12e+00 2.03e-02 2.17e-10 3.62e-03 6.26e-04 3.43e-04 1.77e-04 5.30e-05
1.25e+00 1.25e+00 1.22e-01 1.29e+00 1.30e-01 3.68e-04 2.49e-03 4.31e-04 1.35e-04 7.45e-05 1.10e-05
1.21e+00 1.22e+00 1.53e-02 1.22e+00 1.55e-02 5.68e-04 1.18e-03 5.47e-04 3.09e-04 2.07e-04 3.82e-05
1.21e+00 1.21e+00 6.25e-02 1.23e+00 6.46e-02 4.23e-04 2.17e-03 4.95e-04 2.11e-04 8.65e-05 1.38e-05
1.24e+00 1.28e+00 5.37e-02 1.24e+00 6.63e-02 7.24e-04 2.76e-03 5.89e-04 2.98e-04 1.69e-04 2.21e-05
1.21e+00 1.07e+00 1.19e-02 1.07e+00 1.19e-02 1.49e-23 1.97e-03 7.13e-04 3.98e-04 1.68e-04 2.87e-05
1.23e+00 1.10e+00 5.39e-02 1.08e+00 5.60e-02 6.50e-05 7.08e-03 6.54e-04 2.15e-04 1.29e-04 1.43e-05
1.23e+00 1.23e+00 2.73e-02 1.23e+00 2.73e-02 1.21e-04 4.28e-04 1.11e-04 5.84e-05 3.48e-05 3.73e-06
1.24e+00 1.17e+00 4.18e-02 1.15e+00 4.56e-02 7.13e-05 5.52e-03 5.53e-04 3.26e-04 1.72e-04 2.45e-05
1.24e+00 1.58e+00 3.69e-02 1.58e+00 3.69e-02 9.92e-12 1.05e-07 3.63e-06 1.93e-06 9.76e-07 2.12e-07
1.24e+00 1.28e+00 6.08e-03 1.28e+00 6.67e-03 5.52e-10 5.56e-10 6.67e-04 3.45e-04 3.45e-04 7.71e-05
1.21e+00 1.44e+00 8.69e-03 1.45e+00 1.09e-02 5.68e-28 5.68e-28 6.22e-04 5.97e-04 1.91e-04 5.62e-05
1.21e+00 1.35e+00 1.12e-02 1.36e+00 1.24e-02 1.04e-24 1.04e-24 4.69e-04 1.74e-04 1.72e-04 3.06e-05
1.24e+00 1.17e+00 1.98e-02 1.17e+00 1.98e-02 9.27e-08 3.55e-03 6.10e-04 2.65e-04 2.13e-04 4.18e-05
1.23e+00 1.28e+00 6.68e-02 1.30e+00 7.03e-02 4.59e-04 2.84e-03 5.02e-04 2.15e-04 1.38e-04 1.73e-05
1.24e+00 1.46e+00 1.35e-02 1.46e+00 1.37e-02 5.57e-22 5.68e-22 6.19e-04 3.64e-04 2.02e-04 1.56e-05
1.24e+00 1.19e+00 3.90e-02 1.19e+00 3.92e-02 3.26e-04 5.77e-03 5.60e-04 2.49e-04 1.52e-04 2.08e-05
1.23e+00 1.28e+00 8.38e-03 1.28e+00 8.59e-03 6.10e-11 6.10e-11 5.61e-04 3.41e-04 2.14e-04 5.92e-05
1.25e+00 1.07e+00 1.84e-02 1.05e+00 2.42e-02 1.96e-09 3.10e-03 6.05e-04 2.84e-04 2.66e-04 3.60e-05
1.26e+00 1.19e+00 1.89e-02 1.20e+00 2.04e-02 2.00e-07 3.03e-03 6.21e-04 2.45e-04 2.14e-04 3.10e-05
1.23e+00 1.37e+00 1.61e-02 1.37e+00 1.62e-02 1.44e-21 1.44e-21 4.37e-04 2.58e-04 9.67e-05 2.07e-05
1.25e+00 1.34e+00 1.62e-02 1.34e+00 1.69e-02 6.84e-11 6.96e-11 4.82e-04 1.68e-04 1.56e-04 4.94e-05
1.24e+00 1.27e+00 2.49e-01 1.08e+00 3.15e-01 7.97e-06 8.10e-03 5.22e-04 1.57e-04 9.65e-05 1.43e-05
1.24e+00 1.28e+00 3.16e-02 1.27e+00 3.21e-02 3.40e-04 7.57e-04 5.65e-04 2.46e-04 1.38e-04 2.69e-05
1.23e+00 1.22e+00 1.02e-01 1.26e+00 1.11e-01 4.04e-04 2.54e-03 4.67e-04 1.38e-04 9.11e-05 1.18e-05
1.21e+00 1.10e+00 1.27e-02 1.10e+00 1.29e-02 1.36e-14 2.47e-03 6.35e-04 4.99e-04 2.81e-04 3.12e-05
1.23e+00 1.13e+00 3.73e-02 1.13e+00 3.75e-02 3.85e-09 5.89e-06 6.27e-07 2.80e-07 1.28e-07 2.48e-08
1.24e+00 1.25e+00 1.35e-02 1.24e+00 1.46e-02 5.98e-04 1.28e-03 5.99e-04 3.34e-04 1.20e-04 3.01e-05
1.23e+00 1.29e+00 3.66e-02 1.28e+00 3.70e-02 1.89e-04 3.28e-04 5.68e-04 2.52e-04 1.60e-04 2.04e-05
1.21e+00 1.13e+00 4.99e-02 1.12e+00 5.11e-02 1.63e-04 8.13e-03 5.48e-04 2.47e-04 1.63e-04 2.12e-05
1.21e+00 1.30e+00 6.73e-03 1.30e+00 8.19e-03 1.03e-49 1.03e-49 6.62e-04 5.92e-04 5.92e-04 6.65e-05
1.23e+00 1.15e+00 4.77e-02 1.15e+00 4.78e-02 2.22e-04 8.16e-03 5.75e-04 2.73e-04 1.68e-04 2.10e-05
1.22e+00 1.11e+00 1.09e-02 1.11e+00 1.10e-02 9.77e-16 1.83e-03 7.05e-04 4.08e-04 1.56e-04 2.84e-05
1.23e+00 1.35e+00 9.69e-03 1.35e+00 1.02e-02 8.29e-34 1.33e-09 4.80e-04 1.96e-04 1.96e-04 3.38e-05
1.23e+00 1.26e+00 2.73e-02 1.26e+00 2.73e-02 2.32e-04 4.70e-04 4.67e-04 2.06e-04 1.73e-04 1.76e-05
1.22e+00 1.21e+00 7.37e-03 1.21e+00 7.85e-03 3.50e-04 1.25e-03 6.45e-04 4.38e-04 4.38e-04 4.21e-05
1.23e+00 1.26e+00 1.59e-01 1.06e+00 2.53e-01 2.16e-04 4.85e-03 3.05e-04 1.40e-04 8.03e-05 1.44e-05
1.23e+00 1.20e+00 1.67e-02 1.20e+00 1.68e-02 1.03e-04 2.58e-03 5.32e-04 2.64e-04 1.45e-04 2.31e-05
1.22e+00 1.21e+00 7.24e-03 1.21e+00 7.91e-03 1.13e-04 1.25e-03 6.45e-04 4.28e-04 4.28e-04 5.19e-05
1.21e+00 1.06e+00 1.73e-02 1.05e+00 2.06e-02 1.67e-08 3.07e-03 6.62e-04 3.60e-04 1.84e-04 2.52e-05
1.25e+00 1.48e+00 4.67e-02 1.46e+00 5.01e-02 1.90e-12 2.98e-09 5.26e-04 1.59e-04 6.53e-05 9.33e-06
1.23e+00 1.24e+00 7.03e-03 1.24e+00 7.35e-03 3.77e-04 4.45e-04 6.09e-04 3.46e-04 3.46e-04 2.75e-05
1.24e+00 1.13e+00 2.14e-02 1.13e+00 2.15e-02 5.10e-10 4.00e-03 5.81e-04 3.31e-04 1.44e-04 4.58e-05
1.22e+00 1.27e+00 1.11e-02 1.27e+00 1.12e-02 5.01e-07 5.52e-07 5.73e-04 3.37e-04 1.35e-04 3.17e-05
1.23e+00 1.44e+00 2.46e-02 1.45e+00 2.53e-02 1.21e-08 1.30e-08 4.97e-04 2.88e-04 2.22e-04 9.38e-06
1.22e+00 1.40e+00 5.14e-02 1.34e+00 7.54e-02 1.33e-16 1.33e-16 6.51e-04 3.76e-04 2.88e-04 1.15e-04
1.23e+00 1.36e+00 5.72e-02 1.38e+00 6.04e-02 8.83e-05 2.17e-04 4.96e-04 1.91e-04 1.17e-04 1.95e-05
1.23e+00 1.20e+00 1.01e-02 1.20e+00 1.12e-02 1.22e-04 1.81e-03 6.57e-04 2.38e-04 2.25e-04 3.30e-05
1.24e+00 1.07e+00 1.80e-02 1.07e+00 1.80e-02 4.57e-10 3.37e-03 6.02e-04 4.30e-04 2.11e-04 2.51e-05
1.25e+00 1.27e+00 9.38e-03 1.27e+00 9.39e-03 1.21e-04 1.41e-04 5.73e-04 3.20e-04 3.20e-04 4.61e-05
1.24e+00 1.22e+00 1.02e-02 1.22e+00 1.10e-02 3.49e-04 1.62e-03 6.33e-04 2.61e-04 2.00e-04 2.86e-05
1.25e+00 1.30e+00 6.39e-02 1.34e+00 7.37e-02 2.24e-04 2.06e-03 4.55e-04 2.10e-04 1.18e-04 2.62e-05
1.25e+00 1.18e+00 2.18e-02 1.18e+00 2.22e-02 5.33e-08 3.56e-03 5.24e-04 3.23e-04 1.91e-04 4.86e-05
1.23e+00 1.13e+00 5.30e-02 1.12e+00 5.39e-02 1.48e-04 9.19e-03 5.66e-04 2.44e-04 1.77e-04 2.12e-05
1.24e+00 1.23e+00 6.98e-02 1.24e+00 7.12e-02 6.76e-04 6.00e-03 5.17e-04 1.97e-04 1.19e-04 1.70e-05
1.23e+00 1.25e+00 2.18e-02 1.25e+00 2.20e-02 2.94e-04 5.47e-04 5.13e-04 2.52e-04 1.26e-04 2.10e-05
1.21e+00 1.23e+00 1.21e-02 1.23e+00 1.22e-02 3.35e-04 4.71e-04 4.90e-04 3.93e-04 1.90e-04 2.18e-05
1.24e+00 1.23e+00 6.52e-02 1.26e+00 7.02e-02 6.44e-04 4.66e-03 5.25e-04 1.82e-04 1.22e-04 2.10e-05
1.21e+00 1.22e+00 9.61e-03 1.22e+00 1.03e-02 5.71e-04 9.21e-04 6.33e-04 2.48e-04 2.48e-04 3.50e-05
1.21e+00 1.20e+00 4.40e-02 1.21e+00 4.45e-02 1.37e-05 5.38e-05 1.20e-05 4.58e-06 2.47e-06 2.82e-07
1.21e+00 1.13e+00 3.08e-02 1.13e+00 3.09e-02 3.10e-05 4.74e-03 5.53e-04 2.22e-04 1.23e-04 1.76e-05
1.23e+00 1.08e+00 1.06e-02 1.08e+00 1.09e-02 9.34e-24 1.99e-03 7.11e-04 3.93e-04 1.86e-04 3.22e-05
1.24e+00 1.31e+00 8.16e-03 1.31e+00 8.17e-03 1.05e-24 1.05e-24 5.26e-04 2.54e-04 2.54e-04 1.85e-05
1.25e+00 1.43e+00 1.33e-01 1.44e+00 1.33e-01 4.81e-05 5.38e-04 4.37e-04 1.08e-04 6.65e-05 9.51e-06
1.25e+00 1.12e+00 1.37e-01 1.04e+00 1.59e-01 7.52e-08 2.39e-03 4.69e-04 1.95e-04 8.30e-05 1.08e-05
1.21e+00 1.34e+00 3.29e-02 1.34e+00 3.30e-02 1.09e-09 1.21e-09 4.84e-04 1.57e-04 8.18e-05 1.31e-05
1.26e+00 1.36e+00 8.62e-03 1.36e+00 9.35e-03 9.50e-45 9.50e-45 6.46e-04 5.68e-04 2.11e-04 1.20e-04
1.24e+00 1.22e+00 6.98e-02 1.21e+00 7.11e-02 5.54e-04 6.50e-03 5.39e-04 2.00e-04 1.16e-04 1.75e-05
1.23e+00 1.14e+00 5.07e-02 1.12e+00 5.29e-02 1.08e-04 7.66e-03 5.83e-04 2.33e-04 1.41e-04 1.77e-05
1.24e+00 1.14e+00 1.73e-02 1.14e+00 1.74e-02 7.44e-12 1.01e-03 2.12e-04 1.17e-04 6.03e-05 1.06e-05
1.23e+00 1.09e+00 2.61e-02 1.09e+00 2.61e-02 4.28e-06 4.36e-03 6.52e-04 2.67e-04 1.68e-04 1.78e-05
1.25e+00 1.30e+00 1.02e-02 1.30e+00 1.05e-02 3.69e-11 3.70e-11 5.38e-04 2.43e-04 1.24e-04 6.21e-05
1.23e+00 1.26e+00 9.24e-03 1.26e+00 1.02e-02 3.87e-07 3.90e-07 5.85e-04 5.14e-04 2.00e-04 2.06e-05
1.21e+00 1.47e+00 4.79e-03 1.47e+00 5.94e-03 1.09e-87 1.09e-87 6.16e-04 3.31e-04 3.31e-04 3.31e-04
1.21e+00 1.36e+00 1.34e-02 1.36e+00 1.36e-02 4.26e-26 4.26e-26 3.77e-04 1.79e-04 9.43e-05 1.41e-05
1.23e+00 1.24e+00 7.41e-03 1.24e+00 7.43e-03 1.87e-04 1.98e-04 6.09e-04 2.72e-04 2.20e-04 2.14e-05
1.23e+00 1.52e+00 3.95e-02 1.53e+00 4.00e-02 3.06e-12 1.04e-07 2.99e-06 1.29e-06 7.49e-07 1.12e-07
1.25e+00 1.29e+00 1.19e-01 1.24e+00 1.27e-01 9.18e-05 5.07e-04 7.37e-05 3.03e-05 1.26e-05 1.40e-06
1.22e+00 1.46e+00 4.67e-02 1.46e+00 4.69e-02 1.11e-07 1.42e-07 5.28e-04 2.24e-04 6.39e-05 9.59e-06
1.22e+00 1.22e+00 1.54e-02 1.23e+00 1.64e-02 6.12e-04 1.29e-03 6.12e-04 3.99e-04 1.65e-04 4.37e-05
1.22e+00 1.11e+00 3.05e-02 1.10e+00 3.15e-02 5.47e-06 4.90e-03 5.69e-04 2.91e-04 1.35e-04 2.13e-05
1.23e+00 1.11e+00 1.24e-02 1.11e+00 1.27e-02 3.95e-18 2.17e-03 7.05e-04 2.76e-04 2.76e-04 2.84e-05
1.23e+00 1.22e+00 1.37e-02 1.22e+00 1.39e-02 4.66e-04 1.88e-03 5.22e-04 2.54e-04 1.69e-04 3.82e-05
1.22e+00 1.35e+00 3.37e-02 1.34e+00 3.67e-02 3.03e-21 3.03e-21 6.51e-04 6.51e-04 6.51e-04 6.55e-06
1.24e+00 1.10e+00 1.37e-02 1.10e+00 1.39e-02 1.72e-16 2.39e-03 5.76e-04 2.59e-04 1.78e-04 3.20e-05
1.25e+00 1.32e+00 5.07e-03 1.32e+00 5.93e-03 6.82e-62 6.82e-62 6.57e-04 3.17e-04 3.17e-04 3.17e-04
1.25e+00 1.33e+00 5.80e-02 1.34e+00 5.89e-02 1.91e-04 1.06e-03 4.97e-04 2.07e-04 1.32e-04 1.65e-05
1.25e+00 1.60e+00 4.87e-02 1.57e+00 5.63e-02 8.36e-14 4.29e-07 4.37e-04 2.25e-04 1.80e-04 2.66e-05
1.25e+00 1.11e+00 7.14e-03 1.11e+00 7.50e-03 6.76e-47 1.45e-03 7.64e-04 4.65e-04 4.65e-04 3.46e-05
1.24e+00 1.07e+00 2.59e-02 1.05e+00 3.11e-02 2.31e-06 3.24e-03 5.87e-04 3.46e-04 2.74e-04 1.80e-05
1.23e+00 1.24e+00 1.11e-02 1.25e+00 1.31e-02 3.97e-04 6.01e-04 6.74e-04 3.59e-04 2.44e-04 1.19e-04
1.21e+00 1.21e+00 5.69e-02 1.22e+00 5.88e-02 8.30e-05 4.03e-04 7.32e-05 2.62e-05 1.58e-05 1.36e-06
1.25e+00 1.37e+00 6.52e-03 1.37e+00 8.15e-03 8.15e-70 8.15e-70 6.44e-04 6.01e-04 6.01e-04 5.82e-05
1.23e+00 1.29e+00 1.05e-02 1.29e+00 1.16e-02 3.19e-08 3.42e-08 5.49e-04 2.15e-04 2.04e-04 3.31e-05
1.23e+00 1.27e+00 1.45e-02 1.27e+00 1.46e-02 1.81e-05 2.17e-05 4.58e-04 2.36e-04 1.87e-04 2.30e-05
1.23e+00 1.15e+00 5.53e-02 1.12e+00 6.35e-02 2.40e-04 8.65e-03 5.48e-04 2.47e-04 1.48e-04 2.83e-05
1.23e+00 1.24e+00 1.47e-02 1.24e+00 1.47e-02 4.97e-04 8.79e-04 4.93e-04 2.57e-04 2.45e-04 1.84e-05
1.26e+00 1.26e+00 1.77e-01 1.16e+00 2.02e-01 1.07e-10 2.76e-07 2.44e-08 1.01e-08 6.76e-09 9.44e-10
1.24e+00 1.06e+00 5.51e-02 1.04e+00 5.80e-02 2.29e-07 4.51e-03 6.42e-04 3.36e-04 1.95e-04 1.08e-05
1.24e+00 1.51e+00 5.64e-02 1.46e+00 7.56e-02 1.51e-13 1.36e-07 4.63e-04 1.74e-04 9.95e-05 1.87e-05
1.24e+00 1.18e+00 5.33e-02 1.20e+00 5.69e-02 3.65e-06 1.06e-04 7.87e-06 3.98e-06 2.29e-06 2.49e-07
1.23e+00 1.26e+00 1.56e-02 1.26e+00 1.58e-02 1.00e-04 1.35e-04 5.53e-04 3.35e-04 2.00e-04 3.23e-05
1.25e+00 1.50e+00 2.01e-02 1.50e+00 2.04e-02 3.04e-28 1.09e-14 1.61e-07 8.88e-08 5.31e-08 1.35e-08
1.22e+00 1.11e+00 1.06e-02 1.11e+00 1.06e-02 3.28e-17 1.81e-03 7.05e-04 4.15e-04 4.15e-04 9.22e-05
1.25e+00 1.14e+00 8.77e-02 1.12e+00 8.94e-02 1.74e-11 8.26e-06 8.83e-07 4.15e-07 2.63e-07 2.34e-08
1.21e+00 1.22e+00 5.51e-02 1.23e+00 5.70e-02 4.93e-04 1.74e-03 5.16e-04 2.43e-04 7.87e-05 2.05e-05
1.26e+00 1.31e+00 2.36e-02 1.31e+00 2.37e-02 4.49e-05 6.88e-05 5.66e-04 2.65e-04 1.62e-04 2.32e-05
1.21e+00 1.02e+00 2.49e-02 1.03e+00 2.62e-02 1.53e-09 5.07e-03 7.23e-04 3.42e-04 2.18e-04 3.85e-05
1.25e+00 1.27e+00 5.64e-02 1.28e+00 5.81e-02 5.68e-04 3.34e-03 5.10e-04 2.11e-04 1.29e-04 1.70e-05
1.25e+00 1.20e+00 1.42e-02 1.20e+00 1.42e-02 4.27e-07 2.29e-03 5.52e-04 2.51e-04 2.08e-04 1.98e-05
1.25e+00 1.21e+00 4.70e-02 1.22e+00 4.76e-02 5.08e-04 6.16e-03 5.17e-04 2.29e-04 1.40e-04 1.71e-05
1.23e+00 1.11e+00 3.79e-02 1.10e+00 3.83e-02 1.60e-05 5.96e-03 6.08e-04 2.49e-04 1.35e-04 1.42e-05
1.23e+00 1.20e+00 5.95e-02 1.26e+00 8.50e-02 4.14e-04 6.08e-03 4.63e-04 2.70e-04 1.32e-04 2.36e-05
1.23e+00 1.58e+00 1.57e-01 1.65e+00 1.71e-01 3.14e-05 1.92e-04 1.62e-04 5.64e-05 2.61e-05 3.13e-06
1.25e+00 1.25e+00 4.65e-02 1.22e+00 5.40e-02 2.41e-04 3.70e-03 6.02e-04 2.20e-04 1.41e-04 1.72e-05
1.21e+00 1.27e+00 2.01e-02 1.27e+00 2.05e-02 2.56e-06 1.21e-05 5.38e-04 2.62e-04 1.45e-04 1.68e-05
1.21e+00 1.42e+00 5.34e-03 1.42e+00 6.33e-03 6.61e-59 6.61e-59 6.30e-04 3.26e-04 3.26e-04 3.26e-04
1.22e+00 1.09e+00 8.04e-03 1.09e+00 9.02e-03 9.48e-23 1.51e-03 7.09e-04 5.35e-04 1.46e-04 1.10e-04
1.25e+00 1.11e+00 1.73e-02 1.11e+00 1.77e-02 5.53e-14 2.84e-03 5.64e-04 2.69e-04 1.77e-04 3.19e-05
1.24e+00 1.36e+00 5.63e-02 1.36e+00 5.63e-02 9.06e-07 8.06e-05 3.64e-04 1.64e-04 1.15e-04 9.39e-06
1.23e+00 1.18e+00 8.62e-03 1.19e+00 1.02e-02 5.44e-15 9.74e-06 3.99e-06 3.71e-06 1.04e-06 8.62e-07
1.25e+00 1.40e+00 3.76e-02 1.40e+00 3.79e-02 1.59e-05 3.12e-05 5.41e-04 2.62e-04 1.38e-04 1.60e-05
1.22e+00 1.20e+00 1.79e-02 1.21e+00 1.88e-02 4.94e-04 2.40e-03 5.96e-04 2.20e-04 2.07e-04 1.62e-05
1.23e+00 1.53e+00 4.57e-02 1.48e+00 6.94e-02 2.57e-19 9.28e-08 5.31e-04 2.37e-04 1.50e-04 3.90e-05
1.25e+00 1.20e+00 6.32e-02 1.20e+00 6.34e-02 4.89e-04 1.00e-02 5.70e-04 2.77e-04 1.91e-04 3.90e-05
1.22e+00 1.27e+00 4.94e-02 1.26e+00 4.99e-02 1.94e-04 3.56e-04 5.38e-04 2.62e-04 1.41e-04 1.47e-05
1.22e+00 1.20e+00 2.38e-02 1.21e+00 2.49e-02 1.82e-05 9.85e-05 1.80e-05 1.03e-05 5.32e-06 5.43e-07
1.21e+00 1.25e+00 4.26e-02 1.25e+00 4.26e-02 1.72e-04 7.02e-04 5.36e-04 2.55e-04 1.15e-04 1.36e-05
1.21e+00 1.22e+00 2.17e-02 1.22e+00 2.20e-02 5.52e-04 1.38e-03 4.87e-04 2.90e-04 1.41e-04 2.19e-05
1.21e+00 1.12e+00 1.32e-02 1.11e+00 1.43e-02 9.44e-09 2.11e-03 7.05e-04 3.76e-04 2.66e-04 4.25e-05
1.23e+00 1.31e+00 3.54e-02 1.31e+00 3.55e-02 4.85e-05 1.07e-04 5.57e-04 2.72e-04 1.23e-04 2.32e-05
1.24e+00 1.17e+00 7.20e-02 1.21e+00 8.02e-02 4.15e-04 5.90e-03 5.69e-04 2.07e-04 1.24e-04 1.38e-05
1.22e+00 1.15e+00 4.46e-02 1.13e+00 4.87e-02 8.18e-05 5.71e-03 5.53e-04 2.36e-04 1.02e-04 1.76e-05
1.22e+00 1.20e+00 4.01e-02 1.19e+00 4.08e-02 5.52e-04 5.32e-03 5.40e-04 2.94e-04 1.76e-04 1.73e-05
1.24e+00 1.21e+00 1.21e-02 1.21e+00 1.21e-02 1.93e-05 1.93e-03 4.64e-04 4.44e-04 1.65e-04 2.59e-05
1.26e+00 1.15e+00 8.43e-02 1.21e+00 1.03e-01 2.42e-04 9.04e-03 4.43e-04 1.87e-04 1.14e-04 1.73e-05
1.21e+00 1.17e+00 5.11e-02 1.18e+00 5.17e-02 1.28e-04 1.50e-03 1.24e-04 5.12e-05 3.04e-05 5.19e-06
1.23e+00 1.06e+00 8.56e-03 1.06e+00 8.72e-03 3.26e-43 1.53e-03 7.15e-04 4.24e-04 2.80e-04 2.87e-05
1.25e+00 1.27e+00 5.58e-02 1.24e+00 6.22e-02 9.10e-04 5.39e-03 8.07e-04 3.27e-04 2.07e-04 3.27e-05
1.24e+00 1.47e+00 3.80e-02 1.46e+00 4.04e-02 1.09e-13 1.26e-13 6.13e-04 2.21e-04 8.40e-05 1.24e-05
1.23e+00 1.17e+00 7.08e-02 1.10e+00 9.74e-02 5.89e-04 8.03e-03 5.72e-04 2.49e-04 1.67e-04 5.33e-05
1.25e+00 1.27e+00 4.90e-02 1.27e+00 4.91e-02 5.06e-04 2.09e-03 4.61e-04 1.84e-04 1.01e-04 1.44e-05
1.22e+00 1.26e+00 7.75e-02 1.20e+00 9.79e-02 6.88e-04 4.94e-03 5.41e-04 2.36e-04 1.42e-04 2.78e-05
1.22e+00 1.26e+00 2.50e-02 1.26e+00 2.51e-02 1.98e-04 3.43e-04 4.91e-04 2.15e-04 1.44e-04 1.76e-05
1.24e+00 1.08e+00 7.48e-02 1.05e+00 8.01e-02 7.84e-06 3.99e-03 5.87e-04 1.80e-04 8.64e-05 7.20e-06
1.22e+00 1.28e+00 7.14e-02 1.26e+00 7.38e-02 3.12e-04 1.01e-03 5.42e-04 1.68e-04 9.60e-05 1.03e-05
1.22e+00 1.08e+00 4.05e-02 1.07e+00 4.15e-02 6.46e-06 6.87e-03 5.80e-04 2.44e-04 1.54e-04 2.15e-05
1.23e+00 1.19e+00 7.35e-03 1.19e+00 7.44e-03 3.44e-19 1.47e-03 6.88e-04 4.70e-04 3.11e-04 3.11e-04
1.24e+00 1.43e+00 1.50e-02 1.43e+00 1.51e-02 6.38e-46 3.12e-40 9.14e-12 4.96e-12 3.73e-12 6.13e-13
1.23e+00 1.24e+00 6.12e-03 1.24e+00 6.44e-03 2.85e-04 2.98e-04 6.09e-04 2.82e-04 2.82e-04 9.49e-05
1.22e+00 1.29e+00 3.46e-02 1.29e+00 3.47e-02 6.25e-05 1.03e-04 5.41e-04 2.44e-04 1.34e-04 3.34e-05
1.25e+00 1.44e+00 1.07e-02 1.44e+00 1.07e-02 2.35e-27 2.35e-27 6.25e-04 5.12e-04 2.39e-04 2.20e-05
1.22e+00 1.14e+00 6.72e-02 1.09e+00 8.24e-02 3.73e-04 5.68e-03 5.95e-04 2.39e-04 1.53e-04 3.56e-05
1.25e+00 1.29e+00 5.62e-02 1.31e+00 5.97e-02 1.88e-04 1.74e-03 5.53e-04 1.86e-04 1.16e-04 1.66e-05
1.24e+00 1.06e+00 3.43e-02 1.05e+00 3.68e-02 3.66e-06 4.36e-03 6.01e-04 2.88e-04 1.69e-04 1.08e-05
1.25e+00 1.25e+00 1.81e-02 1.25e+00 1.82e-02 5.77e-04 1.48e-03 5.10e-04 3.15e-04 1.41e-04 1.80e-05
1.25e+00 1.31e+00 7.49e-02 1.34e+00 8.05e-02 6.09e-04 3.72e-03 5.55e-04 3.09e-04 1.83e-04 2.46e-05
1.23e+00 1.18e+00 1.98e-02 1.19e+00 2.11e-02 1.15e-05 3.25e-03 5.31e-04 2.79e-04 1.68e-04 2.02e-05
1.25e+00 1.06e+00 2.66e-02 1.06e+00 2.70e-02 3.26e-08 4.25e-03 6.61e-04 3.70e-04 2.01e-04 2.51e-05
1.21e+00 1.19e+00 4.19e-02 1.19e+00 4.21e-02 5.07e-04 4.83e-03 5.19e-04 3.01e-04 1.42e-04 1.73e-05
1.23e+00 1.20e+00 2.13e-02 1.20e+00 2.14e-02 1.73e-04 3.33e-03 5.81e-04 2.51e-04 2.05e-04 2.31e-05
1.25e+00 1.28e+00 8.91e-02 1.28e+00 8.92e-02 3.82e-04 2.04e-03 4.31e-04 1.71e-04 9.68e-05 8.30e-06
1.24e+00 1.13e+00 2.70e-02 1.11e+00 3.16e-02 1.02e-07 4.43e-03 5.56e-04 3.12e-04 1.21e-04 3.19e-05
1.24e+00 1.23e+00 5.21e-02 1.26e+00 5.93e-02 4.82e-04 2.28e-03 5.37e-04 2.06e-04 9.12e-05 1.35e-05
1.22e+00 1.11e+00 5.04e-02 1.09e+00 5.38e-02 8.15e-05 7.37e-03 5.92e-04 2.49e-04 1.43e-04 1.78e-05
1.24e+00 1.47e+00 1.38e-02 1.47e+00 1.39e-02 5.69e-39 1.29e-20 3.84e-10 1.86e-10 1.07e-10 3.23e-11
1.23e+00 1.27e+00 4.42e-02 1.28e+00 4.59e-02 1.29e-04 9.73e-04 5.23e-04 2.21e-04 1.01e-04 1.34e-05
1.23e+00 1.16e+00 3.06e-02 1.16e+00 3.06e-02 1.03e-04 5.65e-03 5.97e-04 3.32e-04 1.96e-04 2.79e-05
1.23e+00 1.28e+00 7.01e-03 1.28e+00 8.18e-03 6.21e-11 6.34e-11 6.67e-04 5.86e-04 5.86e-04 6.37e-05
1.22e+00 1.12e+00 3.67e-02 1.11e+00 3.71e-02 2.08e-05 5.76e-03 6.06e-04 2.20e-04 1.63e-04 1.42e-05
1.22e+00 1.15e+00 5.93e-02 1.15e+00 5.94e-02 3.10e-05 9.07e-04 5.13e-05 2.58e-05 1.39e-05 1.94e-06
1.23e+00 1.28e+00 2.82e-02 1.28e+00 2.85e-02 1.31e-04 3.20e-04 5.08e-04 1.83e-04 1.16e-04 1.41e-05
1.23e+00 1.13e+00 1.01e-01 1.04e+00 1.34e-01 4.07e-04 4.03e-03 6.39e-04 1.77e-04 1.34e-04 1.80e-05
1.24e+00 1.16e+00 2.19e-02 1.15e+00 2.29e-02 1.87e-08 3.62e-03 6.62e-04 2.28e-04 1.93e-04 2.80e-05
1.23e+00 1.11e+00 1.23e-01 1.05e+00 1.37e-01 4.34e-06 3.95e-03 5.51e-04 1.62e-04 7.56e-05 1.08e-05
1.23e+00 1.35e+00 3.05e-02 1.34e+00 3.23e-02 7.87e-19 7.87e-19 6.51e-04 6.51e-04 6.51e-04 1.64e-05
1.21e+00 1.37e+00 1.22e-02 1.37e+00 1.22e-02 4.62e-30 4.62e-30 3.80e-04 2.81e-04 1.24e-04 1.84e-05
1.23e+00 1.20e+00 1.49e-02 1.20e+00 1.51e-02 9.10e-05 2.35e-03 5.15e-04 2.71e-04 2.15e-04 3.63e-05
1.23e+00 1.32e+00 4.29e-02 1.33e+00 4.37e-02 1.16e-04 2.63e-04 5.08e-04 2.24e-04 1.39e-04 1.65e-05
1.24e+00 1.16e+00 4.25e-02 1.16e+00 4.26e-02 9.70e-05 7.36e-03 5.73e-04 2.27e-04 1.47e-04 2.44e-05
1.20e+00 1.45e+00 4.25e-03 1.45e+00 4.52e-03 1.42e-83 1.42e-83 6.22e-04 6.22e-04 6.22e-04 1.41e-04
1.24e+00 1.33e+00 3.67e-02 1.32e+00 3.71e-02 3.18e-05 9.16e-05 5.28e-04 2.84e-04 1.39e-04 1.65e-05
1.26e+00 1.10e+00 1.21e-01 1.06e+00 1.28e-01 3.06e-05 6.56e-03 6.11e-04 2.19e-04 8.99e-05 7.19e-06
1.20e+00 1.13e+00 9.84e-03 1.13e+00 9.84e-03 1.63e-12 1.79e-03 7.41e-04 3.95e-04 3.95e-04 6.70e-05
1.22e+00 1.13e+00 1.13e-01 1.08e+00 1.25e-01 2.93e-05 6.92e-03 5.97e-04 2.15e-04 8.22e-05 1.07e-05
1.22e+00 1.22e+00 2.24e-02 1.22e+00 2.24e-02 1.67e-04 5.06e-04 1.48e-04 6.18e-05 3.09e-05 3.43e-06
1.21e+00 1.32e+00 6.02e-02 1.33e+00 6.12e-02 1.30e-04 5.48e-04 5.12e-04 2.23e-04 1.26e-04 1.33e-05
1.23e+00 1.28e+00 7.76e-03 1.28e+00 8.06e-03 2.45e-10 2.45e-10 5.61e-04 3.69e-04 1.69e-04 3.95e-05
1.22e+00 1.28e+00 5.08e-03 1.28e+00 5.46e-03 2.93e-29 2.93e-29 5.61e-04 5.61e-04 1.95e-04 3.67e-05
1.25e+00 1.26e+00 4.59e-02 1.26e+00 4.59e-02 6.45e-04 3.08e-03 5.60e-04 2.13e-04 1.25e-04 1.35e-05
1.24e+00 1.15e+00 1.43e-02 1.15e+00 1.45e-02 6.49e-13 2.25e-03 6.97e-04 2.73e-04 1.72e-04 2.10e-05
1.23e+00 1.08e+00 1.11e-02 1.08e+00 1.11e-02 4.99e-27 2.07e-03 5.79e-04 4.57e-04 1.61e-04 2.14e-05
1.23e+00 1.34e+00 1.92e-02 1.34e+00 1.96e-02 1.74e-16 1.74e-16 6.51e-04 6.51e-04 6.51e-04 9.82e-06
1.25e+00 1.27e+00 1.92e-02 1.27e+00 1.93e-02 3.09e-04 5.41e-04 4.75e-04 2.97e-04 1.44e-04 2.02e-05
1.25e+00 1.06e+00 1.02e-02 1.07e+00 1.29e-02 1.45e-20 1.84e-03 7.13e-04 6.48e-04 3.22e-04 1.61e-04
1.24e+00 1.25e+00 2.63e-02 1.25e+00 2.64e-02 6.17e-04 1.70e-03 5.76e-04 2.34e-04 1.86e-04 1.36e-05
1.22e+00 1.24e+00 3.48e-02 1.24e+00 3.49e-02 5.08e-04 1.20e-03 6.09e-04 2.62e-04 1.77e-04 1.02e-05
1.23e+00 1.22e+00 1.47e-02 1.22e+00 1.47e-02 5.30e-04 1.95e-03 5.31e-04 2.67e-04 2.29e-04 1.91e-05
1.23e+00 1.13e+00 4.41e-02 1.13e+00 4.44e-02 6.26e-05 8.07e-03 5.64e-04 2.78e-04 1.80e-04 2.11e-05
