9.02e-01 1.09e+00 9.99e-02 1.09e+00 9.99e-02 4.40e-05 3.05e-04 5.62e-04 2.61e-04 1.07e-04 1.43e-05
8.81e-01 8.01e-01 2.18e-02 7.90e-01 2.42e-02 1.46e-06 5.43e-03 7.85e-04 4.13e-04 2.32e-04 4.53e-05
8.66e-01 7.40e-01 2.91e-02 7.40e-01 2.91e-02 1.48e-06 6.89e-03 7.74e-04 3.42e-04 1.96e-04 3.02e-05
8.98e-01 8.34e-01 2.21e-02 8.50e-01 2.74e-02 8.42e-06 5.26e-03 7.36e-04 6.04e-04 2.32e-04 5.00e-05
8.72e-01 8.72e-01 3.06e-02 8.70e-01 3.06e-02 9.77e-04 4.40e-03 7.76e-04 4.27e-04 2.65e-04 2.95e-05
8.71e-01 1.07e+00 2.73e-01 1.16e+00 2.87e-01 2.93e-04 4.03e-03 4.05e-04 1.57e-04 7.33e-05 6.98e-06
8.92e-01 9.96e-01 1.41e-01 8.50e-01 2.04e-01 6.11e-05 1.97e-03 6.13e-04 1.15e-04 6.32e-05 1.11e-05
8.88e-01 1.27e+00 1.52e-01 1.20e+00 1.66e-01 5.94e-07 5.37e-06 5.42e-04 1.41e-04 8.28e-05 1.04e-05
8.85e-01 1.44e+00 4.39e-01 1.16e+00 5.18e-01 1.37e-04 3.89e-03 2.93e-04 1.01e-04 6.64e-05 1.05e-05
8.92e-01 7.66e-01 1.92e-02 7.60e-01 2.02e-02 1.37e-10 4.98e-03 7.71e-04 4.23e-04 2.17e-04 5.54e-05
8.83e-01 1.12e+00 1.98e-01 1.15e+00 2.01e-01 4.05e-05 1.15e-03 6.20e-04 2.45e-04 8.41e-05 7.01e-06
8.69e-01 8.12e-01 4.06e-02 8.00e-01 4.24e-02 2.05e-04 6.39e-03 5.69e-04 2.23e-04 1.34e-04 2.60e-05
8.67e-01 8.60e-01 9.10e-04 8.60e-01 9.10e-04 2.44e-04 7.44e-04 7.39e-04 7.39e-04 7.39e-04 7.39e-04
9.14e-01 1.43e+00 3.88e-01 1.17e+00 4.65e-01 4.14e-05 1.47e-03 3.69e-04 8.01e-05 5.22e-05 6.96e-06
8.83e-01 8.45e-01 8.62e-02 8.90e-01 9.72e-02 7.44e-04 6.78e-03 5.77e-04 1.87e-04 1.23e-04 1.59e-05
9.05e-01 1.18e+00 2.16e-01 1.15e+00 2.18e-01 6.83e-06 3.85e-04 4.90e-04 1.58e-04 8.06e-05 7.01e-06
8.93e-01 8.07e-01 7.72e-02 8.50e-01 8.85e-02 4.46e-04 1.21e-02 5.54e-04 2.41e-04 1.62e-04 2.08e-05
9.09e-01 7.64e-01 5.44e-02 7.40e-01 5.93e-02 3.54e-05 7.64e-03 5.96e-04 2.10e-04 1.28e-04 1.88e-05
8.67e-01 1.17e+00 1.43e-01 1.15e+00 1.45e-01 5.78e-13 1.06e-09 5.85e-04 2.35e-04 1.37e-04 7.01e-06
8.89e-01 6.99e-01 3.55e-02 7.00e-01 3.55e-02 1.11e-08 9.18e-03 8.79e-04 3.77e-04 2.33e-04 3.48e-05
9.43e-01 7.97e-01 7.09e-03 8.00e-01 7.53e-03 9.86e-12 4.17e-04 2.21e-04 1.36e-04 1.36e-04 1.11e-05
9.38e-01 8.20e-01 4.29e-02 8.40e-01 4.72e-02 1.15e-05 1.01e-02 7.97e-04 3.56e-04 2.20e-04 4.19e-05
9.29e-01 8.31e-01 1.98e-02 8.40e-01 2.17e-02 8.68e-09 4.44e-03 7.36e-04 3.26e-04 2.65e-04 3.48e-05
9.17e-01 9.31e-01 6.84e-03 9.30e-01 6.94e-03 1.70e-04 1.75e-04 9.41e-04 4.21e-04 2.55e-04 2.55e-04
9.26e-01 8.06e-01 1.16e-02 8.10e-01 1.23e-02 1.05e-18 3.10e-03 9.44e-04 5.02e-04 4.22e-04 9.03e-05
9.48e-01 1.02e+00 3.11e-02 1.02e+00 3.12e-02 2.71e-05 3.86e-05 5.69e-04 2.72e-04 1.56e-04 1.81e-05
9.24e-01 8.88e-01 4.21e-03 8.90e-01 4.67e-03 4.10e-17 1.24e-03 9.67e-04 9.67e-04 2.58e-04 2.58e-04
9.30e-01 8.48e-01 5.16e-03 8.50e-01 5.68e-03 2.34e-13 1.08e-03 7.39e-04 7.39e-04 3.01e-04 4.09e-05
9.27e-01 8.26e-01 4.19e-02 8.40e-01 4.42e-02 2.22e-05 7.72e-03 6.91e-04 2.87e-04 1.69e-04 1.88e-05
9.30e-01 8.84e-01 5.51e-03 8.80e-01 6.96e-03 1.94e-14 1.78e-03 9.73e-04 7.53e-04 7.53e-04 3.42e-05
9.34e-01 7.56e-01 2.62e-02 7.60e-01 2.65e-02 2.53e-12 6.65e-03 8.61e-04 3.98e-04 2.47e-04 5.04e-05
9.56e-01 8.78e-01 6.79e-02 8.40e-01 7.76e-02 1.15e-04 2.50e-03 6.98e-04 2.07e-04 9.80e-05 7.54e-06
9.56e-01 8.52e-01 5.41e-02 8.40e-01 5.53e-02 7.39e-05 1.02e-02 7.44e-04 3.16e-04 1.44e-04 2.26e-05
9.48e-01 1.19e+00 4.55e-02 1.18e+00 4.58e-02 8.83e-09 1.44e-06 5.90e-04 2.15e-04 9.02e-05 1.04e-05
9.63e-01 9.09e-01 2.72e-02 9.10e-01 2.72e-02 1.57e-05 3.52e-03 6.73e-04 2.62e-04 1.55e-04 1.48e-05
9.18e-01 8.12e-01 1.94e-02 8.10e-01 1.94e-02 1.71e-09 4.82e-03 8.58e-04 5.57e-04 2.66e-04 5.52e-05
9.47e-01 8.04e-01 1.91e-02 8.10e-01 1.99e-02 4.92e-11 4.62e-03 9.99e-04 3.97e-04 3.36e-04 2.51e-05
9.65e-01 9.71e-01 1.04e-02 9.70e-01 1.05e-02 7.37e-04 1.14e-03 9.09e-04 5.30e-04 1.92e-04 1.10e-04
9.59e-01 8.31e-01 1.97e-02 8.40e-01 2.17e-02 1.02e-10 2.56e-03 7.72e-04 2.71e-04 1.09e-04 2.71e-05
9.68e-01 9.02e-01 3.85e-02 9.10e-01 3.93e-02 2.12e-04 8.91e-03 7.72e-04 3.84e-04 1.92e-04 3.36e-05
9.27e-01 8.13e-01 3.60e-02 8.40e-01 4.53e-02 2.29e-06 7.70e-03 6.42e-04 3.31e-04 2.10e-04 3.11e-05
9.68e-01 9.00e-01 3.94e-02 9.00e-01 3.94e-02 2.21e-04 9.30e-03 7.29e-04 3.33e-04 2.12e-04 3.86e-05
9.60e-01 8.31e-01 1.56e-02 8.40e-01 1.80e-02 8.40e-20 1.68e-03 7.47e-04 1.65e-04 1.24e-04 4.88e-05
9.56e-01 8.53e-01 1.27e-02 8.50e-01 1.31e-02 3.57e-13 2.93e-03 9.87e-04 6.54e-04 3.42e-04 3.47e-05
9.66e-01 8.72e-01 1.14e-02 8.70e-01 1.17e-02 5.70e-18 2.96e-03 7.96e-04 6.19e-04 3.54e-04 5.40e-05
9.39e-01 9.01e-01 6.46e-03 9.00e-01 6.60e-03 5.43e-09 1.57e-03 9.61e-04 3.86e-04 3.86e-04 2.08e-04
9.57e-01 1.15e+00 5.72e-02 1.17e+00 6.02e-02 3.24e-08 8.28e-07 5.50e-04 2.37e-04 1.67e-04 1.39e-05
9.30e-01 9.72e-01 5.65e-03 9.70e-01 6.18e-03 4.73e-13 4.73e-13 9.09e-04 4.11e-04 4.11e-04 8.22e-05
9.44e-01 8.54e-01 1.77e-02 8.60e-01 1.87e-02 1.32e-11 4.49e-03 7.60e-04 4.29e-04 3.75e-04 5.92e-05
9.58e-01 9.64e-01 5.16e-03 9.60e-01 6.36e-03 7.29e-04 7.44e-04 9.17e-04 5.72e-04 5.72e-04 5.72e-04
9.55e-01 8.22e-01 2.38e-02 8.40e-01 2.96e-02 1.22e-20 1.98e-03 7.43e-04 1.68e-04 1.60e-04 1.87e-05
9.61e-01 8.30e-01 2.34e-02 8.40e-01 2.56e-02 4.69e-08 3.56e-03 7.32e-04 2.06e-04 1.26e-04 1.90e-05
9.58e-01 8.40e-01 1.27e-02 8.40e-01 1.27e-02 9.71e-11 1.74e-03 7.67e-04 3.04e-04 3.04e-04 1.93e-05
9.26e-01 9.56e-01 2.96e-01 8.70e-01 3.08e-01 3.85e-04 8.34e-03 5.71e-04 2.19e-04 1.08e-04 7.42e-06
9.38e-01 8.31e-01 2.53e-02 8.30e-01 2.53e-02 8.55e-07 6.05e-03 8.54e-04 4.24e-04 2.55e-04 3.99e-05
9.40e-01 8.07e-01 1.19e-02 8.10e-01 1.24e-02 5.58e-21 3.01e-03 9.99e-04 5.47e-04 3.71e-04 9.03e-05
9.60e-01 9.62e-01 9.82e-03 9.60e-01 1.00e-02 8.95e-04 1.38e-03 9.17e-04 4.38e-04 4.38e-04 6.91e-05
9.46e-01 8.09e-01 3.08e-03 8.10e-01 3.24e-03 6.67e-41 2.50e-04 2.24e-04 2.24e-04 2.24e-04 2.59e-05
9.68e-01 8.63e-01 2.15e-02 8.60e-01 2.16e-02 4.25e-08 5.30e-03 8.79e-04 4.05e-04 3.26e-04 2.96e-05
9.68e-01 8.41e-01 2.71e-03 8.40e-01 2.82e-03 6.99e-146 2.51e-04 2.31e-04 2.31e-04 2.31e-04 1.97e-05
9.67e-01 7.90e-01 1.91e-03 7.90e-01 1.94e-03 1.09e-40 2.27e-04 2.18e-04 2.18e-04 2.18e-04 8.78e-06
9.32e-01 1.13e+00 8.15e-02 1.15e+00 8.33e-02 4.65e-08 2.01e-05 6.06e-04 3.05e-04 2.14e-04 2.10e-05
9.56e-01 1.06e+00 4.85e-03 1.06e+00 4.85e-03 7.97e-73 7.97e-73 7.15e-04 7.15e-04 1.08e-04 1.04e-04
9.65e-01 1.02e+00 3.21e-02 1.01e+00 3.27e-02 7.79e-05 1.14e-04 6.07e-04 2.51e-04 1.34e-04 2.91e-05
9.45e-01 7.69e-01 4.13e-02 7.50e-01 4.55e-02 6.25e-07 7.56e-03 5.76e-04 3.12e-04 1.52e-04 2.60e-05
9.47e-01 8.38e-01 1.59e-02 8.40e-01 1.60e-02 9.64e-11 4.00e-03 9.80e-04 5.87e-04 2.04e-04 4.48e-05
9.64e-01 8.59e-01 1.52e-02 8.60e-01 1.52e-02 7.47e-13 3.88e-03 9.18e-04 5.13e-04 3.95e-04 3.95e-05
9.52e-01 8.68e-01 1.29e-02 8.70e-01 1.31e-02 2.30e-13 3.50e-03 9.53e-04 4.96e-04 2.80e-04 5.40e-05
9.58e-01 8.27e-01 1.92e-02 8.30e-01 1.94e-02 2.94e-11 4.63e-03 9.64e-04 4.19e-04 2.10e-04 3.50e-05
9.59e-01 8.20e-01 2.60e-03 8.20e-01 2.62e-03 2.43e-90 2.43e-04 2.26e-04 2.26e-04 2.26e-04 1.25e-05
9.31e-01 7.92e-01 1.09e-02 7.90e-01 1.11e-02 1.69e-29 2.78e-03 1.00e-03 5.44e-04 2.67e-04 4.03e-05
9.61e-01 8.30e-01 3.32e-03 8.30e-01 3.35e-03 2.46e-74 2.57e-04 2.29e-04 2.29e-04 2.29e-04 9.19e-06
9.46e-01 8.15e-01 4.22e-02 8.50e-01 5.45e-02 1.73e-08 5.59e-03 6.55e-04 2.38e-04 1.51e-04 2.65e-05
9.53e-01 8.98e-01 5.99e-03 9.00e-01 6.18e-03 6.18e-20 1.51e-03 9.61e-04 3.82e-04 3.82e-04 1.59e-04
9.59e-01 8.54e-01 5.10e-03 8.50e-01 6.42e-03 7.59e-69 1.63e-03 9.87e-04 6.30e-04 6.30e-04 6.30e-04
9.33e-01 8.24e-01 2.68e-02 8.20e-01 2.70e-02 1.27e-07 6.91e-03 8.61e-04 4.31e-04 2.40e-04 4.51e-05
9.58e-01 8.39e-01 2.78e-02 8.30e-01 2.91e-02 3.13e-07 6.78e-03 8.38e-04 3.64e-04 2.00e-04 4.49e-05
9.60e-01 9.22e-01 1.32e-02 9.30e-01 1.56e-02 1.55e-06 3.23e-03 9.36e-04 4.11e-04 2.74e-04 5.67e-05
9.53e-01 8.45e-01 2.93e-02 8.30e-01 3.29e-02 5.94e-07 7.65e-03 8.49e-04 3.50e-04 3.35e-04 4.49e-05
9.64e-01 8.44e-01 1.42e-02 8.40e-01 1.48e-02 2.11e-11 3.79e-03 1.19e-03 4.42e-04 2.39e-04 5.37e-05
9.40e-01 8.21e-01 2.57e-02 8.20e-01 2.57e-02 1.04e-07 5.98e-03 8.81e-04 4.21e-04 2.45e-04 4.01e-05
9.49e-01 8.16e-01 2.13e-02 8.20e-01 2.18e-02 2.17e-10 5.13e-03 7.76e-04 4.46e-04 2.30e-04 3.51e-05
9.52e-01 8.40e-01 1.56e-03 8.40e-01 1.57e-03 1.64e-53 7.58e-04 7.40e-04 7.40e-04 7.40e-04 7.40e-04
9.23e-01 8.50e-01 1.19e-03 8.50e-01 1.20e-03 4.29e-25 7.50e-04 7.39e-04 7.39e-04 7.39e-04 7.39e-04
9.68e-01 7.90e-01 4.91e-04 7.90e-01 4.91e-04 4.67e-45 2.19e-04 2.18e-04 2.18e-04 2.18e-04 2.18e-04
9.42e-01 8.34e-01 8.79e-03 8.30e-01 9.82e-03 8.40e-26 2.26e-03 9.94e-04 7.74e-04 2.55e-04 3.50e-05
9.66e-01 8.14e-01 3.99e-02 8.00e-01 4.21e-02 2.69e-07 1.05e-02 8.30e-04 4.27e-04 1.96e-04 3.02e-05
9.55e-01 8.54e-01 1.46e-02 8.50e-01 1.51e-02 5.32e-17 3.96e-03 9.37e-04 5.80e-04 2.83e-04 6.45e-05
9.13e-01 8.01e-01 2.08e-02 8.00e-01 2.08e-02 3.75e-09 5.24e-03 8.95e-04 3.72e-04 3.47e-04 4.02e-05
9.58e-01 8.71e-01 2.09e-02 8.70e-01 2.10e-02 1.10e-07 5.43e-03 8.50e-04 4.32e-04 3.98e-04 4.42e-05
9.25e-01 8.47e-01 2.23e-02 8.50e-01 2.26e-02 7.29e-13 1.68e-03 7.39e-04 3.49e-04 3.49e-04 1.49e-05
9.63e-01 8.34e-01 8.40e-03 8.30e-01 9.41e-03 6.80e-28 2.26e-03 9.94e-04 8.09e-04 2.50e-04 1.85e-04
9.65e-01 8.50e-01 1.70e-03 8.50e-01 1.70e-03 3.50e-164 7.39e-04 7.39e-04 7.39e-04 7.39e-04 7.39e-04
9.36e-01 8.51e-01 1.58e-02 8.60e-01 1.82e-02 1.54e-15 3.24e-03 6.05e-04 4.53e-04 4.53e-04 9.65e-05
9.20e-01 8.46e-01 1.59e-02 8.40e-01 1.71e-02 7.60e-08 4.01e-03 9.61e-04 6.27e-04 2.44e-04 3.48e-05
9.58e-01 9.64e-01 7.81e-03 9.60e-01 8.98e-03 8.03e-04 9.64e-04 9.17e-04 7.93e-04 1.84e-04 1.47e-04
9.41e-01 8.81e-01 5.63e-03 8.80e-01 5.81e-03 7.02e-39 1.47e-03 9.73e-04 3.57e-04 3.57e-04 1.42e-04
9.39e-01 9.02e-01 2.02e-02 9.00e-01 2.04e-02 1.21e-04 3.84e-03 6.36e-04 3.18e-04 2.00e-04 2.96e-05
9.35e-01 7.39e-01 2.80e-02 7.40e-01 2.80e-02 2.50e-11 6.97e-03 8.24e-04 3.77e-04 2.16e-04 5.03e-05
9.49e-01 9.17e-01 7.62e-03 9.20e-01 8.31e-03 1.39e-07 1.33e-03 7.34e-04 3.73e-04 1.25e-04 9.22e-05
9.65e-01 1.01e+00 2.31e-02 1.01e+00 2.31e-02 1.18e-04 1.79e-04 6.25e-04 2.65e-04 1.85e-04 2.54e-05
9.44e-01 8.96e-01 1.80e-02 8.90e-01 1.89e-02 3.38e-05 4.58e-03 9.48e-04 4.23e-04 3.98e-04 3.89e-05
9.48e-01 9.58e-01 1.18e-01 8.50e-01 1.60e-01 1.48e-06 2.09e-03 6.13e-04 1.90e-04 1.38e-04 1.49e-05
9.31e-01 7.74e-01 2.71e-02 7.70e-01 2.74e-02 1.33e-08 6.45e-03 9.22e-04 4.64e-04 2.42e-04 3.53e-05
9.57e-01 7.90e-01 4.34e-04 7.90e-01 4.34e-04 2.63e-48 2.19e-04 2.18e-04 2.18e-04 2.18e-04 2.18e-04
9.54e-01 8.51e-01 3.06e-02 8.50e-01 3.06e-02 7.03e-07 5.37e-03 6.70e-04 3.06e-04 1.71e-04 2.70e-05
9.28e-01 7.61e-01 2.02e-02 7.60e-01 2.02e-02 1.66e-14 5.03e-03 8.76e-04 3.37e-04 3.22e-04 4.03e-05
9.60e-01 8.29e-01 5.38e-03 8.30e-01 5.49e-03 6.24e-66 1.41e-03 9.94e-04 9.94e-04 2.85e-04 1.30e-04
9.29e-01 8.31e-01 3.85e-02 8.40e-01 3.94e-02 1.15e-05 5.34e-03 5.76e-04 2.07e-04 1.22e-04 2.03e-05
9.57e-01 9.36e-01 2.70e-02 9.40e-01 2.73e-02 4.75e-04 3.57e-03 6.15e-04 3.50e-04 1.95e-04 1.10e-05
9.50e-01 8.07e-01 1.10e-02 8.10e-01 1.15e-02 7.94e-28 2.85e-03 9.99e-04 5.12e-04 3.21e-04 5.52e-05
9.42e-01 9.64e-01 6.88e-03 9.60e-01 7.85e-03 3.03e-05 3.08e-05 9.17e-04 6.87e-04 6.87e-04 6.91e-05
9.25e-01 8.45e-01 1.82e-02 8.40e-01 1.89e-02 4.96e-07 2.52e-03 7.52e-04 2.87e-04 1.55e-04 1.13e-05
9.19e-01 1.04e+00 1.01e-01 1.08e+00 1.08e-01 5.41e-05 1.64e-03 5.19e-04 2.14e-04 1.13e-04 1.82e-05
9.20e-01 8.32e-01 1.97e-02 8.30e-01 1.98e-02 1.62e-08 4.93e-03 8.44e-04 3.75e-04 2.80e-04 3.00e-05
9.50e-01 8.43e-01 1.30e-02 8.40e-01 1.34e-02 1.88e-17 3.22e-03 8.41e-04 4.28e-04 4.28e-04 3.48e-05
9.54e-01 8.32e-01 7.27e-03 8.30e-01 7.69e-03 3.99e-26 1.75e-03 9.94e-04 4.84e-04 4.84e-04 6.49e-05
9.39e-01 9.98e-01 2.45e-02 1.00e+00 2.45e-02 3.77e-05 5.16e-05 7.00e-04 4.07e-04 1.99e-04 3.99e-05
9.26e-01 8.21e-01 9.84e-03 8.20e-01 9.87e-03 3.89e-17 2.43e-03 9.96e-04 5.51e-04 5.51e-04 1.05e-04
9.66e-01 7.99e-01 3.27e-02 8.20e-01 3.88e-02 3.90e-08 6.60e-03 7.94e-04 3.82e-04 2.11e-04 1.96e-05
9.42e-01 9.78e-01 2.50e-02 9.80e-01 2.51e-02 2.59e-07 3.46e-05 9.00e-04 4.57e-04 4.57e-04 5.88e-05
9.46e-01 8.40e-01 1.49e-04 8.40e-01 1.49e-04 2.85e-90 7.40e-04 7.40e-04 7.40e-04 7.40e-04 7.40e-04
9.32e-01 7.89e-01 5.36e-02 7.50e-01 6.65e-02 1.15e-07 5.64e-03 6.24e-04 2.60e-04 1.63e-04 2.97e-05
9.32e-01 8.40e-01 2.23e-03 8.40e-01 2.26e-03 1.99e-38 7.79e-04 7.40e-04 7.40e-04 7.40e-04 3.72e-05
9.62e-01 1.00e+00 2.48e-02 1.00e+00 2.48e-02 2.02e-04 3.54e-04 7.35e-04 3.41e-04 1.82e-04 2.66e-05
9.70e-01 8.19e-01 1.25e-02 8.20e-01 1.26e-02 1.79e-19 2.19e-03 7.42e-04 4.48e-04 1.94e-04 2.24e-05
9.62e-01 8.86e-01 9.96e-03 8.90e-01 1.07e-02 3.47e-16 2.29e-03 9.67e-04 3.45e-04 2.53e-04 3.89e-05
9.39e-01 9.07e-01 6.53e-03 9.10e-01 7.38e-03 3.29e-08 1.93e-03 9.55e-04 7.82e-04 7.82e-04 1.68e-04
9.33e-01 8.82e-01 1.04e-02 8.90e-01 1.31e-02 1.09e-11 2.01e-03 7.37e-04 3.85e-04 3.85e-04 8.52e-05
9.39e-01 8.66e-01 7.80e-02 8.40e-01 8.22e-02 1.09e-21 7.48e-04 7.40e-04 7.40e-04 7.40e-04 1.86e-05
9.28e-01 8.18e-01 3.74e-02 8.10e-01 3.84e-02 1.74e-05 8.93e-03 8.08e-04 3.71e-04 1.86e-04 4.02e-05
9.36e-01 1.09e+00 1.67e-02 1.09e+00 1.68e-02 6.02e-12 4.58e-06 7.09e-04 4.38e-04 1.64e-04 3.56e-05
9.63e-01 9.28e-01 5.77e-03 9.30e-01 6.26e-03 3.57e-13 1.46e-03 9.41e-04 4.07e-04 4.07e-04 9.45e-05
9.56e-01 8.28e-01 2.17e-02 8.30e-01 2.19e-02 4.17e-10 5.26e-03 7.74e-04 4.29e-04 2.00e-04 3.00e-05
9.65e-01 8.56e-01 5.74e-03 8.60e-01 6.89e-03 5.03e-61 1.83e-03 9.82e-04 7.65e-04 7.65e-04 7.90e-05
9.46e-01 1.14e+00 3.94e-03 1.14e+00 3.95e-03 1.93e-154 5.75e-34 6.99e-04 6.99e-04 6.99e-04 5.27e-05
9.64e-01 8.10e-01 3.27e-02 8.30e-01 3.81e-02 2.87e-08 6.34e-03 7.42e-04 4.02e-04 1.96e-04 3.27e-05
9.63e-01 1.09e+00 3.39e-02 1.09e+00 3.39e-02 1.36e-08 1.54e-08 6.79e-04 3.30e-04 1.81e-04 4.32e-05
9.53e-01 1.00e+00 5.93e-02 9.20e-01 1.01e-01 6.53e-08 1.08e-03 7.34e-04 2.44e-04 2.29e-04 2.21e-05
9.15e-01 8.36e-01 1.51e-02 8.40e-01 1.57e-02 1.71e-11 2.96e-03 7.18e-04 4.76e-04 2.42e-04 4.47e-05
9.51e-01 8.50e-01 2.24e-03 8.50e-01 2.29e-03 6.38e-35 7.78e-04 7.39e-04 7.39e-04 7.39e-04 4.09e-05
9.49e-01 7.87e-01 4.40e-03 7.90e-01 5.13e-03 6.38e-64 2.96e-04 2.18e-04 2.18e-04 7.90e-05 7.90e-05
9.46e-01 8.42e-01 2.99e-02 8.40e-01 3.00e-02 2.27e-06 7.40e-03 8.11e-04 3.68e-04 2.14e-04 3.48e-05
9.62e-01 8.54e-01 1.24e-02 8.50e-01 1.29e-02 7.75e-21 3.23e-03 8.83e-04 4.31e-04 4.31e-04 1.19e-04
9.25e-01 8.10e-01 7.12e-03 8.10e-01 7.12e-03 3.32e-35 1.77e-03 9.99e-04 3.71e-04 3.66e-04 3.01e-05
9.40e-01 8.35e-01 5.07e-02 8.60e-01 5.66e-02 2.21e-05 9.22e-03 8.17e-04 2.87e-04 1.93e-04 2.48e-05
9.31e-01 9.42e-01 8.87e-03 9.40e-01 9.10e-03 4.13e-04 5.03e-04 9.33e-04 6.66e-04 3.61e-04 5.63e-05
9.61e-01 8.53e-01 1.44e-02 8.50e-01 1.47e-02 3.75e-13 3.42e-03 7.64e-04 4.16e-04 2.53e-04 3.47e-05
9.61e-01 8.67e-01 3.08e-02 8.70e-01 3.09e-02 1.59e-05 8.24e-03 8.45e-04 4.18e-04 2.65e-04 3.93e-05
9.29e-01 8.49e-01 2.76e-03 8.50e-01 2.81e-03 5.31e-25 8.03e-04 7.39e-04 7.39e-04 7.39e-04 5.20e-05
9.65e-01 8.67e-01 5.34e-02 8.50e-01 5.62e-02 1.10e-04 9.95e-03 7.47e-04 3.21e-04 1.54e-04 2.26e-05
9.40e-01 1.05e+00 3.22e-01 8.80e-01 3.63e-01 3.49e-04 8.22e-03 5.78e-04 1.85e-04 6.67e-05 7.41e-06
9.42e-01 1.12e+00 6.89e-02 1.11e+00 6.99e-02 1.07e-07 1.80e-05 5.64e-04 3.05e-04 1.81e-04 1.42e-05
9.43e-01 1.17e+00 2.96e-03 1.17e+00 2.97e-03 6.23e-196 5.07e-131 6.93e-04 6.93e-04 6.93e-04 2.44e-05
9.55e-01 9.41e-01 7.93e-03 9.40e-01 7.96e-03 2.86e-04 1.83e-03 9.33e-04 5.02e-04 3.47e-04 3.75e-05
9.71e-01 8.53e-01 2.78e-02 8.50e-01 2.80e-02 9.93e-09 7.28e-03 8.38e-04 4.61e-04 2.83e-04 6.45e-05
9.41e-01 1.09e+00 1.91e-03 1.09e+00 1.91e-03 7.05e-91 1.55e-80 7.09e-04 7.09e-04 7.09e-04 1.78e-05
9.28e-01 8.37e-01 1.77e-02 8.40e-01 1.80e-02 1.73e-08 3.52e-03 6.06e-04 4.08e-04 2.84e-04 2.99e-05
9.66e-01 8.79e-01 1.62e-02 8.80e-01 1.62e-02 1.33e-11 2.71e-03 5.86e-04 2.89e-04 2.56e-04 3.34e-05
9.63e-01 8.40e-01 8.33e-03 8.40e-01 8.33e-03 1.74e-28 2.02e-03 9.90e-04 4.98e-04 4.28e-04 3.98e-05
9.63e-01 8.40e-01 1.59e-03 8.40e-01 1.59e-03 2.37e-35 7.59e-04 7.40e-04 7.40e-04 7.40e-04 7.40e-04
9.65e-01 8.23e-01 3.44e-02 8.20e-01 3.46e-02 9.51e-07 7.59e-03 8.08e-04 3.55e-04 2.14e-04 2.09e-05
9.44e-01 8.66e-01 7.76e-02 8.30e-01 8.54e-02 2.09e-04 1.27e-02 8.16e-04 2.82e-04 1.39e-04 2.05e-05
9.39e-01 8.49e-01 2.96e-02 8.40e-01 3.09e-02 1.34e-05 7.39e-03 8.66e-04 3.83e-04 2.39e-04 2.99e-05
9.28e-01 8.77e-01 1.24e-02 8.80e-01 1.28e-02 6.81e-08 2.38e-03 6.34e-04 5.63e-04 2.52e-04 8.53e-05
9.23e-01 1.15e+00 2.67e-01 1.09e+00 2.74e-01 9.79e-06 3.06e-04 5.92e-04 2.07e-04 1.14e-04 3.56e-06
9.55e-01 8.36e-01 3.00e-02 8.40e-01 3.03e-02 7.68e-08 7.08e-03 7.72e-04 3.14e-04 2.79e-04 2.99e-05
9.42e-01 7.81e-01 2.41e-02 7.80e-01 2.41e-02 2.70e-15 3.47e-03 6.43e-04 3.42e-04 1.19e-04 2.60e-05
9.27e-01 8.50e-01 2.11e-03 8.50e-01 2.11e-03 3.12e-25 7.73e-04 7.39e-04 7.39e-04 7.39e-04 2.23e-05
9.67e-01 8.53e-01 1.18e-02 8.50e-01 1.21e-02 1.64e-21 2.98e-03 7.83e-04 6.30e-04 3.42e-04 8.92e-05
9.31e-01 8.53e-01 5.06e-03 8.50e-01 5.86e-03 1.26e-15 1.03e-03 7.39e-04 7.39e-04 2.71e-04 2.71e-04
9.44e-01 7.83e-01 2.56e-02 7.80e-01 2.58e-02 5.63e-11 6.07e-03 8.77e-04 4.43e-04 2.12e-04 3.02e-05
9.67e-01 8.57e-01 1.22e-02 8.60e-01 1.25e-02 1.54e-17 3.19e-03 9.38e-04 3.95e-04 3.95e-04 4.44e-05
9.54e-01 9.39e-01 1.05e-01 9.30e-01 1.06e-01 5.98e-04 5.02e-03 5.79e-04 2.28e-04 1.44e-04 1.11e-05
9.65e-01 8.35e-01 1.03e-02 8.30e-01 1.13e-02 4.24e-21 2.67e-03 9.94e-04 3.80e-04 3.15e-04 4.49e-05
9.55e-01 8.26e-01 3.75e-02 8.40e-01 4.01e-02 4.25e-06 7.12e-03 6.98e-04 3.10e-04 1.62e-04 1.85e-05
9.20e-01 8.00e-01 3.41e-02 7.90e-01 3.56e-02 3.93e-06 8.27e-03 8.76e-04 3.42e-04 1.86e-04 3.52e-05
9.61e-01 9.51e-01 3.41e-02 9.40e-01 3.58e-02 1.45e-05 1.37e-03 7.32e-04 3.68e-04 2.43e-04 1.84e-05
9.28e-01 8.41e-01 8.19e-03 8.40e-01 8.21e-03 7.50e-11 1.31e-03 7.43e-04 2.73e-04 2.20e-04 2.61e-05
9.63e-01 8.73e-01 1.35e-02 8.70e-01 1.38e-02 3.16e-16 3.56e-03 9.38e-04 4.77e-04 2.95e-04 6.39e-05
9.30e-01 7.90e-01 1.34e-02 7.90e-01 1.34e-02 1.03e-20 3.33e-03 7.70e-04 3.32e-04 3.17e-04 8.05e-05
9.35e-01 8.24e-01 7.32e-03 8.20e-01 8.51e-03 1.80e-22 2.07e-03 9.96e-04 8.06e-04 8.06e-04 1.10e-04
9.52e-01 9.54e-01 7.36e-02 9.30e-01 7.73e-02 6.47e-04 6.53e-03 5.64e-04 2.05e-04 1.24e-04 1.54e-05
9.63e-01 9.56e-01 5.25e-03 9.60e-01 6.35e-03 6.76e-04 1.49e-03 9.17e-04 5.58e-04 5.58e-04 5.58e-04
9.61e-01 9.63e-01 4.81e-03 9.60e-01 5.67e-03 8.45e-04 9.89e-04 9.17e-04 9.17e-04 4.15e-04 4.15e-04
9.61e-01 8.24e-01 5.78e-03 8.20e-01 7.15e-03 4.81e-65 1.85e-03 9.96e-04 7.76e-04 7.76e-04 5.51e-05
9.51e-01 8.51e-01 1.14e-02 8.50e-01 1.14e-02 4.31e-16 2.78e-03 9.87e-04 6.35e-04 2.33e-04 5.95e-05
9.42e-01 8.14e-01 2.37e-02 8.10e-01 2.40e-02 7.31e-10 5.70e-03 8.68e-04 3.51e-04 2.66e-04 3.51e-05
9.58e-01 7.72e-01 5.44e-02 7.70e-01 5.45e-02 3.58e-06 1.42e-02 9.00e-04 3.49e-04 1.96e-04 2.73e-05
9.48e-01 7.99e-01 1.19e-02 8.00e-01 1.19e-02 4.52e-26 2.98e-03 1.00e-03 6.89e-04 2.77e-04 6.03e-05
9.59e-01 8.40e-01 3.33e-05 8.40e-01 3.33e-05 7.34e-79 7.40e-04 7.40e-04 7.40e-04 7.40e-04 7.40e-04
9.48e-01 8.47e-01 9.28e-03 8.50e-01 9.82e-03 2.34e-18 2.55e-03 9.87e-04 9.47e-04 3.52e-04 7.44e-05
9.22e-01 8.31e-01 6.75e-02 8.50e-01 7.01e-02 1.62e-04 9.98e-03 6.20e-04 2.79e-04 1.82e-04 2.23e-05
9.65e-01 9.28e-01 4.68e-03 9.30e-01 5.07e-03 1.85e-14 9.52e-04 7.33e-04 7.33e-04 2.06e-04 2.06e-04
9.67e-01 1.04e+00 2.50e-02 1.03e+00 2.91e-02 7.54e-09 2.94e-05 6.11e-04 3.54e-04 3.54e-04 7.60e-05
9.52e-01 9.51e-01 4.65e-03 9.50e-01 4.86e-03 7.74e-04 1.03e-03 9.25e-04 9.25e-04 2.28e-04 6.05e-05
9.61e-01 8.72e-01 2.41e-02 8.80e-01 2.55e-02 1.85e-07 4.39e-03 6.71e-04 3.11e-04 1.96e-04 3.71e-05
9.66e-01 8.15e-01 2.66e-02 8.10e-01 2.71e-02 1.13e-08 6.01e-03 8.28e-04 3.51e-04 1.91e-04 2.01e-05
9.22e-01 1.01e+00 9.25e-02 1.08e+00 1.16e-01 3.35e-04 3.14e-03 5.34e-04 2.41e-04 1.35e-04 1.83e-05
9.51e-01 8.51e-01 1.45e-01 8.50e-01 1.45e-01 1.65e-06 7.79e-03 5.94e-04 2.71e-04 1.34e-04 2.23e-05
9.19e-01 7.52e-01 2.70e-02 7.60e-01 2.80e-02 1.28e-07 5.22e-03 6.02e-04 2.94e-04 2.60e-04 2.97e-05
9.62e-01 8.40e-01 2.44e-04 8.40e-01 2.44e-04 7.25e-54 7.40e-04 7.40e-04 7.40e-04 7.40e-04 7.40e-04
9.44e-01 8.09e-01 1.09e-02 8.10e-01 1.10e-02 4.95e-25 2.74e-03 9.99e-04 5.82e-04 2.36e-04 3.51e-05
9.57e-01 9.70e-01 2.51e-03 9.70e-01 2.51e-03 1.76e-05 1.76e-05 9.09e-04 9.09e-04 9.09e-04 4.11e-05
9.57e-01 8.68e-01 2.95e-02 8.70e-01 2.96e-02 2.10e-05 5.35e-03 6.90e-04 3.53e-04 1.71e-04 1.94e-05
9.51e-01 1.78e+00 3.90e-01 2.04e+00 4.68e-01 3.95e-06 1.92e-03 3.55e-04 1.56e-04 6.87e-05 1.18e-05
9.63e-01 8.96e-01 7.56e-03 9.00e-01 8.43e-03 3.18e-12 1.37e-03 7.36e-04 4.22e-04 4.22e-04 9.99e-05
9.30e-01 8.75e-01 7.05e-03 8.80e-01 8.52e-03 2.05e-26 1.48e-03 7.38e-04 5.75e-04 5.75e-04 7.41e-05
9.43e-01 8.42e-01 6.99e-02 8.70e-01 7.52e-02 2.29e-04 1.08e-02 6.59e-04 2.24e-04 1.68e-04 2.59e-05
9.56e-01 8.23e-01 3.23e-02 8.40e-01 3.65e-02 2.60e-08 4.39e-03 7.07e-04 2.17e-04 1.33e-04 1.90e-05
9.42e-01 8.06e-01 1.16e-02 8.10e-01 1.24e-02 2.38e-22 3.09e-03 9.49e-04 4.92e-04 4.27e-04 9.54e-05
9.51e-01 8.02e-01 4.20e-02 8.10e-01 4.28e-02 8.44e-06 7.61e-03 6.91e-04 3.07e-04 1.62e-04 2.02e-05
9.51e-01 8.20e-01 1.23e-02 8.20e-01 1.24e-02 8.66e-15 2.77e-03 9.96e-04 6.06e-04 1.95e-04 3.00e-05
9.66e-01 7.80e-01 1.02e-03 7.80e-01 1.02e-03 8.25e-98 2.18e-04 2.16e-04 2.16e-04 2.16e-04 2.16e-04
9.40e-01 8.75e-01 5.01e-02 8.60e-01 5.22e-02 2.26e-04 8.40e-03 7.12e-04 2.49e-04 1.45e-04 2.27e-05
9.53e-01 8.96e-01 5.83e-03 9.00e-01 7.18e-03 6.83e-17 1.24e-03 7.36e-04 4.44e-04 4.44e-04 4.81e-05
9.67e-01 9.73e-01 2.33e-02 9.70e-01 2.35e-02 8.71e-04 2.59e-03 7.99e-04 3.38e-04 2.83e-04 4.11e-05
9.48e-01 8.94e-01 1.24e-02 8.90e-01 1.30e-02 1.40e-08 2.33e-03 7.07e-04 3.44e-04 2.89e-04 1.04e-04
9.33e-01 8.46e-01 4.98e-03 8.50e-01 6.39e-03 3.83e-26 1.25e-03 7.39e-04 5.05e-04 5.05e-04 5.05e-04
9.70e-01 8.58e-01 2.50e-02 8.60e-01 2.51e-02 1.11e-08 6.19e-03 8.89e-04 4.59e-04 2.47e-04 3.46e-05
9.28e-01 8.27e-01 2.00e-01 7.70e-01 2.08e-01 1.08e-04 1.22e-02 5.87e-04 2.68e-04 1.64e-04 1.12e-05
9.49e-01 1.09e+00 1.10e-02 1.09e+00 1.18e-02 4.91e-33 2.14e-06 7.09e-04 6.17e-04 6.17e-04 4.63e-05
9.67e-01 9.09e-01 1.46e-02 9.10e-01 1.47e-02 6.18e-07 3.52e-03 7.96e-04 4.13e-04 3.36e-04 3.36e-05
9.59e-01 9.12e-01 1.57e-02 9.10e-01 1.58e-02 6.45e-06 3.79e-03 9.26e-04 5.04e-04 3.41e-04 3.36e-05
9.54e-01 9.31e-01 3.31e-01 8.30e-01 3.46e-01 3.49e-05 1.00e-02 5.99e-04 2.31e-04 1.19e-04 7.44e-06
9.61e-01 8.83e-01 2.08e-02 8.80e-01 2.10e-02 2.61e-07 5.21e-03 7.82e-04 4.64e-04 2.10e-04 4.89e-05
9.46e-01 8.71e-01 2.84e-02 8.70e-01 2.84e-02 1.35e-05 5.17e-03 5.90e-04 2.78e-04 1.93e-04 2.60e-05
9.61e-01 8.30e-01 2.12e-03 8.30e-01 2.12e-03 3.47e-111 2.39e-04 2.29e-04 2.29e-04 2.29e-04 6.89e-06
9.22e-01 8.44e-01 5.21e-03 8.40e-01 6.65e-03 1.20e-15 1.26e-03 7.40e-04 5.02e-04 5.02e-04 5.02e-04
9.59e-01 8.23e-01 2.97e-02 8.20e-01 2.99e-02 5.29e-08 7.07e-03 7.61e-04 3.30e-04 1.85e-04 4.01e-05
9.39e-01 1.13e+00 5.67e-02 1.15e+00 5.92e-02 2.80e-08 1.43e-06 5.78e-04 3.15e-04 1.79e-04 2.45e-05
9.42e-01 8.12e-01 2.93e-02 8.10e-01 2.94e-02 1.52e-08 7.75e-03 8.38e-04 4.12e-04 2.21e-04 4.02e-05
9.57e-01 8.36e-01 1.71e-01 8.10e-01 1.73e-01 3.29e-05 1.14e-02 5.95e-04 2.75e-04 1.67e-04 1.49e-05
9.55e-01 1.03e+00 5.52e-03 1.03e+00 5.86e-03 6.01e-26 6.01e-26 8.52e-04 8.52e-04 3.21e-04 8.56e-05
9.39e-01 9.03e-01 7.75e-03 9.00e-01 8.25e-03 3.51e-07 1.96e-03 9.61e-04 6.33e-04 2.61e-04 9.66e-05
9.54e-01 8.50e-01 3.50e-03 8.50e-01 3.50e-03 6.67e-22 8.36e-04 7.39e-04 7.39e-04 7.39e-04 4.83e-05
9.28e-01 8.26e-01 6.24e-03 8.30e-01 7.57e-03 4.17e-32 1.98e-03 9.94e-04 8.54e-04 8.54e-04 4.99e-05
9.58e-01 8.34e-01 9.75e-03 8.30e-01 1.07e-02 8.26e-18 2.51e-03 9.94e-04 3.45e-04 3.45e-04 3.50e-05
9.56e-01 9.10e-01 2.11e-02 9.20e-01 2.33e-02 6.55e-05 4.81e-03 7.43e-04 3.33e-04 2.91e-04 2.86e-05
9.55e-01 9.20e-01 2.62e-03 9.20e-01 2.62e-03 8.40e-15 7.75e-04 7.34e-04 7.34e-04 7.34e-04 2.21e-05
9.39e-01 8.58e-01 4.85e-02 8.40e-01 5.16e-02 8.83e-05 8.82e-03 6.40e-04 2.62e-04 1.64e-04 1.64e-05
9.69e-01 8.97e-01 1.92e-02 9.00e-01 1.94e-02 1.54e-07 4.83e-03 7.82e-04 3.96e-04 2.51e-04 5.80e-05
9.35e-01 1.01e+00 4.96e-03 1.01e+00 6.39e-03 1.59e-10 1.76e-08 7.23e-04 4.98e-04 4.98e-04 4.98e-04
9.30e-01 8.50e-01 8.36e-03 8.50e-01 8.36e-03 1.13e-20 1.57e-03 7.41e-04 3.58e-04 3.58e-04 3.35e-05
9.61e-01 8.35e-01 2.02e-02 8.30e-01 2.09e-02 1.88e-09 4.70e-03 8.99e-04 4.39e-04 2.00e-04 4.49e-05
9.49e-01 8.94e-01 5.95e-03 8.90e-01 7.00e-03 3.29e-17 1.72e-03 9.67e-04 6.56e-04 6.56e-04 7.78e-05
9.29e-01 9.03e-01 4.52e-02 9.10e-01 4.57e-02 8.52e-04 8.02e-03 7.77e-04 3.21e-04 2.06e-04 2.88e-05
9.63e-01 9.86e-01 2.58e-02 9.80e-01 2.65e-02 6.43e-04 1.45e-03 7.73e-04 3.48e-04 2.26e-04 3.17e-05
9.60e-01 9.06e-01 4.09e-02 8.90e-01 4.40e-02 1.93e-04 3.13e-03 6.59e-04 1.93e-04 1.30e-04 1.85e-05
9.48e-01 8.56e-01 2.02e-02 8.50e-01 2.10e-02 3.09e-07 4.19e-03 6.46e-04 3.37e-04 2.17e-04 6.02e-05
9.44e-01 8.23e-01 2.33e-02 8.30e-01 2.43e-02 1.09e-08 3.69e-03 7.11e-04 3.18e-04 1.17e-04 2.09e-05
9.57e-01 8.27e-01 4.60e-02 8.50e-01 5.12e-02 1.66e-05 1.19e-02 7.91e-04 3.87e-04 2.16e-04 2.84e-05
9.37e-01 8.75e-01 1.46e-02 8.80e-01 1.54e-02 3.60e-08 2.68e-03 6.71e-04 3.63e-04 1.78e-04 5.19e-05
9.46e-01 8.12e-01 2.44e-02 8.40e-01 3.70e-02 4.65e-14 4.41e-03 6.78e-04 3.43e-04 2.54e-04 3.47e-05
9.37e-01 8.55e-01 1.27e-02 8.50e-01 1.38e-02 1.05e-10 3.18e-03 8.58e-04 4.61e-04 4.61e-04 3.97e-05
9.47e-01 7.87e-01 2.24e-02 7.90e-01 2.26e-02 1.65e-11 5.64e-03 8.81e-04 4.83e-04 2.57e-04 4.03e-05
9.26e-01 9.22e-01 6.38e-03 9.20e-01 6.81e-03 6.74e-04 1.39e-03 9.48e-04 4.91e-04 4.91e-04 1.48e-04
9.43e-01 8.34e-01 1.82e-02 8.30e-01 1.87e-02 3.06e-09 4.37e-03 8.99e-04 3.99e-04 3.25e-04 3.99e-05
9.63e-01 8.63e-01 1.90e-02 8.60e-01 1.92e-02 3.31e-09 4.85e-03 8.44e-04 5.87e-04 2.17e-04 4.94e-05
9.30e-01 8.76e-01 3.73e-01 7.20e-01 4.04e-01 8.94e-05 7.25e-03 5.37e-04 1.33e-04 6.30e-05 7.41e-06
9.59e-01 9.00e-01 1.53e-02 9.00e-01 1.53e-02 3.16e-07 3.60e-03 7.68e-04 4.06e-04 3.77e-04 4.35e-05
9.12e-01 9.56e-01 1.02e-01 8.70e-01 1.33e-01 1.57e-04 3.34e-03 5.01e-04 1.56e-04 7.59e-05 7.59e-06
9.62e-01 1.00e+00 6.92e-03 1.00e+00 7.50e-03 2.12e-08 2.13e-08 8.81e-04 6.69e-04 6.69e-04 3.10e-05
9.57e-01 9.12e-01 1.65e-02 9.10e-01 1.67e-02 2.08e-05 4.03e-03 9.50e-04 3.65e-04 2.21e-04 5.28e-05
9.29e-01 8.86e-01 1.38e-02 8.90e-01 1.45e-02 2.27e-06 2.26e-03 7.37e-04 3.18e-04 3.18e-04 2.22e-05
9.54e-01 8.92e-01 8.47e-03 8.90e-01 8.75e-03 1.31e-12 1.73e-03 7.37e-04 6.04e-04 2.89e-04 3.33e-05
9.67e-01 8.38e-01 2.26e-02 8.40e-01 2.27e-02 2.06e-07 4.88e-03 8.94e-04 3.24e-04 1.68e-04 3.35e-05
9.60e-01 8.41e-01 4.81e-03 8.40e-01 5.02e-03 4.88e-24 9.67e-04 7.40e-04 7.40e-04 1.78e-04 4.83e-05
9.47e-01 9.41e-01 2.99e-02 9.30e-01 3.18e-02 7.49e-05 9.60e-04 7.33e-04 7.33e-04 2.25e-04 5.16e-05
9.44e-01 8.31e-01 2.76e-03 8.30e-01 2.89e-03 1.24e-138 2.49e-04 2.29e-04 2.29e-04 2.29e-04 2.18e-05
9.52e-01 9.80e-01 2.46e-03 9.80e-01 2.46e-03 1.96e-10 1.96e-10 9.00e-04 9.00e-04 9.00e-04 3.62e-05
9.63e-01 8.72e-01 2.47e-02 8.80e-01 2.59e-02 1.33e-08 4.10e-03 7.04e-04 2.97e-04 2.56e-04 4.45e-05
9.68e-01 9.60e-01 5.00e-03 9.60e-01 5.02e-03 3.17e-04 1.19e-03 9.17e-04 9.17e-04 1.80e-04 1.24e-04
9.21e-01 7.92e-01 3.47e-02 7.90e-01 3.48e-02 3.75e-06 8.38e-03 8.05e-04 3.22e-04 1.86e-04 4.03e-05
9.47e-01 8.06e-01 3.52e-02 8.20e-01 3.79e-02 1.07e-06 6.89e-03 7.61e-04 3.00e-04 1.88e-04 2.24e-05
9.53e-01 9.71e-01 6.12e-02 1.03e+00 8.51e-02 3.32e-07 1.89e-03 6.76e-04 4.34e-04 1.56e-04 2.17e-05
9.63e-01 9.60e-01 3.29e-03 9.60e-01 3.31e-03 6.34e-04 9.78e-04 9.17e-04 9.17e-04 9.17e-04 3.69e-05
9.50e-01 8.60e-01 1.12e-02 8.60e-01 1.12e-02 3.23e-15 2.82e-03 9.82e-04 5.92e-04 2.12e-04 4.94e-05
9.46e-01 8.43e-01 1.41e-02 8.40e-01 1.45e-02 5.49e-12 3.32e-03 7.47e-04 4.08e-04 2.19e-04 3.48e-05
9.63e-01 8.51e-01 1.88e-02 8.50e-01 1.88e-02 3.16e-09 4.56e-03 9.32e-04 5.11e-04 2.28e-04 5.45e-05
9.61e-01 8.24e-01 4.16e-02 8.40e-01 4.46e-02 2.39e-07 6.00e-03 5.69e-04 2.19e-04 1.22e-04 2.44e-05
9.42e-01 8.34e-01 2.26e-02 8.40e-01 2.35e-02 8.95e-16 1.67e-03 7.40e-04 3.76e-04 1.93e-04 1.49e-05
9.54e-01 1.18e+00 5.60e-04 1.18e+00 5.60e-04 0.00e+00 6.58e-207 6.91e-04 6.91e-04 6.91e-04 6.91e-04
9.37e-01 8.56e-01 1.44e-02 8.60e-01 1.49e-02 9.48e-10 3.73e-03 9.73e-04 5.78e-04 2.72e-04 3.95e-05
9.59e-01 8.40e-01 6.79e-04 8.40e-01 6.80e-04 2.86e-40 7.43e-04 7.40e-04 7.40e-04 7.40e-04 7.40e-04
9.59e-01 1.05e+00 2.86e-02 1.04e+00 2.95e-02 1.21e-06 1.52e-06 5.99e-04 3.03e-04 1.52e-04 2.53e-05
9.33e-01 8.66e-01 7.54e-02 8.90e-01 7.92e-02 5.71e-04 1.26e-02 7.04e-04 2.44e-04 1.58e-04 2.87e-05
9.35e-01 1.08e+00 1.05e-02 1.08e+00 1.05e-02 4.31e-08 3.12e-06 7.11e-04 7.11e-04 7.11e-04 2.86e-05
9.25e-01 8.48e-01 4.42e-03 8.50e-01 5.05e-03 8.74e-25 9.92e-04 7.39e-04 7.39e-04 2.49e-04 2.49e-04
9.28e-01 8.29e-01 1.84e-02 8.30e-01 1.84e-02 3.44e-09 4.46e-03 8.54e-04 4.99e-04 2.30e-04 3.00e-05
9.58e-01 8.36e-01 4.31e-02 8.50e-01 4.53e-02 6.66e-06 6.55e-03 6.80e-04 2.23e-04 1.11e-04 2.06e-05
9.46e-01 8.40e-01 2.90e-04 8.40e-01 2.90e-04 6.71e-59 7.40e-04 7.40e-04 7.40e-04 7.40e-04 7.40e-04
9.22e-01 8.10e-01 4.49e-02 7.80e-01 5.41e-02 1.92e-05 1.07e-02 7.49e-04 5.06e-04 2.88e-04 5.57e-05
9.64e-01 8.95e-01 1.15e-02 9.00e-01 1.26e-02 5.80e-13 2.91e-03 9.61e-04 4.49e-04 4.25e-04 8.69e-05
9.31e-01 8.72e-01 1.14e-02 8.70e-01 1.15e-02 3.44e-10 2.89e-03 8.11e-04 5.90e-04 2.80e-04 4.42e-05
9.54e-01 8.37e-01 1.26e-02 8.40e-01 1.29e-02 5.00e-16 1.48e-03 7.73e-04 2.91e-04 1.79e-04 2.33e-05
9.49e-01 9.02e-01 4.24e-03 9.00e-01 4.64e-03 1.56e-17 1.22e-03 9.61e-04 9.61e-04 9.61e-04 2.46e-04
9.42e-01 8.79e-01 1.03e-02 8.80e-01 1.03e-02 1.36e-21 1.43e-03 7.38e-04 3.48e-04 2.30e-04 2.59e-05
9.27e-01 8.43e-01 5.51e-02 8.80e-01 6.63e-02 2.52e-04 9.71e-03 5.97e-04 2.74e-04 1.82e-04 2.59e-05
9.29e-01 7.99e-01 3.96e-02 7.80e-01 4.39e-02 4.89e-06 9.39e-03 7.79e-04 3.24e-04 1.87e-04 3.54e-05
9.47e-01 8.37e-01 3.78e-02 8.30e-01 3.84e-02 2.20e-05 8.71e-03 8.09e-04 3.30e-04 1.70e-04 3.00e-05
9.35e-01 8.93e-01 5.25e-03 8.90e-01 5.98e-03 1.35e-16 1.13e-03 7.37e-04 3.59e-04 3.59e-04 4.07e-05
9.61e-01 8.91e-01 5.82e-03 8.90e-01 5.87e-03 1.67e-33 1.44e-03 9.67e-04 9.67e-04 2.87e-04 1.85e-04
9.65e-01 8.99e-01 1.44e-02 9.00e-01 1.44e-02 2.02e-08 3.42e-03 7.53e-04 3.67e-04 3.43e-04 3.38e-05
9.54e-01 1.09e+00 4.66e-03 1.09e+00 5.61e-03 0.00e+00 6.01e-58 7.09e-04 7.09e-04 3.24e-04 3.24e-04
9.49e-01 1.04e+00 6.14e-03 1.04e+00 6.34e-03 1.45e-10 2.59e-08 7.18e-04 3.25e-04 3.25e-04 1.30e-04
9.64e-01 7.90e-01 8.65e-04 7.90e-01 8.65e-04 5.52e-31 2.19e-04 2.18e-04 2.18e-04 2.18e-04 2.18e-04
9.21e-01 8.50e-01 2.27e-03 8.50e-01 2.32e-03 2.13e-26 7.83e-04 7.42e-04 7.42e-04 7.42e-04 4.10e-05
9.49e-01 8.93e-01 6.71e-03 8.90e-01 7.17e-03 8.61e-18 1.36e-03 7.37e-04 4.59e-04 4.59e-04 1.41e-04
9.34e-01 7.86e-01 1.12e-02 7.90e-01 1.19e-02 1.03e-31 3.05e-03 9.62e-04 4.88e-04 4.13e-04 7.05e-05
9.53e-01 7.99e-01 1.06e-02 8.00e-01 1.07e-02 4.87e-36 2.67e-03 1.00e-03 5.73e-04 2.16e-04 3.52e-05
9.50e-01 1.03e+00 2.72e-02 1.03e+00 2.74e-02 2.76e-06 3.33e-06 7.11e-04 3.30e-04 1.71e-04 3.42e-05
9.41e-01 8.13e-01 3.31e-02 8.30e-01 3.74e-02 1.79e-09 4.39e-03 6.91e-04 2.05e-04 1.37e-04 1.52e-05
9.45e-01 8.88e-01 4.36e-03 8.90e-01 5.01e-03 1.25e-45 1.28e-03 9.67e-04 9.67e-04 3.16e-04 3.16e-04
9.32e-01 8.42e-01 2.04e-02 8.40e-01 2.05e-02 1.89e-09 4.12e-03 6.88e-04 3.87e-04 2.42e-04 3.72e-05
9.25e-01 8.20e-01 7.08e-03 8.20e-01 7.08e-03 1.50e-32 1.76e-03 9.96e-04 3.76e-04 3.51e-04 2.50e-05
9.32e-01 7.21e-01 1.02e-01 6.50e-01 1.25e-01 1.63e-10 1.79e-03 7.28e-04 3.37e-04 2.56e-04 1.10e-05
9.44e-01 1.07e+00 4.77e-03 1.07e+00 5.77e-03 1.73e-27 1.66e-20 7.13e-04 3.55e-04 3.55e-04 3.55e-04
9.66e-01 1.19e+00 9.49e-04 1.19e+00 9.53e-04 0.00e+00 0.00e+00 6.88e-04 6.88e-04 6.88e-04 6.88e-04
9.33e-01 1.17e+00 1.27e-02 1.17e+00 1.34e-02 1.27e-16 2.25e-11 6.93e-04 3.31e-04 2.54e-04 2.09e-05
9.28e-01 8.84e-01 1.05e-02 8.90e-01 1.19e-02 1.56e-13 1.81e-03 7.37e-04 2.96e-04 2.81e-04 2.81e-04
9.24e-01 8.24e-01 1.48e-02 8.20e-01 1.54e-02 2.95e-14 2.60e-03 6.62e-04 2.72e-04 1.64e-04 2.98e-05
9.66e-01 9.11e-01 1.99e-02 9.10e-01 1.99e-02 2.49e-05 4.89e-03 8.49e-04 3.74e-04 2.73e-04 3.84e-05
9.27e-01 8.30e-01 2.56e-02 8.30e-01 2.56e-02 3.88e-06 4.73e-03 8.52e-04 2.98e-04 1.54e-04 2.80e-05
9.34e-01 8.31e-01 2.12e-02 8.30e-01 2.12e-02 2.78e-08 4.04e-03 6.40e-04 3.42e-04 1.52e-04 4.09e-05
9.36e-01 8.42e-01 2.09e-02 8.40e-01 2.10e-02 9.27e-08 5.03e-03 8.26e-04 3.83e-04 2.79e-04 4.48e-05
9.53e-01 9.02e-01 6.47e-03 9.00e-01 6.70e-03 1.94e-16 1.60e-03 9.61e-04 4.25e-04 4.25e-04 1.93e-04
9.27e-01 7.78e-01 1.31e-02 7.80e-01 1.33e-02 6.97e-23 3.35e-03 8.51e-04 4.18e-04 2.37e-04 5.04e-05
9.64e-01 9.23e-01 1.08e-02 9.20e-01 1.11e-02 1.06e-07 1.66e-03 7.34e-04 5.17e-04 2.44e-04 5.17e-05
9.60e-01 8.11e-01 1.02e-01 8.00e-01 1.03e-01 4.28e-06 9.92e-03 5.88e-04 2.90e-04 1.93e-04 1.86e-05
9.57e-01 1.18e+00 2.71e-03 1.18e+00 2.83e-03 0.00e+00 1.49e-320 6.91e-04 6.91e-04 6.91e-04 6.25e-05
9.35e-01 8.10e-01 1.98e-04 8.10e-01 1.98e-04 3.64e-270 2.24e-04 2.24e-04 2.24e-04 2.24e-04 2.24e-04
9.64e-01 1.00e+00 2.30e-02 1.00e+00 2.30e-02 2.21e-04 3.77e-04 6.52e-04 2.99e-04 1.53e-04 2.18e-05
9.36e-01 1.18e+00 1.06e-01 1.17e+00 1.06e-01 1.37e-10 8.59e-07 6.93e-04 2.75e-04 1.57e-04 1.39e-05
9.66e-01 1.05e+00 1.01e-02 1.05e+00 1.02e-02 9.62e-17 1.83e-09 5.98e-04 4.61e-04 4.61e-04 8.64e-05
9.60e-01 1.02e+00 1.05e-02 1.02e+00 1.08e-02 5.37e-09 5.42e-09 8.62e-04 4.11e-04 1.91e-04 3.46e-05
9.59e-01 9.09e-01 8.75e-03 9.10e-01 8.83e-03 2.68e-10 2.22e-03 9.55e-04 4.65e-04 4.65e-04 5.76e-05
9.38e-01 7.79e-01 3.29e-02 7.70e-01 3.41e-02 6.35e-08 7.55e-03 8.16e-04 3.22e-04 2.32e-04 2.52e-05
9.47e-01 8.49e-01 1.84e-02 8.50e-01 1.85e-02 1.11e-11 1.97e-03 7.42e-04 3.51e-04 1.68e-04 1.12e-05
9.58e-01 9.99e-01 9.71e-02 8.50e-01 1.78e-01 2.00e-08 7.47e-04 7.39e-04 3.42e-04 2.23e-04 2.97e-05
9.67e-01 8.40e-01 1.54e-03 8.40e-01 1.56e-03 1.10e-60 7.58e-04 7.40e-04 7.40e-04 7.40e-04 7.40e-04
9.23e-01 8.92e-01 4.64e-02 8.80e-01 4.81e-02 7.21e-04 1.04e-02 1.02e-03 4.32e-04 2.61e-04 4.86e-05
9.40e-01 9.08e-01 4.46e-03 9.10e-01 4.98e-03 2.06e-11 9.77e-04 7.35e-04 7.35e-04 2.33e-04 2.33e-04
9.65e-01 8.40e-01 5.57e-04 8.40e-01 5.58e-04 4.83e-75 7.42e-04 7.40e-04 7.40e-04 7.40e-04 7.40e-04
9.59e-01 8.65e-01 5.82e-03 8.60e-01 7.89e-03 3.14e-50 2.04e-03 9.82e-04 9.63e-04 9.63e-04 7.41e-05
9.52e-01 1.06e+00 8.97e-02 1.09e+00 9.58e-02 8.30e-20 3.26e-04 7.09e-04 3.10e-04 2.03e-04 4.63e-05
9.52e-01 9.27e-01 7.13e-02 8.40e-01 1.13e-01 7.86e-04 9.13e-03 7.78e-04 3.60e-04 2.22e-04 3.70e-05
9.53e-01 8.11e-01 3.03e-03 8.10e-01 3.19e-03 1.10e-92 2.49e-04 2.24e-04 2.24e-04 2.24e-04 2.59e-05
9.25e-01 9.63e-01 8.62e-03 9.60e-01 9.10e-03 3.40e-07 3.46e-07 9.17e-04 6.68e-04 3.13e-04 1.38e-04
9.38e-01 1.11e+00 1.34e-02 1.11e+00 1.34e-02 3.26e-66 3.97e-34 7.05e-04 3.79e-04 1.81e-04 3.90e-05
9.32e-01 7.86e-01 2.49e-02 7.80e-01 2.57e-02 9.09e-13 3.64e-03 7.22e-04 3.46e-04 1.56e-04 2.60e-05
9.60e-01 1.03e+00 1.50e-01 8.30e-01 2.49e-01 2.31e-05 2.62e-03 4.58e-04 1.86e-04 1.01e-04 1.12e-05
9.44e-01 8.48e-01 1.71e-02 8.50e-01 1.72e-02 4.20e-08 3.83e-03 8.57e-04 3.55e-04 2.22e-04 4.43e-05
9.67e-01 9.72e-01 1.00e-02 9.70e-01 1.03e-02 7.92e-04 1.19e-03 9.09e-04 4.48e-04 4.48e-04 6.85e-05
9.57e-01 9.29e-01 1.46e-02 9.30e-01 1.47e-02 1.57e-04 3.39e-03 7.61e-04 3.69e-04 3.45e-04 3.78e-05
9.47e-01 1.12e+00 2.01e-03 1.12e+00 2.04e-03 0.00e+00 6.87e-162 7.03e-04 7.03e-04 7.03e-04 2.83e-05
9.41e-01 8.49e-01 5.78e-02 8.40e-01 5.85e-02 2.35e-04 1.43e-02 9.64e-04 3.66e-04 1.99e-04 2.57e-05
9.31e-01 8.14e-01 6.53e-03 8.10e-01 7.84e-03 7.75e-37 2.07e-03 9.99e-04 8.88e-04 8.88e-04 6.52e-05
9.65e-01 8.34e-01 1.00e-02 8.40e-01 1.19e-02 9.43e-19 1.81e-03 7.40e-04 6.91e-04 1.90e-04 4.46e-05
9.63e-01 8.45e-01 9.10e-03 8.40e-01 1.03e-02 1.62e-07 1.33e-03 7.40e-04 5.62e-04 5.62e-04 5.62e-04
9.66e-01 8.21e-01 1.00e-02 8.20e-01 1.00e-02 8.19e-31 1.75e-03 7.40e-04 5.21e-04 2.98e-04 5.95e-05
9.26e-01 8.40e-01 1.60e-02 8.40e-01 1.60e-02 2.77e-08 2.03e-03 7.51e-04 3.62e-04 1.62e-04 1.51e-05
9.30e-01 1.13e+00 4.07e-02 1.15e+00 4.76e-02 5.75e-08 3.26e-07 5.64e-04 2.24e-04 1.47e-04 2.80e-05
9.19e-01 8.39e-01 8.10e-02 8.50e-01 8.17e-02 5.91e-04 1.70e-02 7.80e-04 3.31e-04 1.91e-04 2.81e-05
9.56e-01 8.39e-01 1.95e-02 8.40e-01 1.95e-02 2.72e-11 4.72e-03 8.41e-04 5.57e-04 2.79e-04 3.48e-05
9.41e-01 8.45e-01 8.40e-02 8.70e-01 8.78e-02 3.12e-04 1.65e-02 6.89e-04 3.15e-04 1.71e-04 2.78e-05
9.29e-01 8.82e-01 2.20e-01 8.50e-01 2.23e-01 1.31e-04 9.23e-03 6.06e-04 2.53e-04 1.45e-04 1.11e-05
9.59e-01 7.96e-01 3.60e-02 7.90e-01 3.65e-02 1.75e-07 8.22e-03 8.76e-04 3.17e-04 1.61e-04 3.02e-05
9.27e-01 8.39e-01 4.05e-02 8.50e-01 4.19e-02 8.08e-05 1.06e-02 8.28e-04 3.82e-04 2.38e-04 2.97e-05
9.58e-01 9.81e-01 1.09e-02 9.80e-01 1.09e-02 1.16e-04 1.27e-04 9.00e-04 5.61e-04 2.22e-04 2.71e-05
9.29e-01 8.51e-01 1.55e-01 8.30e-01 1.56e-01 9.03e-05 9.02e-03 6.06e-04 2.53e-04 1.52e-04 1.12e-05
9.50e-01 7.62e-01 6.03e-02 7.40e-01 6.43e-02 2.56e-07 7.36e-03 5.98e-04 2.49e-04 1.37e-04 1.86e-05
9.16e-01 1.56e+00 3.58e-01 1.15e+00 5.46e-01 7.84e-06 4.00e-05 4.01e-04 1.51e-04 9.42e-05 1.01e-05
9.57e-01 8.55e-01 4.80e-02 8.50e-01 4.83e-02 1.45e-04 1.33e-02 1.07e-03 4.00e-04 2.00e-04 2.86e-05
9.50e-01 8.57e-01 1.32e-02 8.60e-01 1.35e-02 5.74e-13 1.99e-03 7.39e-04 3.45e-04 3.45e-04 9.28e-05
9.30e-01 1.37e+00 3.29e-01 1.16e+00 3.88e-01 1.58e-07 1.26e-05 4.71e-04 7.68e-05 4.54e-05 6.98e-06
9.40e-01 1.70e+00 3.37e-01 1.85e+00 3.69e-01 8.83e-08 4.18e-04 3.90e-04 1.12e-04 4.85e-05 5.10e-06
9.19e-01 1.10e+00 8.39e-03 1.09e+00 1.10e-02 1.32e-58 2.99e-29 7.09e-04 6.88e-04 2.57e-04 3.21e-05
9.15e-01 1.12e+00 2.48e-02 1.11e+00 2.74e-02 1.26e-14 1.99e-10 5.67e-04 3.30e-04 2.02e-04 2.84e-05
9.36e-01 8.29e-01 6.38e-02 8.70e-01 7.59e-02 1.58e-04 1.29e-02 5.94e-04 3.06e-04 1.95e-04 2.22e-05
9.55e-01 8.29e-01 7.98e-02 8.20e-01 8.04e-02 2.18e-04 1.51e-02 7.37e-04 2.87e-04 1.64e-04 2.05e-05
9.30e-01 8.56e-01 2.84e-02 8.60e-01 2.87e-02 7.78e-08 2.94e-03 7.13e-04 3.47e-04 1.53e-04 1.49e-05
9.18e-01 1.08e+00 2.51e-01 1.16e+00 2.63e-01 8.80e-07 1.60e-03 5.55e-04 1.19e-04 7.68e-05 6.98e-06
9.54e-01 8.27e-01 3.65e-02 8.20e-01 3.71e-02 3.52e-06 8.39e-03 7.76e-04 3.10e-04 2.15e-04 3.00e-05
9.38e-01 8.17e-01 4.85e-02 8.00e-01 5.14e-02 4.29e-05 1.19e-02 7.49e-04 3.87e-04 2.31e-04 3.52e-05
9.46e-01 1.05e+00 4.46e-01 8.10e-01 5.08e-01 3.01e-05 1.04e-02 5.51e-04 1.93e-04 6.32e-05 7.44e-06
9.28e-01 1.30e+00 3.38e-01 1.15e+00 3.70e-01 2.65e-07 2.09e-04 5.39e-04 2.07e-04 4.55e-05 7.01e-06
9.23e-01 8.15e-01 2.26e-02 8.10e-01 2.32e-02 4.75e-09 5.79e-03 8.78e-04 3.21e-04 3.21e-04 3.51e-05
9.32e-01 1.72e+00 3.34e-01 1.65e+00 3.42e-01 3.46e-07 8.87e-05 3.41e-04 1.58e-04 8.60e-05 1.15e-05
9.22e-01 8.06e-01 6.45e-02 8.30e-01 6.88e-02 8.43e-06 4.13e-03 6.27e-04 2.08e-04 6.42e-05 7.55e-06
9.15e-01 7.88e-01 4.58e-02 8.00e-01 4.72e-02 3.32e-05 8.76e-03 7.54e-04 3.18e-04 1.59e-04 1.76e-05
9.25e-01 1.19e+00 2.85e-01 1.10e+00 3.01e-01 2.57e-06 2.82e-04 5.81e-04 2.78e-04 1.18e-04 3.56e-06
9.41e-01 1.13e+00 2.14e-01 1.15e+00 2.15e-01 2.74e-06 1.09e-03 5.40e-04 1.75e-04 8.41e-05 7.01e-06
9.27e-01 9.27e-01 7.14e-02 9.00e-01 7.65e-02 7.24e-04 7.40e-03 5.91e-04 2.55e-04 1.46e-04 2.43e-05
9.36e-01 1.13e+00 1.24e-01 1.15e+00 1.25e-01 3.16e-08 1.24e-04 5.60e-04 3.08e-04 2.31e-04 7.01e-06
9.49e-01 1.16e+00 9.99e-02 1.17e+00 1.00e-01 4.90e-08 2.04e-06 5.40e-04 2.37e-04 1.04e-04 1.04e-05
9.27e-01 8.03e-01 2.77e-02 8.00e-01 2.78e-02 6.09e-08 7.04e-03 7.89e-04 3.92e-04 2.41e-04 3.02e-05
9.19e-01 1.16e+00 1.06e-01 1.16e+00 1.06e-01 3.74e-07 5.72e-06 5.69e-04 2.17e-04 1.15e-04 1.05e-05
9.51e-01 1.49e+00 3.27e-01 1.18e+00 4.47e-01 8.75e-08 7.53e-06 3.68e-04 1.04e-04 6.59e-05 1.04e-05
9.50e-01 7.91e-01 4.85e-02 7.70e-01 5.30e-02 6.24e-06 9.12e-03 5.77e-04 3.05e-04 1.79e-04 2.98e-05
9.20e-01 7.43e-01 6.07e-02 7.00e-01 7.44e-02 1.17e-05 9.86e-03 6.18e-04 2.51e-04 1.83e-04 2.25e-05
9.83e-01 1.00e+00 1.38e-02 1.00e+00 1.38e-02 4.22e-04 6.38e-04 7.44e-04 3.32e-04 3.28e-04 7.09e-05
9.78e-01 8.98e-01 9.30e-03 9.00e-01 9.48e-03 5.91e-13 1.64e-03 7.36e-04 2.89e-04 2.89e-04 5.55e-05
9.88e-01 1.22e+00 5.00e-02 1.19e+00 6.00e-02 8.58e-22 3.88e-17 6.61e-04 2.84e-04 6.57e-05 1.04e-05
1.00e+00 9.56e-01 2.29e-02 9.50e-01 2.36e-02 1.53e-15 9.94e-04 7.31e-04 7.31e-04 1.40e-04 2.94e-05
9.63e-01 9.09e-01 2.91e-03 9.10e-01 3.00e-03 3.79e-27 8.07e-04 7.35e-04 7.35e-04 7.35e-04 6.65e-05
9.88e-01 9.47e-01 6.53e-03 9.50e-01 7.14e-03 3.35e-10 1.59e-03 9.25e-04 4.98e-04 4.98e-04 4.65e-05
9.94e-01 9.25e-01 1.86e-02 9.30e-01 1.93e-02 2.29e-07 4.50e-03 7.71e-04 4.30e-04 1.94e-04 3.31e-05
9.96e-01 1.60e+00 1.90e-01 1.65e+00 1.96e-01 3.96e-05 4.52e-04 4.49e-04 1.24e-04 5.61e-05 5.61e-06
9.96e-01 9.69e-01 7.68e-03 9.70e-01 7.78e-03 9.78e-06 1.77e-03 9.09e-04 4.93e-04 3.01e-04 4.11e-05
1.00e+00 9.48e-01 8.93e-03 9.50e-01 9.14e-03 5.01e-11 1.60e-03 7.31e-04 4.67e-04 2.83e-04 2.94e-05
9.92e-01 9.48e-01 1.11e-02 9.50e-01 1.13e-02 3.42e-07 2.50e-03 9.25e-04 5.16e-04 2.23e-04 5.12e-05
1.01e+00 8.57e-01 8.60e-02 8.20e-01 9.36e-02 5.61e-05 7.71e-03 6.17e-04 1.75e-04 8.33e-05 1.25e-05
1.00e+00 1.00e+00 3.97e-02 1.00e+00 3.97e-02 8.78e-04 4.53e-03 7.44e-04 2.97e-04 1.68e-04 2.21e-05
9.93e-01 1.15e+00 1.17e-01 1.15e+00 1.18e-01 5.86e-06 2.61e-05 5.78e-04 2.59e-04 1.61e-04 7.01e-06
1.00e+00 9.97e-01 2.82e-02 1.00e+00 2.84e-02 7.35e-04 1.53e-03 8.81e-04 4.16e-04 4.16e-04 4.87e-05
9.82e-01 1.32e+00 1.38e-01 1.28e+00 1.45e-01 1.07e-10 6.02e-09 5.03e-04 2.95e-04 1.81e-04 1.68e-05
9.62e-01 8.48e-01 2.67e-02 8.40e-01 2.78e-02 2.88e-07 6.20e-03 6.83e-04 3.61e-04 3.05e-04 3.01e-05
9.69e-01 9.37e-01 2.08e-02 9.40e-01 2.09e-02 2.58e-04 4.46e-03 7.88e-04 3.19e-04 2.44e-04 2.34e-05
9.83e-01 9.17e-01 1.13e-02 9.20e-01 1.17e-02 4.20e-16 2.74e-03 9.48e-04 5.57e-04 3.62e-04 6.67e-05
9.89e-01 9.61e-01 9.51e-03 9.60e-01 9.56e-03 1.63e-05 2.18e-03 9.17e-04 4.75e-04 4.75e-04 7.84e-05
1.00e+00 9.81e-01 1.03e-02 9.80e-01 1.03e-02 1.48e-04 2.26e-03 9.00e-04 5.43e-04 5.43e-04 9.50e-05
9.96e-01 1.11e+00 6.22e-02 1.11e+00 6.23e-02 8.09e-05 4.93e-04 6.42e-04 2.89e-04 1.41e-04 1.52e-05
9.87e-01 1.06e+00 1.35e-02 1.06e+00 1.35e-02 8.92e-11 9.11e-11 6.92e-04 2.93e-04 2.47e-04 4.95e-05
1.01e+00 9.57e-01 3.69e-02 9.40e-01 4.05e-02 2.39e-05 2.69e-03 6.22e-04 3.50e-04 1.21e-04 1.47e-05
1.00e+00 9.14e-01 1.26e-02 9.10e-01 1.33e-02 7.64e-10 2.12e-03 7.35e-04 3.33e-04 3.33e-04 7.76e-05
9.73e-01 9.72e-01 7.87e-02 1.01e+00 8.72e-02 5.28e-04 6.48e-03 4.88e-04 2.90e-04 1.39e-04 2.20e-05
9.77e-01 8.72e-01 1.80e-02 8.70e-01 1.81e-02 2.15e-10 4.81e-03 8.84e-04 5.94e-04 3.49e-04 4.42e-05
1.01e+00 1.20e+00 1.78e-02 1.19e+00 2.16e-02 4.99e-39 1.14e-11 6.69e-04 2.35e-04 1.48e-04 1.24e-04
9.63e-01 8.41e-01 2.42e-03 8.40e-01 2.49e-03 3.81e-29 7.89e-04 7.40e-04 7.40e-04 7.40e-04 4.83e-05
9.97e-01 9.33e-01 9.76e-03 9.30e-01 1.02e-02 1.56e-16 2.53e-03 9.41e-04 9.27e-04 3.69e-04 8.04e-05
1.00e+00 9.54e-01 9.20e-03 9.50e-01 1.00e-02 2.96e-09 2.32e-03 9.25e-04 8.28e-04 2.98e-04 4.19e-05
9.90e-01 8.44e-01 2.29e-02 8.30e-01 2.69e-02 3.94e-14 2.17e-03 7.90e-04 2.62e-04 1.15e-04 3.97e-05
9.76e-01 8.34e-01 2.42e-02 8.30e-01 2.45e-02 2.35e-07 3.95e-03 7.60e-04 3.71e-04 1.35e-04 1.75e-05
1.00e+00 9.34e-01 7.11e-03 9.30e-01 8.39e-03 9.25e-10 1.50e-03 7.33e-04 6.23e-04 6.23e-04 6.26e-05
9.73e-01 1.04e+00 5.37e-02 1.03e+00 5.40e-02 1.10e-04 1.84e-04 5.93e-04 2.71e-04 1.66e-04 1.45e-05
1.01e+00 8.56e-01 1.91e-02 8.50e-01 2.00e-02 1.59e-14 4.64e-03 8.33e-04 4.26e-04 2.23e-04 3.47e-05
9.80e-01 1.11e+00 1.20e-01 1.09e+00 1.22e-01 4.23e-05 4.38e-04 5.72e-04 2.81e-04 1.19e-04 1.08e-05
9.77e-01 8.27e-01 2.60e-02 8.20e-01 2.69e-02 9.32e-08 3.77e-03 7.49e-04 3.23e-04 1.19e-04 1.64e-05
9.65e-01 9.27e-01 5.57e-03 9.30e-01 6.36e-03 2.49e-10 1.21e-03 7.33e-04 4.16e-04 4.16e-04 5.53e-05
9.83e-01 8.81e-01 2.19e-02 8.80e-01 2.19e-02 1.30e-09 5.49e-03 8.11e-04 3.91e-04 2.15e-04 6.84e-05
9.75e-01 9.46e-01 6.87e-03 9.50e-01 7.82e-03 7.87e-07 1.75e-03 9.25e-04 6.23e-04 6.23e-04 7.44e-05
9.92e-01 9.31e-01 1.72e-02 9.40e-01 1.95e-02 1.76e-07 4.05e-03 8.82e-04 4.22e-04 2.25e-04 3.75e-05
9.65e-01 8.77e-01 4.28e-02 8.80e-01 4.29e-02 1.22e-04 1.05e-02 8.36e-04 3.37e-04 1.96e-04 2.44e-05
1.00e+00 9.65e-01 5.24e-03 9.60e-01 7.09e-03 2.10e-14 1.78e-03 9.17e-04 8.43e-04 8.43e-04 8.43e-04
9.67e-01 8.83e-01 1.04e-01 8.40e-01 1.13e-01 3.21e-05 2.34e-03 7.43e-04 1.01e-04 2.61e-05 7.47e-06
9.95e-01 9.69e-01 3.58e-02 9.70e-01 3.58e-02 5.04e-04 4.98e-03 5.68e-04 3.11e-04 1.46e-04 2.56e-05
1.00e+00 8.77e-01 2.23e-02 8.80e-01 2.25e-02 1.00e-09 5.77e-03 8.95e-04 5.40e-04 2.70e-04 3.50e-05
