1.08e+00 9.95e-01 5.00e-03 9.90e-01 6.92e-03 2.05e-58 4.71e-04 2.46e-04 2.26e-04 2.26e-04 2.26e-04
1.09e+00 1.26e+00 3.20e-03 1.26e+00 3.28e-03 1.75e-317 5.68e-257 5.85e-04 5.85e-04 5.85e-04 6.17e-05
1.10e+00 1.30e+00 1.09e-02 1.30e+00 1.09e-02 2.14e-41 8.01e-31 6.62e-04 4.32e-04 1.33e-04 2.00e-05
1.08e+00 9.86e-01 3.68e-02 9.80e-01 3.73e-02 5.56e-15 1.99e-03 7.27e-04 4.31e-04 1.83e-04 1.83e-05
1.09e+00 1.22e+00 1.36e-02 1.22e+00 1.36e-02 8.26e-18 1.34e-15 5.15e-04 2.19e-04 2.19e-04 4.45e-05
1.05e+00 9.67e-01 2.55e-02 9.70e-01 2.57e-02 1.01e-05 4.03e-03 5.93e-04 3.48e-04 1.90e-04 1.83e-05
1.10e+00 1.11e+00 1.80e-02 1.11e+00 1.81e-02 6.00e-04 1.28e-03 6.83e-04 3.76e-04 1.61e-04 3.07e-05
1.07e+00 1.05e+00 2.43e-02 1.05e+00 2.43e-02 8.33e-18 2.33e-14 1.68e-14 1.68e-14 4.65e-15 1.86e-15
1.08e+00 1.24e+00 5.43e-03 1.23e+00 7.44e-03 1.84e-147 3.16e-112 6.79e-04 6.24e-04 6.24e-04 6.24e-04
1.08e+00 9.82e-01 3.69e-02 9.80e-01 3.69e-02 1.36e-05 5.99e-03 5.88e-04 3.44e-04 1.50e-04 1.83e-05
1.09e+00 1.20e+00 3.46e-02 1.20e+00 3.50e-02 1.05e-05 1.31e-04 6.03e-04 3.00e-04 1.17e-04 1.03e-05
1.11e+00 1.08e+00 2.94e-02 1.07e+00 3.26e-02 4.81e-04 4.95e-03 6.59e-04 2.81e-04 2.60e-04 2.85e-05
1.07e+00 1.07e+00 9.59e-03 1.07e+00 9.62e-03 6.87e-04 1.23e-03 7.13e-04 4.23e-04 4.23e-04 7.52e-05
1.06e+00 1.24e+00 3.87e-02 1.23e+00 4.12e-02 1.62e-09 5.47e-07 5.83e-04 2.63e-04 1.33e-04 1.36e-05
1.08e+00 1.34e+00 1.07e-02 1.35e+00 1.38e-02 1.26e-148 2.03e-144 6.49e-04 3.62e-04 3.62e-04 2.93e-05
1.10e+00 1.08e+00 2.00e-02 1.07e+00 2.09e-02 2.23e-04 3.31e-03 7.44e-04 3.54e-04 1.75e-04 5.29e-05
1.07e+00 9.97e-01 2.69e-02 1.00e+00 2.70e-02 1.15e-05 4.18e-03 6.26e-04 4.15e-04 2.04e-04 1.46e-05
1.09e+00 1.18e+00 1.11e-01 1.26e+00 1.34e-01 1.20e-15 6.78e-04 5.85e-04 2.09e-04 1.53e-04 2.65e-05
1.09e+00 1.04e+00 1.25e-02 1.04e+00 1.33e-02 7.45e-06 1.98e-03 7.18e-04 2.74e-04 2.74e-04 1.80e-05
1.09e+00 1.24e+00 1.33e-02 1.24e+00 1.33e-02 5.69e-21 7.38e-11 5.08e-04 2.08e-04 1.71e-04 3.98e-05
1.11e+00 1.23e+00 6.17e-03 1.23e+00 6.77e-03 3.16e-57 3.16e-57 6.21e-04 3.37e-04 3.37e-04 7.80e-05
1.10e+00 1.24e+00 7.20e-03 1.24e+00 7.85e-03 5.83e-303 1.29e-214 6.77e-04 6.77e-04 6.77e-04 1.22e-04
1.07e+00 1.05e+00 8.82e-03 1.05e+00 8.89e-03 6.75e-05 1.83e-03 8.31e-04 4.01e-04 4.01e-04 3.76e-05
1.10e+00 1.43e+00 7.92e-02 1.44e+00 7.95e-02 3.39e-09 2.44e-07 7.32e-04 2.43e-04 1.14e-04 1.83e-05
1.06e+00 9.84e-01 9.83e-03 9.80e-01 1.05e-02 1.60e-13 1.76e-03 7.27e-04 2.74e-04 1.97e-04 2.92e-05
1.11e+00 1.26e+00 8.46e-02 1.22e+00 9.31e-02 3.34e-06 1.33e-05 5.88e-04 2.52e-04 1.29e-04 7.00e-06
1.08e+00 1.36e+00 1.17e-02 1.36e+00 1.18e-02 1.12e-122 1.25e-107 6.20e-04 3.38e-04 1.49e-04 3.57e-05
1.11e+00 1.00e+00 1.23e-02 1.00e+00 1.24e-02 8.62e-16 2.19e-03 7.24e-04 2.33e-04 1.93e-04 2.91e-05
1.10e+00 1.08e+00 5.33e-02 1.06e+00 5.69e-02 9.25e-05 3.48e-03 6.03e-04 2.30e-04 1.69e-04 1.80e-05
1.06e+00 1.17e+00 7.26e-03 1.17e+00 7.27e-03 1.39e-32 1.39e-32 6.93e-04 2.75e-04 2.61e-04 2.09e-05
1.09e+00 1.25e+00 1.64e-02 1.25e+00 1.65e-02 3.09e-45 3.10e-45 5.90e-04 2.85e-04 1.76e-04 3.39e-05
1.06e+00 9.75e-01 1.53e-02 9.70e-01 1.60e-02 1.55e-08 2.79e-03 6.52e-04 4.39e-04 2.01e-04 4.76e-05
1.09e+00 1.10e+00 5.80e-02 1.07e+00 6.38e-02 2.96e-04 3.33e-03 5.59e-04 3.44e-04 1.61e-04 2.15e-05
1.06e+00 1.18e+00 9.49e-03 1.18e+00 1.00e-02 9.12e-25 9.13e-25 6.81e-04 2.77e-04 2.77e-04 3.77e-05
1.08e+00 9.87e-01 1.31e-02 9.90e-01 1.34e-02 2.99e-09 2.56e-03 7.04e-04 3.43e-04 1.82e-04 4.01e-05
1.08e+00 1.05e+00 3.32e-03 1.05e+00 3.35e-03 7.92e-23 4.52e-16 4.01e-16 4.01e-16 4.01e-16 1.61e-17
1.10e+00 1.07e+00 8.84e-02 1.04e+00 9.20e-02 1.49e-04 6.05e-03 5.91e-04 2.50e-04 1.09e-04 1.09e-05
1.08e+00 1.12e+00 8.52e-03 1.12e+00 8.80e-03 2.70e-06 2.80e-06 7.53e-04 4.88e-04 2.72e-04 2.65e-05
1.08e+00 1.05e+00 2.97e-02 1.05e+00 2.98e-02 3.32e-04 5.00e-03 7.06e-04 2.71e-04 1.71e-04 1.67e-05
1.08e+00 1.12e+00 3.75e-03 1.12e+00 3.75e-03 4.61e-14 4.61e-14 7.53e-04 7.53e-04 7.53e-04 5.67e-05
1.07e+00 1.00e+00 1.48e-02 1.00e+00 1.48e-02 5.68e-09 2.72e-03 6.12e-04 3.24e-04 3.24e-04 9.83e-05
1.06e+00 1.02e+00 2.40e-02 1.03e+00 2.59e-02 1.28e-04 4.81e-03 6.93e-04 3.42e-04 1.84e-04 2.14e-05
1.09e+00 1.21e+00 1.41e-02 1.22e+00 1.51e-02 1.97e-15 2.02e-15 6.14e-04 3.69e-04 1.46e-04 2.23e-05
1.09e+00 1.02e+00 1.19e-02 1.02e+00 1.20e-02 1.18e-09 2.12e-03 7.21e-04 4.71e-04 2.14e-04 3.99e-05
1.11e+00 1.20e+00 2.89e-02 1.21e+00 2.98e-02 3.02e-07 6.29e-05 6.63e-04 2.51e-04 2.10e-04 1.03e-05
1.10e+00 1.35e+00 1.11e-02 1.35e+00 1.12e-02 7.94e-75 1.59e-74 6.49e-04 3.95e-04 1.70e-04 2.93e-05
1.05e+00 1.03e+00 2.21e-02 1.03e+00 2.25e-02 5.18e-04 3.87e-03 8.39e-04 3.64e-04 1.88e-04 2.57e-05
1.07e+00 1.34e+00 8.07e-04 1.34e+00 8.07e-04 0.00e+00 0.00e+00 6.51e-04 6.51e-04 6.51e-04 6.51e-04
1.10e+00 1.11e+00 2.13e-02 1.12e+00 2.34e-02 5.91e-04 1.74e-03 6.16e-04 3.33e-04 1.82e-04 6.81e-05
1.10e+00 1.15e+00 6.15e-02 1.19e+00 7.16e-02 7.08e-05 1.14e-03 5.53e-04 1.87e-04 1.25e-04 1.04e-05
1.09e+00 1.24e+00 1.25e-02 1.24e+00 1.25e-02 3.43e-22 3.74e-07 6.09e-04 3.55e-04 1.71e-04 2.45e-05
1.07e+00 9.96e-01 7.43e-03 1.00e+00 8.49e-03 9.56e-28 1.40e-03 7.24e-04 4.70e-04 4.70e-04 1.02e-04
1.09e+00 1.00e+00 4.17e-02 9.90e-01 4.34e-02 4.63e-05 5.00e-03 5.91e-04 2.70e-04 1.93e-04 1.46e-05
1.10e+00 1.06e+00 2.10e-02 1.05e+00 2.25e-02 1.07e-05 2.40e-03 5.65e-04 3.74e-04 1.69e-04 1.44e-05
1.07e+00 1.01e+00 1.41e-02 1.01e+00 1.42e-02 1.15e-07 2.63e-03 6.32e-04 3.34e-04 2.25e-04 6.90e-05
1.06e+00 1.02e+00 1.65e-02 1.02e+00 1.65e-02 1.73e-05 2.53e-03 6.53e-04 2.54e-04 2.07e-04 2.18e-05
1.07e+00 1.26e+00 5.18e-03 1.26e+00 5.41e-03 1.42e-144 1.42e-144 6.72e-04 6.72e-04 1.92e-04 5.74e-05
1.09e+00 1.08e+00 3.00e-02 1.07e+00 3.12e-02 5.77e-04 4.41e-03 6.47e-04 4.03e-04 1.83e-04 2.44e-05
1.08e+00 1.10e+00 4.50e-02 1.10e+00 4.50e-02 7.54e-04 3.95e-03 6.39e-04 2.73e-04 1.91e-04 2.73e-05
1.09e+00 1.13e+00 2.76e-02 1.14e+00 2.99e-02 2.42e-04 6.40e-04 6.04e-04 2.31e-04 1.65e-04 2.56e-05
1.07e+00 1.20e+00 1.95e-02 1.20e+00 2.01e-02 4.29e-13 5.40e-13 5.45e-04 3.34e-04 1.59e-04 4.62e-05
1.10e+00 1.21e+00 1.44e-02 1.21e+00 1.47e-02 1.16e-11 1.21e-11 5.61e-04 3.08e-04 1.82e-04 3.24e-05
1.10e+00 1.00e+00 5.14e-02 1.00e+00 5.16e-02 1.01e-12 2.96e-03 7.17e-04 4.26e-04 2.40e-04 3.28e-05
1.06e+00 9.14e-01 1.11e-01 8.30e-01 1.39e-01 1.11e-04 1.88e-03 7.40e-04 5.65e-04 7.81e-05 7.44e-06
1.09e+00 1.26e+00 1.40e-02 1.26e+00 1.40e-02 1.68e-15 1.93e-15 4.38e-04 1.82e-04 1.76e-04 1.76e-05
1.09e+00 1.27e+00 2.32e-02 1.26e+00 2.66e-02 6.99e-20 2.08e-17 5.84e-04 2.50e-04 1.89e-04 4.05e-05
1.06e+00 9.76e-01 2.04e-02 9.70e-01 2.11e-02 4.05e-06 3.69e-03 5.86e-04 3.26e-04 1.46e-04 4.76e-05
1.09e+00 1.16e+00 9.16e-02 1.21e+00 1.04e-01 1.16e-09 8.43e-04 5.54e-04 2.11e-04 1.59e-04 2.59e-05
1.08e+00 1.50e+00 8.75e-02 1.45e+00 1.02e-01 9.38e-07 3.22e-05 4.94e-04 1.34e-04 6.87e-05 9.37e-06
1.07e+00 1.04e+00 1.98e-02 1.04e+00 1.98e-02 2.20e-04 3.58e-03 7.36e-04 3.55e-04 1.78e-04 2.11e-05
1.07e+00 1.28e+00 1.71e-02 1.30e+00 2.28e-02 8.52e-181 6.64e-147 6.42e-04 4.06e-04 3.53e-04 3.53e-04
1.08e+00 1.18e+00 2.59e-02 1.18e+00 2.59e-02 1.29e-06 2.83e-05 6.25e-04 2.05e-04 1.94e-04 1.39e-05
1.08e+00 1.25e+00 9.26e-03 1.26e+00 1.29e-02 4.01e-151 1.09e-112 6.72e-04 3.95e-04 3.95e-04 6.75e-05
1.08e+00 1.57e+00 4.55e-01 1.24e+00 5.64e-01 1.65e-04 1.20e-03 4.28e-04 8.76e-05 4.91e-05 7.01e-06
1.11e+00 1.22e+00 7.11e-03 1.22e+00 8.11e-03 7.90e-40 8.07e-40 6.33e-04 5.47e-04 5.47e-04 5.41e-05
1.10e+00 1.18e+00 2.40e-02 1.18e+00 2.41e-02 7.06e-06 1.06e-05 5.96e-04 2.60e-04 1.34e-04 2.40e-05
1.11e+00 1.22e+00 2.66e-02 1.22e+00 2.67e-02 7.37e-07 1.45e-05 5.44e-04 3.36e-04 1.58e-04 2.05e-05
1.10e+00 1.15e+00 3.31e-02 1.15e+00 3.31e-02 1.92e-06 4.85e-06 5.51e-06 2.54e-06 1.40e-06 2.34e-07
1.08e+00 1.08e+00 3.81e-02 1.07e+00 3.91e-02 6.87e-04 3.77e-03 5.77e-04 2.26e-04 1.54e-04 2.15e-05
1.08e+00 1.04e+00 7.11e-02 1.01e+00 7.64e-02 2.57e-04 7.54e-03 5.87e-04 2.23e-04 1.26e-04 1.12e-05
1.10e+00 1.17e+00 7.50e-02 1.21e+00 8.38e-02 6.00e-06 2.34e-04 1.24e-04 5.24e-05 2.58e-05 3.13e-06
1.09e+00 1.23e+00 1.31e-02 1.23e+00 1.32e-02 4.03e-20 3.13e-17 4.71e-04 2.22e-04 1.53e-04 2.50e-05
1.07e+00 1.08e+00 1.89e-01 1.01e+00 2.02e-01 4.11e-04 7.64e-03 5.70e-04 2.36e-04 1.05e-04 7.27e-06
1.10e+00 1.22e+00 1.28e-02 1.23e+00 1.38e-02 2.48e-17 1.46e-10 5.74e-04 3.06e-04 3.06e-04 2.50e-05
1.10e+00 1.24e+00 2.53e-02 1.23e+00 2.65e-02 2.32e-06 8.44e-06 1.06e-03 4.22e-04 2.66e-04 3.90e-05
1.09e+00 1.21e+00 6.91e-03 1.21e+00 7.01e-03 3.07e-50 3.07e-50 6.45e-04 2.98e-04 1.78e-04 1.78e-04
1.10e+00 1.17e+00 3.91e-02 1.18e+00 4.04e-02 7.29e-05 2.04e-04 2.64e-04 1.05e-04 6.65e-05 1.30e-05
1.10e+00 1.12e+00 5.17e-03 1.12e+00 5.40e-03 2.28e-07 2.28e-07 7.53e-04 7.53e-04 2.31e-04 7.19e-05
1.10e+00 1.00e+00 1.81e-02 1.00e+00 1.81e-02 1.66e-08 3.36e-03 6.63e-04 4.00e-04 2.37e-04 5.46e-05
1.08e+00 1.06e+00 2.86e-02 1.06e+00 2.89e-02 1.52e-04 1.36e-03 2.24e-04 1.17e-04 5.56e-05 6.62e-06
1.12e+00 9.93e-01 1.54e-02 9.80e-01 1.99e-02 1.77e-10 3.13e-03 6.98e-04 4.46e-04 3.03e-04 4.39e-05
1.08e+00 1.16e+00 4.46e-02 1.17e+00 4.59e-02 4.73e-05 1.43e-04 2.01e-04 8.65e-05 4.56e-05 7.21e-06
1.06e+00 1.18e+00 5.71e-03 1.18e+00 6.31e-03 4.32e-60 4.32e-60 6.81e-04 3.42e-04 3.42e-04 6.16e-05
1.06e+00 1.27e+00 3.38e-01 1.00e+00 4.30e-01 1.24e-04 5.72e-03 5.21e-04 1.71e-04 8.37e-05 1.09e-05
1.10e+00 1.21e+00 4.72e-02 1.22e+00 4.79e-02 6.24e-05 3.33e-04 5.89e-04 3.36e-04 1.23e-04 2.40e-05
1.08e+00 1.43e+00 2.31e-02 1.43e+00 2.35e-02 2.07e-23 6.05e-18 6.08e-04 2.74e-04 8.20e-05 1.26e-05
1.08e+00 1.03e+00 1.19e-02 1.03e+00 1.19e-02 4.71e-07 2.34e-03 6.84e-04 5.17e-04 1.77e-04 3.26e-05
1.07e+00 1.29e+00 1.27e-02 1.29e+00 1.27e-02 1.75e-269 7.63e-234 6.64e-04 3.44e-04 1.84e-04 1.03e-04
1.10e+00 1.20e+00 8.07e-03 1.20e+00 8.99e-03 1.75e-23 1.75e-23 6.57e-04 5.35e-04 1.62e-04 1.02e-04
1.10e+00 1.03e+00 1.53e-02 1.04e+00 1.64e-02 1.51e-07 1.75e-03 4.64e-04 2.55e-04 1.11e-04 1.97e-05
1.08e+00 1.04e+00 3.37e-02 1.04e+00 3.39e-02 3.00e-04 5.35e-03 5.95e-04 3.10e-04 1.55e-04 1.80e-05
1.09e+00 1.23e+00 6.86e-03 1.23e+00 7.07e-03 3.03e-53 3.36e-47 6.21e-04 3.25e-04 3.25e-04 1.50e-04
1.10e+00 1.03e+00 8.97e-03 1.02e+00 1.30e-02 1.11e-27 2.09e-03 7.21e-04 6.02e-04 6.02e-04 5.80e-05
1.10e+00 1.05e+00 2.07e-02 1.05e+00 2.11e-02 9.42e-05 3.71e-03 6.05e-04 3.10e-04 1.87e-04 2.52e-05
1.11e+00 1.21e+00 2.05e-02 1.21e+00 2.06e-02 4.76e-07 1.52e-05 6.22e-04 3.06e-04 1.65e-04 2.06e-05
1.06e+00 1.03e+00 2.10e-02 1.04e+00 2.17e-02 2.74e-04 3.48e-03 7.04e-04 3.36e-04 1.73e-04 2.53e-05
1.09e+00 1.21e+00 3.01e-02 1.22e+00 3.06e-02 5.02e-07 4.34e-06 5.09e-04 2.80e-04 1.85e-04 1.91e-05
1.06e+00 1.43e+00 5.86e-03 1.43e+00 6.46e-03 4.36e-161 2.84e-121 6.27e-04 6.27e-04 1.99e-04 1.89e-05
1.08e+00 1.35e+00 1.42e-02 1.34e+00 1.88e-02 5.41e-133 1.10e-108 6.51e-04 6.06e-04 1.77e-04 2.95e-05
1.10e+00 1.05e+00 4.02e-02 1.04e+00 4.23e-02 6.27e-05 3.70e-03 5.09e-04 1.99e-04 9.74e-05 1.08e-05
1.07e+00 1.05e+00 5.99e-03 1.05e+00 5.99e-03 3.39e-05 1.26e-03 8.31e-04 2.30e-04 2.00e-04 2.00e-04
1.09e+00 1.32e+00 6.66e-03 1.32e+00 7.00e-03 4.85e-178 8.39e-151 6.57e-04 3.56e-04 3.56e-04 1.32e-04
1.07e+00 1.28e+00 1.12e-02 1.27e+00 1.37e-02 4.17e-13 1.87e-10 5.69e-04 5.63e-04 2.15e-04 5.15e-05
1.10e+00 1.18e+00 4.42e-02 1.19e+00 4.55e-02 2.44e-05 3.11e-04 5.05e-04 2.67e-04 9.69e-05 1.04e-05
1.07e+00 1.06e+00 5.37e-03 1.06e+00 6.26e-03 5.53e-19 1.84e-18 1.20e-18 6.02e-19 6.02e-19 4.82e-20
1.09e+00 1.15e+00 1.11e-02 1.15e+00 1.14e-02 1.71e-09 1.73e-09 6.34e-04 3.89e-04 2.31e-04 3.24e-05
1.08e+00 1.14e+00 1.10e-02 1.14e+00 1.11e-02 1.16e-08 1.20e-08 7.29e-04 4.07e-04 1.72e-04 2.20e-05
1.09e+00 1.18e+00 6.70e-02 1.23e+00 8.15e-02 3.62e-04 9.54e-04 5.80e-04 2.39e-04 1.54e-04 1.71e-05
1.10e+00 1.02e+00 1.15e-02 1.02e+00 1.19e-02 1.44e-14 1.94e-03 7.21e-04 3.44e-04 2.65e-04 8.34e-05
1.10e+00 1.06e+00 9.00e-02 1.02e+00 9.89e-02 3.43e-45 8.94e-04 7.21e-04 7.21e-04 1.05e-04 6.89e-05
1.06e+00 1.27e+00 3.67e-02 1.27e+00 3.69e-02 7.23e-17 5.71e-16 5.15e-04 3.09e-04 1.48e-04 3.70e-05
1.11e+00 1.02e+00 4.00e-03 1.02e+00 4.22e-03 4.13e-70 8.30e-04 7.21e-04 7.21e-04 7.21e-04 9.43e-05
1.09e+00 1.21e+00 3.83e-02 1.21e+00 3.84e-02 1.83e-05 1.51e-04 6.70e-04 4.19e-04 1.48e-04 1.72e-05
1.11e+00 1.23e+00 7.60e-03 1.23e+00 8.09e-03 1.46e-40 1.46e-40 6.21e-04 3.96e-04 1.59e-04 5.62e-05
1.10e+00 1.28e+00 2.41e-02 1.26e+00 2.92e-02 2.17e-23 6.84e-22 5.60e-04 2.09e-04 1.72e-04 1.69e-05
1.07e+00 1.32e+00 1.80e-02 1.31e+00 1.87e-02 8.39e-170 9.45e-141 6.59e-04 2.65e-04 1.79e-04 2.32e-05
1.06e+00 1.12e+00 5.71e-02 1.15e+00 6.47e-02 1.94e-05 8.22e-04 6.10e-04 2.42e-04 1.30e-04 1.40e-05
1.07e+00 9.90e-01 1.27e-02 9.90e-01 1.27e-02 1.86e-11 2.48e-03 6.38e-04 2.41e-04 2.33e-04 3.65e-05
1.06e+00 1.02e+00 5.50e-02 1.01e+00 5.58e-02 5.96e-05 4.15e-03 6.68e-04 2.83e-04 1.74e-04 1.09e-05
1.09e+00 1.09e+00 8.01e-02 1.05e+00 8.99e-02 5.54e-04 4.43e-03 5.91e-04 2.34e-04 1.30e-04 1.08e-05
1.06e+00 1.02e+00 1.36e-02 1.03e+00 1.54e-02 3.85e-05 2.38e-03 7.20e-04 2.60e-04 2.60e-04 3.62e-05
1.09e+00 1.05e+00 2.85e-02 1.05e+00 2.87e-02 2.61e-04 4.73e-03 5.94e-04 2.84e-04 1.69e-04 2.16e-05
1.06e+00 1.43e+00 3.94e-03 1.43e+00 3.94e-03 2.18e-234 5.14e-214 6.27e-04 6.27e-04 6.27e-04 3.47e-05
1.06e+00 1.02e+00 1.47e-02 1.03e+00 1.55e-02 6.10e-05 2.27e-03 7.20e-04 2.97e-04 2.97e-04 2.53e-05
1.08e+00 1.06e+00 6.65e-03 1.06e+00 7.11e-03 4.89e-05 1.48e-03 8.20e-04 4.86e-04 4.86e-04 1.48e-04
1.07e+00 9.94e-01 2.29e-02 9.90e-01 2.32e-02 6.18e-06 4.29e-03 6.46e-04 2.55e-04 2.41e-04 2.55e-05
1.09e+00 1.17e+00 4.57e-02 1.19e+00 4.83e-02 9.86e-09 2.13e-04 5.33e-04 2.35e-04 1.63e-04 1.38e-05
1.10e+00 1.19e+00 3.25e-02 1.19e+00 3.26e-02 1.08e-05 2.23e-05 2.12e-04 8.61e-05 5.56e-05 9.27e-06
1.10e+00 1.24e+00 6.01e-03 1.24e+00 6.52e-03 3.00e-55 3.72e-19 6.09e-04 3.00e-04 3.00e-04 7.34e-05
1.08e+00 1.19e+00 6.72e-02 1.20e+00 6.88e-02 2.77e-04 1.12e-03 7.11e-04 2.31e-04 1.24e-04 1.78e-05
1.07e+00 1.21e+00 5.88e-02 1.20e+00 6.02e-02 1.15e-04 2.94e-04 5.89e-04 2.19e-04 1.17e-04 2.27e-05
1.08e+00 1.03e+00 5.48e-02 1.01e+00 5.80e-02 1.02e-04 5.26e-03 5.86e-04 1.75e-04 9.10e-05 1.82e-05
1.09e+00 1.10e+00 3.26e-02 1.10e+00 3.27e-02 7.73e-04 3.81e-03 6.86e-04 3.98e-04 1.91e-04 4.29e-05
1.08e+00 1.01e+00 2.30e-02 1.01e+00 2.31e-02 1.40e-05 4.18e-03 6.21e-04 2.91e-04 1.53e-04 3.27e-05
1.10e+00 1.11e+00 4.80e-03 1.11e+00 4.99e-03 4.71e-05 4.71e-05 7.64e-04 7.64e-04 1.96e-04 5.76e-05
1.09e+00 1.01e+00 1.73e-02 1.01e+00 1.73e-02 1.26e-08 3.10e-03 6.72e-04 3.02e-04 1.56e-04 3.63e-05
1.09e+00 1.06e+00 2.17e-02 1.06e+00 2.20e-02 1.85e-04 3.73e-03 6.00e-04 3.38e-04 1.69e-04 2.16e-05
1.10e+00 1.39e+00 3.51e-01 1.25e+00 3.76e-01 3.61e-04 2.28e-03 4.20e-04 1.32e-04 5.09e-05 6.78e-06
1.07e+00 1.15e+00 4.28e-02 1.15e+00 4.28e-02 2.54e-06 6.20e-06 9.80e-06 4.56e-06 3.33e-06 4.32e-07
1.09e+00 1.22e+00 6.22e-03 1.22e+00 6.26e-03 7.60e-59 7.60e-59 6.33e-04 2.07e-04 2.07e-04 1.50e-04
1.08e+00 1.23e+00 5.77e-03 1.23e+00 6.55e-03 1.27e-121 6.24e-88 6.79e-04 3.14e-04 3.14e-04 2.73e-05
1.06e+00 1.18e+00 5.52e-03 1.18e+00 6.41e-03 5.14e-69 5.14e-69 6.81e-04 3.87e-04 3.87e-04 4.11e-05
1.06e+00 9.96e-01 1.05e-02 1.00e+00 1.11e-02 3.37e-12 1.78e-03 7.24e-04 2.80e-04 2.26e-04 4.37e-05
1.06e+00 9.59e-01 1.65e-02 9.60e-01 1.65e-02 2.54e-07 3.01e-03 6.60e-04 3.15e-04 1.54e-04 3.30e-05
1.10e+00 1.07e+00 2.92e-02 1.06e+00 2.98e-02 3.51e-04 4.53e-03 6.02e-04 3.19e-04 1.94e-04 2.15e-05
1.07e+00 1.19e+00 4.59e-02 1.20e+00 4.76e-02 2.74e-05 2.34e-04 5.38e-04 2.65e-04 2.07e-04 1.38e-05
1.07e+00 1.07e+00 5.49e-02 1.06e+00 5.67e-02 4.54e-05 3.01e-04 3.50e-05 1.56e-05 9.33e-06 1.17e-06
1.10e+00 1.24e+00 5.74e-03 1.24e+00 7.37e-03 7.42e-74 2.36e-29 6.09e-04 5.48e-04 5.48e-04 3.06e-05
1.08e+00 1.18e+00 9.91e-02 1.23e+00 1.11e-01 1.78e-13 6.12e-04 5.55e-04 2.96e-04 1.56e-04 2.18e-05
1.09e+00 1.01e+00 1.79e-02 1.01e+00 1.84e-02 1.04e-06 2.94e-03 6.68e-04 2.69e-04 2.22e-04 4.00e-05
1.06e+00 9.98e-01 3.53e-02 1.00e+00 3.54e-02 7.54e-05 5.42e-03 6.59e-04 3.61e-04 2.19e-04 1.82e-05
1.06e+00 1.04e+00 7.18e-02 1.03e+00 7.20e-02 5.21e-04 3.62e-03 5.39e-04 2.42e-04 1.70e-04 2.17e-05
1.10e+00 1.05e+00 1.25e-02 1.05e+00 1.32e-02 1.32e-05 2.03e-03 7.16e-04 4.07e-04 2.66e-04 2.52e-05
1.08e+00 1.28e+00 5.82e-03 1.28e+00 6.08e-03 9.30e-121 9.30e-121 6.67e-04 2.61e-04 2.61e-04 9.38e-05
1.09e+00 9.84e-01 1.71e-02 9.80e-01 1.76e-02 1.44e-08 2.70e-03 5.88e-04 3.91e-04 1.83e-04 5.48e-05
1.10e+00 1.05e+00 5.82e-02 1.03e+00 6.14e-02 1.61e-05 4.07e-03 6.58e-04 2.28e-04 9.77e-05 1.45e-05
1.10e+00 1.30e+00 1.06e-02 1.30e+00 1.10e-02 1.79e-71 1.79e-71 5.38e-04 2.81e-04 1.46e-04 2.70e-05
1.07e+00 1.08e+00 9.23e-03 1.08e+00 9.24e-03 2.32e-04 2.67e-04 7.11e-04 3.79e-04 3.79e-04 6.07e-05
1.09e+00 1.29e+00 1.19e-02 1.29e+00 1.19e-02 5.31e-45 5.62e-45 6.64e-04 4.34e-04 1.67e-04 2.67e-05
1.11e+00 1.02e+00 1.00e-02 1.02e+00 1.01e-02 1.81e-20 1.72e-03 7.21e-04 3.26e-04 3.26e-04 9.06e-05
1.07e+00 1.23e+00 8.44e-03 1.23e+00 8.44e-03 6.76e-134 6.83e-134 6.79e-04 3.72e-04 3.72e-04 6.14e-05
1.09e+00 1.17e+00 2.94e-02 1.17e+00 2.95e-02 2.15e-05 3.96e-05 5.64e-04 2.72e-04 1.60e-04 2.44e-05
1.09e+00 1.26e+00 9.19e-03 1.26e+00 9.42e-03 3.24e-104 9.52e-101 6.72e-04 2.94e-04 1.72e-04 3.71e-05
1.07e+00 1.16e+00 5.77e-02 1.17e+00 5.80e-02 2.94e-05 1.07e-04 8.87e-05 3.92e-05 2.44e-05 3.98e-06
1.10e+00 1.23e+00 5.59e-02 1.25e+00 5.84e-02 4.26e-05 1.47e-04 4.53e-04 1.77e-04 9.90e-05 1.20e-05
1.07e+00 1.24e+00 1.52e-02 1.25e+00 1.61e-02 5.82e-18 1.32e-06 5.34e-04 2.76e-04 2.76e-04 3.60e-05
1.06e+00 1.21e+00 4.13e-02 1.22e+00 4.19e-02 6.30e-07 3.51e-05 5.00e-04 2.34e-04 1.59e-04 1.88e-05
1.07e+00 1.22e+00 1.41e-02 1.23e+00 1.56e-02 4.85e-22 8.10e-15 6.02e-04 3.65e-04 1.65e-04 4.99e-05
1.06e+00 1.20e+00 1.94e-03 1.20e+00 1.95e-03 4.04e-49 2.63e-44 6.86e-04 6.86e-04 6.86e-04 2.07e-05
1.08e+00 9.86e-01 7.10e-03 9.90e-01 8.26e-03 6.46e-39 1.60e-03 7.26e-04 6.71e-04 6.71e-04 6.93e-05
1.07e+00 9.59e-01 5.48e-02 9.50e-01 5.54e-02 1.34e-07 2.89e-03 6.50e-04 3.93e-04 1.32e-04 1.10e-05
1.09e+00 1.08e+00 9.88e-02 1.03e+00 1.11e-01 4.14e-08 3.12e-03 6.72e-04 2.61e-04 1.54e-04 2.14e-05
1.10e+00 1.14e+00 1.87e-02 1.15e+00 1.94e-02 3.92e-05 5.29e-05 5.51e-04 3.17e-04 1.33e-04 3.96e-05
1.06e+00 1.01e+00 3.09e-02 1.01e+00 3.12e-02 2.11e-04 5.32e-03 6.07e-04 2.91e-04 1.49e-04 3.27e-05
1.08e+00 1.21e+00 3.94e-02 1.22e+00 4.05e-02 4.34e-06 1.52e-05 6.06e-04 3.31e-04 1.25e-04 1.47e-05
1.07e+00 9.79e-01 1.20e-02 9.80e-01 1.20e-02 9.33e-13 2.14e-03 7.27e-04 4.46e-04 1.83e-04 3.65e-05
1.10e+00 1.23e+00 2.19e-02 1.23e+00 2.22e-02 5.85e-09 7.24e-09 5.52e-04 2.81e-04 1.59e-04 1.56e-05
1.07e+00 1.13e+00 5.34e-02 1.13e+00 5.36e-02 2.06e-05 8.36e-05 2.42e-05 1.09e-05 7.24e-06 9.24e-07
1.10e+00 1.20e+00 5.62e-03 1.20e+00 5.71e-03 2.42e-26 2.64e-23 6.86e-04 6.86e-04 2.07e-04 1.03e-04
1.08e+00 1.04e+00 2.44e-02 1.04e+00 2.45e-02 1.47e-04 3.89e-03 5.59e-04 2.60e-04 1.41e-04 3.25e-05
1.09e+00 1.21e+00 7.66e-02 1.22e+00 7.68e-02 1.38e-04 8.01e-04 7.71e-04 2.59e-04 1.24e-04 1.62e-05
1.08e+00 1.09e+00 4.37e-02 1.09e+00 4.39e-02 1.35e-04 6.99e-04 1.13e-04 5.23e-05 3.23e-05 3.44e-06
1.07e+00 9.94e-01 1.42e-02 1.00e+00 1.55e-02 1.03e-09 2.82e-03 7.17e-04 4.22e-04 2.04e-04 3.64e-05
1.10e+00 1.21e+00 6.98e-03 1.21e+00 7.29e-03 5.61e-40 5.61e-40 6.45e-04 3.70e-04 3.70e-04 2.27e-05
1.09e+00 1.15e+00 3.93e-02 1.16e+00 3.96e-02 1.56e-04 4.59e-04 5.74e-04 2.20e-04 1.38e-04 2.48e-05
1.08e+00 1.10e+00 1.06e-02 1.10e+00 1.06e-02 2.39e-04 3.12e-04 7.76e-04 4.44e-04 1.36e-04 2.73e-05
1.09e+00 1.22e+00 1.52e-02 1.22e+00 1.55e-02 2.13e-14 2.39e-14 5.47e-04 3.28e-04 2.13e-04 4.14e-05
1.09e+00 1.21e+00 8.97e-03 1.21e+00 8.97e-03 7.64e-28 7.64e-28 6.45e-04 3.40e-04 3.40e-04 5.19e-05
1.09e+00 1.25e+00 2.24e-02 1.25e+00 2.28e-02 5.41e-18 4.66e-17 5.35e-04 2.57e-04 2.13e-04 3.39e-05
1.07e+00 1.04e+00 1.41e-02 1.04e+00 1.46e-02 1.57e-04 2.14e-03 7.18e-04 2.96e-04 1.41e-04 3.25e-05
1.09e+00 1.23e+00 1.51e-02 1.23e+00 1.51e-02 3.81e-18 5.64e-17 5.37e-04 2.53e-04 2.53e-04 3.43e-05
1.10e+00 1.23e+00 7.42e-03 1.23e+00 7.95e-03 3.28e-38 3.60e-38 6.21e-04 3.99e-04 1.47e-04 4.99e-05
1.07e+00 1.06e+00 1.18e-01 9.50e-01 1.59e-01 4.66e-07 2.91e-03 5.40e-04 1.73e-04 1.07e-04 1.47e-05
1.07e+00 1.29e+00 6.67e-02 1.22e+00 9.83e-02 7.87e-09 1.14e-05 5.92e-04 2.53e-04 2.33e-04 3.08e-05
1.09e+00 1.06e+00 2.09e-02 1.06e+00 2.12e-02 3.26e-04 3.38e-03 5.75e-04 2.87e-04 1.90e-04 2.51e-05
1.11e+00 1.12e+00 7.62e-02 1.04e+00 1.09e-01 5.33e-08 1.78e-03 6.82e-04 2.78e-04 2.09e-04 2.17e-05
1.06e+00 9.93e-01 5.27e-02 9.80e-01 5.42e-02 8.35e-05 5.33e-03 5.90e-04 2.68e-04 1.17e-04 1.10e-05
1.10e+00 1.26e+00 4.86e-03 1.26e+00 5.30e-03 3.31e-214 3.31e-214 6.72e-04 6.72e-04 6.72e-04 2.36e-05
1.06e+00 1.29e+00 3.86e-02 1.26e+00 4.74e-02 1.92e-26 5.88e-23 4.29e-04 1.69e-04 1.11e-04 2.36e-05
1.06e+00 1.01e+00 3.62e-02 1.02e+00 3.67e-02 2.90e-04 7.19e-03 6.80e-04 2.95e-04 1.78e-04 2.60e-05
1.09e+00 1.22e+00 8.50e-03 1.22e+00 8.54e-03 1.44e-32 1.44e-32 6.33e-04 2.77e-04 2.77e-04 3.82e-05
1.10e+00 1.02e+00 1.23e-02 1.02e+00 1.27e-02 9.07e-14 2.22e-03 7.21e-04 3.63e-04 3.63e-04 4.71e-05
1.11e+00 1.10e+00 4.89e-02 1.09e+00 5.05e-02 6.94e-04 5.11e-03 5.73e-04 2.49e-04 1.49e-04 2.14e-05
1.10e+00 1.26e+00 1.15e-01 1.28e+00 1.16e-01 1.38e-04 1.16e-03 4.93e-04 1.57e-04 9.38e-05 1.34e-05
1.10e+00 1.01e+00 5.21e-02 1.00e+00 5.30e-02 8.62e-06 4.82e-03 6.04e-04 3.86e-04 2.11e-04 1.09e-05
1.10e+00 1.24e+00 5.47e-02 1.28e+00 6.63e-02 3.80e-05 1.67e-04 5.00e-04 2.15e-04 2.12e-04 1.68e-05
1.08e+00 1.17e+00 2.14e-02 1.17e+00 2.16e-02 1.37e-06 1.93e-06 5.78e-04 3.07e-04 1.57e-04 2.44e-05
1.08e+00 1.24e+00 1.32e-02 1.24e+00 1.36e-02 6.24e-21 1.51e-12 5.11e-04 2.51e-04 1.25e-04 2.14e-05
1.05e+00 1.19e+00 1.84e-03 1.19e+00 1.85e-03 1.42e-36 3.02e-33 6.88e-04 6.88e-04 6.88e-04 2.08e-05
1.10e+00 1.25e+00 6.69e-03 1.25e+00 6.70e-03 4.51e-55 3.20e-07 5.97e-04 5.97e-04 9.90e-05 7.80e-05
1.10e+00 1.35e+00 1.17e-02 1.35e+00 1.20e-02 2.64e-66 5.27e-56 5.77e-04 3.62e-04 2.35e-04 4.24e-05
1.08e+00 1.39e+00 4.12e-02 1.43e+00 5.70e-02 1.47e-24 1.20e-18 4.54e-04 2.08e-04 1.10e-04 9.46e-06
1.08e+00 1.22e+00 1.63e-02 1.23e+00 1.73e-02 3.69e-14 1.58e-08 5.87e-04 2.00e-04 1.81e-04 2.50e-05
1.08e+00 1.25e+00 2.07e-02 1.25e+00 2.08e-02 3.02e-17 6.78e-15 5.29e-04 3.08e-04 2.30e-04 1.69e-05
1.06e+00 9.59e-01 1.08e-02 9.60e-01 1.09e-02 4.85e-13 2.01e-03 7.30e-04 4.25e-04 1.50e-04 2.20e-05
1.06e+00 1.04e+00 2.55e-02 1.04e+00 2.56e-02 3.98e-04 3.53e-03 6.35e-04 2.89e-04 2.74e-04 3.97e-05
1.06e+00 1.02e+00 3.59e-02 1.02e+00 3.61e-02 3.93e-04 7.03e-03 7.06e-04 2.64e-04 1.69e-04 2.17e-05
1.09e+00 1.24e+00 9.00e-04 1.24e+00 9.01e-04 0.00e+00 2.44e-231 6.77e-04 6.77e-04 6.77e-04 6.77e-04
1.07e+00 1.02e+00 1.25e-02 1.02e+00 1.25e-02 2.74e-07 2.24e-03 5.55e-04 4.97e-04 1.92e-04 2.90e-05
1.07e+00 1.06e+00 3.31e-02 1.05e+00 3.51e-02 4.39e-04 2.37e-03 4.17e-04 1.79e-04 9.70e-05 1.21e-05
1.09e+00 1.05e+00 1.80e-02 1.04e+00 1.88e-02 4.85e-05 3.60e-03 8.25e-04 2.88e-04 2.45e-04 3.81e-05
1.07e+00 1.01e+00 1.29e-02 1.01e+00 1.33e-02 9.26e-11 2.08e-03 6.87e-04 3.74e-04 2.00e-04 2.91e-05
1.07e+00 9.99e-01 1.46e-02 1.00e+00 1.46e-02 8.04e-08 2.58e-03 5.75e-04 3.17e-04 2.48e-04 6.55e-05
1.11e+00 1.01e+00 1.27e-02 1.01e+00 1.28e-02 3.59e-16 2.30e-03 6.25e-04 4.65e-04 2.33e-04 5.81e-05
1.11e+00 1.15e+00 7.31e-03 1.15e+00 7.32e-03 4.95e-12 4.95e-12 7.17e-04 3.24e-04 2.56e-04 1.80e-05
1.07e+00 1.08e+00 5.83e-02 1.08e+00 5.84e-02 3.32e-04 2.19e-03 2.80e-04 1.26e-04 7.17e-05 8.53e-06
1.07e+00 1.34e+00 7.57e-03 1.34e+00 8.01e-03 5.36e-201 4.86e-184 6.51e-04 6.51e-04 2.00e-04 1.64e-05
1.10e+00 1.20e+00 9.46e-02 1.25e+00 1.08e-01 1.24e-47 2.28e-04 5.97e-04 1.95e-04 1.53e-04 5.70e-05
1.11e+00 1.16e+00 1.16e-02 1.16e+00 1.16e-02 8.72e-08 9.34e-08 7.05e-04 4.61e-04 1.59e-04 2.84e-05
1.06e+00 1.34e+00 4.61e-03 1.34e+00 4.79e-03 0.00e+00 0.00e+00 6.51e-04 6.51e-04 6.51e-04 6.22e-05
1.06e+00 9.54e-01 4.16e-02 9.60e-01 4.21e-02 1.72e-05 8.08e-03 7.57e-04 2.97e-04 1.63e-04 3.25e-05
1.07e+00 9.83e-01 8.01e-02 9.40e-01 9.10e-02 6.21e-04 1.52e-02 6.33e-04 3.04e-04 1.85e-04 2.88e-05
1.06e+00 1.23e+00 1.70e-02 1.23e+00 1.73e-02 2.59e-17 1.05e-11 5.24e-04 2.68e-04 1.75e-04 2.18e-05
1.09e+00 1.15e+00 9.49e-03 1.15e+00 9.49e-03 4.58e-14 4.58e-14 7.17e-04 4.18e-04 4.18e-04 7.21e-05
1.06e+00 1.04e+00 2.34e-02 1.04e+00 2.36e-02 3.59e-04 4.11e-03 7.02e-04 3.26e-04 1.90e-04 2.11e-05
1.07e+00 1.20e+00 4.16e-02 1.19e+00 4.19e-02 3.12e-07 7.43e-05 5.25e-04 2.46e-04 1.38e-04 1.68e-05
1.09e+00 1.16e+00 1.01e-02 1.16e+00 1.03e-02 1.70e-15 1.71e-15 7.05e-04 3.58e-04 3.58e-04 7.44e-05
1.06e+00 1.02e+00 3.57e-02 1.03e+00 3.79e-02 4.77e-04 6.77e-03 6.93e-04 2.70e-04 1.67e-04 3.00e-05
1.10e+00 1.09e+00 6.59e-02 1.13e+00 7.75e-02 4.69e-04 4.37e-03 5.50e-04 2.57e-04 1.55e-04 2.47e-05
1.09e+00 1.31e+00 1.66e-02 1.31e+00 1.73e-02 1.64e-68 6.34e-60 5.90e-04 2.19e-04 2.02e-04 1.99e-05
1.06e+00 1.03e+00 6.34e-02 1.02e+00 6.40e-02 2.97e-08 3.40e-03 8.53e-04 4.98e-04 3.38e-04 3.46e-05
1.08e+00 1.28e+00 4.80e-03 1.28e+00 5.04e-03 1.01e-170 1.01e-170 6.67e-04 6.67e-04 1.81e-04 4.36e-05
1.08e+00 1.19e+00 3.38e-02 1.19e+00 3.40e-02 4.48e-06 8.07e-06 3.83e-04 2.15e-04 1.34e-04 1.48e-05
1.07e+00 1.43e+00 5.50e-02 1.44e+00 5.56e-02 4.45e-09 2.76e-07 5.08e-04 1.60e-04 8.16e-05 6.28e-06
1.08e+00 1.36e+00 1.25e-02 1.35e+00 1.39e-02 3.45e-103 6.65e-83 6.49e-04 2.51e-04 2.31e-04 2.93e-05
1.09e+00 1.24e+00 4.92e-02 1.25e+00 4.96e-02 4.37e-08 1.00e-04 4.98e-04 2.09e-04 1.33e-04 1.18e-05
1.11e+00 1.21e+00 5.36e-02 1.23e+00 5.65e-02 1.31e-06 6.09e-05 1.24e-04 4.89e-05 2.23e-05 2.88e-06
1.09e+00 1.23e+00 2.70e-02 1.24e+00 2.81e-02 6.95e-13 1.81e-05 5.60e-04 2.17e-04 2.02e-04 1.53e-05
1.10e+00 1.03e+00 1.13e-02 1.03e+00 1.14e-02 2.03e-11 2.36e-03 6.95e-04 6.04e-04 1.88e-04 3.26e-05
1.09e+00 1.05e+00 2.74e-02 1.05e+00 2.74e-02 4.07e-05 2.50e-03 6.01e-04 2.20e-04 1.30e-04 1.80e-05
1.06e+00 1.07e+00 2.41e-02 1.07e+00 2.43e-02 6.20e-04 1.68e-03 5.80e-04 2.51e-04 1.61e-04 2.87e-05
1.07e+00 1.20e+00 4.12e-03 1.20e+00 4.65e-03 7.52e-86 2.58e-81 6.86e-04 6.86e-04 1.90e-04 1.90e-04
1.09e+00 1.16e+00 1.24e-02 1.16e+00 1.26e-02 1.65e-10 1.68e-10 5.88e-04 2.69e-04 2.69e-04 2.48e-05
1.10e+00 1.05e+00 3.38e-02 1.05e+00 3.39e-02 1.26e-05 4.94e-04 6.47e-05 2.61e-05 1.32e-05 2.27e-06
1.10e+00 1.22e+00 1.29e-02 1.22e+00 1.31e-02 3.90e-16 6.65e-14 5.60e-04 2.51e-04 2.51e-04 3.82e-05
1.07e+00 9.89e-01 3.14e-02 9.90e-01 3.14e-02 2.65e-05 5.04e-03 6.10e-04 2.99e-04 1.53e-04 2.19e-05
1.07e+00 1.00e+00 2.52e-02 1.00e+00 2.56e-02 8.27e-06 3.81e-03 5.82e-04 3.31e-04 2.26e-04 2.55e-05
1.08e+00 1.14e+00 9.76e-03 1.14e+00 1.08e-02 2.67e-13 2.68e-13 7.29e-04 2.67e-04 2.27e-04 2.93e-05
1.08e+00 1.78e+00 1.82e-01 1.87e+00 2.01e-01 6.37e-15 4.14e-14 3.94e-04 1.31e-04 6.81e-05 7.57e-06
1.11e+00 1.07e+00 2.96e-02 1.06e+00 3.32e-02 3.81e-04 4.96e-03 6.97e-04 3.38e-04 2.23e-04 2.89e-05
1.06e+00 9.91e-01 1.01e-02 9.90e-01 1.02e-02 3.28e-13 2.01e-03 7.26e-04 4.67e-04 4.67e-04 8.75e-05
1.09e+00 1.15e+00 3.77e-02 1.16e+00 3.86e-02 1.85e-04 4.95e-04 5.67e-04 2.59e-04 1.31e-04 2.13e-05
1.10e+00 1.01e+00 6.54e-03 1.01e+00 7.31e-03 5.43e-38 1.42e-03 7.23e-04 5.52e-04 5.52e-04 1.27e-04
1.07e+00 1.20e+00 4.35e-03 1.20e+00 5.03e-03 1.30e-83 1.52e-79 6.86e-04 6.86e-04 2.34e-04 2.34e-04
1.08e+00 1.21e+00 4.54e-02 1.22e+00 4.68e-02 5.31e-05 2.08e-04 6.20e-04 3.66e-04 1.37e-04 1.37e-05
1.10e+00 1.21e+00 1.65e-02 1.21e+00 1.65e-02 3.56e-12 3.71e-12 5.48e-04 3.14e-04 1.43e-04 2.27e-05
1.06e+00 1.20e+00 2.01e-02 1.20e+00 2.04e-02 2.97e-14 4.52e-14 5.91e-04 3.14e-04 1.88e-04 4.62e-05
1.09e+00 9.92e-01 2.15e-02 9.90e-01 2.16e-02 7.97e-08 3.57e-03 6.57e-04 4.19e-04 1.86e-04 1.82e-05
1.07e+00 1.09e+00 4.00e-02 1.07e+00 4.49e-02 1.93e-04 7.89e-04 1.61e-04 6.80e-05 4.85e-05 6.80e-06
1.08e+00 1.05e+00 2.38e-02 1.05e+00 2.38e-02 3.60e-04 4.27e-03 6.93e-04 3.47e-04 1.80e-04 1.67e-05
1.09e+00 1.15e+00 1.20e-01 1.24e+00 1.53e-01 1.09e-05 3.33e-03 4.35e-04 2.05e-04 1.13e-04 1.22e-05
1.05e+00 9.71e-01 1.22e-02 9.70e-01 1.22e-02 9.78e-09 2.19e-03 7.29e-04 4.69e-04 2.12e-04 2.56e-05
1.07e+00 1.26e+00 2.74e-02 1.26e+00 2.74e-02 2.11e-21 5.55e-19 6.28e-04 2.13e-04 1.99e-04 3.38e-05
1.07e+00 1.30e+00 1.59e-02 1.30e+00 1.63e-02 8.95e-253 1.90e-211 6.62e-04 2.99e-04 1.56e-04 3.99e-05
1.07e+00 1.05e+00 1.98e-02 1.06e+00 2.10e-02 5.97e-04 3.11e-03 6.03e-04 2.95e-04 1.83e-04 3.95e-05
1.07e+00 1.09e+00 2.54e-02 1.09e+00 2.54e-02 6.62e-04 1.75e-03 6.41e-04 2.89e-04 2.29e-04 4.35e-05
1.06e+00 1.26e+00 7.02e-02 1.21e+00 8.37e-02 5.39e-06 3.51e-05 5.33e-04 1.86e-04 1.12e-04 1.05e-05
1.07e+00 1.19e+00 4.67e-02 1.20e+00 4.74e-02 2.64e-06 4.30e-05 1.75e-04 7.45e-05 4.14e-05 4.14e-06
1.10e+00 1.13e+00 1.52e-02 1.13e+00 1.52e-02 1.42e-04 2.35e-04 7.19e-04 3.72e-04 2.08e-04 3.72e-05
1.08e+00 9.70e-01 1.05e-02 9.70e-01 1.05e-02 1.52e-14 1.88e-03 7.29e-04 4.43e-04 1.35e-04 1.10e-04
1.10e+00 1.24e+00 4.42e-02 1.24e+00 4.42e-02 1.76e-07 1.04e-04 5.36e-04 1.96e-04 1.10e-04 1.22e-05
1.07e+00 1.12e+00 1.50e-02 1.12e+00 1.52e-02 5.15e-06 6.02e-06 7.07e-04 4.05e-04 2.31e-04 3.40e-05
1.07e+00 1.33e+00 6.70e-02 1.35e+00 6.93e-02 7.00e-07 7.68e-06 5.47e-04 2.35e-04 1.49e-04 1.73e-05
1.09e+00 1.08e+00 4.42e-02 1.06e+00 4.82e-02 1.36e-05 1.12e-04 1.39e-05 6.21e-06 4.29e-06 4.56e-07
1.07e+00 1.04e+00 1.83e-02 1.04e+00 1.83e-02 2.07e-04 3.36e-03 6.98e-04 3.47e-04 1.73e-04 2.11e-05
1.09e+00 1.08e+00 1.13e-01 1.06e+00 1.14e-01 2.13e-04 4.28e-03 6.21e-04 2.55e-04 1.33e-04 1.08e-05
1.07e+00 1.27e+00 1.02e-02 1.27e+00 1.06e-02 8.91e-30 2.53e-25 5.73e-04 2.65e-04 2.65e-04 2.30e-05
1.10e+00 1.08e+00 9.15e-02 1.04e+00 9.93e-02 4.36e-29 1.84e-03 7.18e-04 4.51e-04 4.51e-04 5.05e-05
1.10e+00 1.15e+00 1.33e-02 1.15e+00 1.34e-02 2.50e-06 3.25e-06 5.73e-04 2.59e-04 1.66e-04 3.60e-05
1.10e+00 1.36e+00 3.67e-01 9.80e-01 5.32e-01 2.31e-05 6.84e-03 4.90e-04 1.68e-04 7.67e-05 1.10e-05
1.09e+00 1.26e+00 1.09e-03 1.26e+00 1.10e-03 0.00e+00 3.86e-284 6.72e-04 6.72e-04 6.72e-04 6.72e-04
1.08e+00 1.12e+00 4.11e-02 1.12e+00 4.11e-02 1.08e-04 3.89e-04 1.28e-04 6.49e-05 4.62e-05 4.87e-06
1.10e+00 1.20e+00 6.86e-03 1.20e+00 6.91e-03 3.04e-27 1.20e-24 6.86e-04 2.28e-04 1.79e-04 2.41e-05
1.09e+00 1.14e+00 1.51e-02 1.14e+00 1.53e-02 5.76e-06 6.60e-06 6.19e-04 3.59e-04 2.49e-04 3.66e-05
1.10e+00 1.11e+00 1.24e-02 1.11e+00 1.24e-02 4.25e-04 5.96e-04 5.72e-04 5.30e-04 1.96e-04 3.84e-05
1.09e+00 1.21e+00 8.05e-02 1.25e+00 8.92e-02 4.57e-05 7.26e-04 4.44e-04 1.89e-04 8.40e-05 9.00e-06
1.05e+00 1.02e+00 2.56e-02 1.02e+00 2.57e-02 8.57e-06 2.34e-03 6.09e-04 5.29e-04 2.83e-04 1.45e-05
1.10e+00 1.08e+00 6.09e-02 1.07e+00 6.17e-02 5.88e-04 5.48e-03 5.74e-04 2.69e-04 1.18e-04 1.08e-05
1.06e+00 1.00e+00 6.82e-02 1.01e+00 6.87e-02 5.74e-04 1.14e-02 6.75e-04 2.89e-04 1.53e-04 2.19e-05
1.10e+00 1.20e+00 1.86e-02 1.20e+00 1.89e-02 9.33e-08 6.55e-06 5.72e-04 2.48e-04 1.65e-04 2.07e-05
1.11e+00 1.02e+00 1.11e-02 1.02e+00 1.12e-02 4.00e-17 1.93e-03 7.21e-04 3.88e-04 2.25e-04 1.05e-04
1.07e+00 1.33e+00 1.56e-02 1.34e+00 2.14e-02 1.02e-248 3.68e-222 6.51e-04 3.40e-04 1.21e-04 1.18e-04
1.11e+00 1.32e+00 2.29e-02 1.32e+00 2.29e-02 1.39e-25 1.46e-25 6.24e-04 2.97e-04 1.62e-04 2.64e-05
1.08e+00 1.19e+00 2.43e-02 1.19e+00 2.43e-02 1.61e-07 2.21e-07 6.09e-04 3.13e-04 1.75e-04 2.35e-05
1.09e+00 1.35e+00 2.13e-01 1.24e+00 2.40e-01 7.29e-07 2.39e-06 1.43e-05 4.70e-06 2.59e-06 2.88e-07
1.07e+00 1.07e+00 1.18e-01 1.16e+00 1.49e-01 1.46e-04 3.92e-03 3.07e-04 1.24e-04 7.42e-05 1.20e-05
1.08e+00 1.37e+00 4.68e-02 1.34e+00 5.69e-02 5.72e-19 7.46e-15 4.62e-04 1.70e-04 1.54e-04 2.95e-05
1.10e+00 1.06e+00 1.60e-02 1.05e+00 1.74e-02 1.44e-05 2.49e-03 5.87e-04 3.96e-04 1.87e-04 1.80e-05
1.09e+00 1.15e+00 3.55e-01 9.70e-01 3.97e-01 4.24e-05 8.32e-03 5.68e-04 1.43e-04 5.49e-05 7.32e-06
1.07e+00 1.04e+00 1.93e-02 1.04e+00 1.94e-02 1.69e-04 3.59e-03 7.36e-04 3.55e-04 1.69e-04 3.38e-05
1.10e+00 9.91e-01 1.78e-02 9.80e-01 2.08e-02 7.26e-15 2.70e-03 6.91e-04 2.85e-04 2.81e-04 4.02e-05
1.09e+00 1.07e+00 5.28e-03 1.07e+00 5.42e-03 1.10e-05 1.08e-03 8.09e-04 8.09e-04 1.83e-04 8.13e-05
1.11e+00 1.10e+00 4.87e-02 1.09e+00 4.90e-02 2.55e-05 2.22e-04 2.33e-05 1.10e-05 6.13e-06 6.81e-07
1.09e+00 1.19e+00 7.95e-02 1.20e+00 8.05e-02 1.02e-04 9.90e-04 5.57e-04 2.14e-04 1.20e-04 1.62e-05
1.06e+00 9.86e-01 1.33e-02 9.80e-01 1.47e-02 5.00e-10 2.54e-03 6.87e-04 3.84e-04 1.68e-04 3.65e-05
1.06e+00 1.16e+00 1.85e-02 1.16e+00 1.89e-02 3.66e-07 4.68e-07 6.52e-04 3.05e-04 2.34e-04 3.54e-05
1.07e+00 1.03e+00 2.26e-02 1.03e+00 2.27e-02 1.55e-04 4.04e-03 6.47e-04 2.71e-04 1.81e-04 2.89e-05
1.08e+00 1.25e+00 1.47e-02 1.25e+00 1.50e-02 1.26e-22 1.50e-22 5.79e-04 4.37e-04 2.30e-04 4.07e-05
1.07e+00 1.49e+00 9.06e-02 1.45e+00 9.77e-02 4.44e-08 1.02e-06 4.45e-04 1.44e-04 9.08e-05 1.25e-05
1.09e+00 1.26e+00 7.44e-03 1.26e+00 7.67e-03 1.71e-46 2.21e-10 5.85e-04 3.20e-04 1.65e-04 3.23e-05
1.08e+00 1.06e+00 2.73e-03 1.06e+00 2.79e-03 3.48e-10 8.90e-04 8.20e-04 8.20e-04 8.20e-04 6.18e-05
1.07e+00 1.24e+00 7.29e-03 1.24e+00 7.35e-03 9.59e-133 9.94e-133 6.77e-04 3.60e-04 2.35e-04 1.70e-05
1.09e+00 1.14e+00 6.35e-02 1.14e+00 6.35e-02 1.86e-05 9.48e-05 2.00e-05 9.19e-06 5.59e-06 8.69e-07
1.07e+00 1.29e+00 1.31e-02 1.30e+00 1.45e-02 1.54e-176 1.70e-149 6.35e-04 3.59e-04 3.59e-04 4.99e-05
1.08e+00 1.08e+00 4.50e-02 1.06e+00 4.81e-02 2.73e-04 1.99e-03 2.50e-04 1.09e-04 5.91e-05 9.33e-06
1.09e+00 1.44e+00 1.14e-02 1.44e+00 1.17e-02 8.98e-15 9.54e-10 6.25e-04 2.48e-04 2.48e-04 4.71e-05
1.09e+00 1.13e+00 2.45e-02 1.13e+00 2.48e-02 2.82e-04 5.97e-04 6.51e-04 2.87e-04 1.45e-04 2.98e-05
1.11e+00 1.22e+00 4.36e-02 1.23e+00 4.58e-02 4.00e-06 4.64e-05 2.30e-04 9.45e-05 5.40e-05 6.00e-06
1.10e+00 1.12e+00 1.08e-01 1.09e+00 1.12e-01 6.91e-04 5.04e-03 5.85e-04 2.25e-04 1.57e-04 1.07e-05
1.09e+00 1.32e+00 1.54e-02 1.32e+00 1.59e-02 9.91e-59 2.71e-54 6.34e-04 3.33e-04 3.33e-04 1.65e-05
1.10e+00 1.19e+00 9.20e-02 1.24e+00 1.04e-01 7.42e-17 4.61e-04 5.42e-04 2.78e-04 9.49e-05 1.53e-05
1.09e+00 1.04e+00 1.54e-01 1.01e+00 1.58e-01 2.01e-04 8.03e-03 5.74e-04 2.47e-04 1.34e-04 7.27e-06
1.06e+00 1.09e+00 2.77e-02 1.09e+00 2.78e-02 4.10e-04 7.94e-04 6.64e-04 3.40e-04 2.02e-04 4.75e-05
1.07e+00 1.05e+00 5.98e-03 1.04e+00 7.86e-03 2.14e-06 1.74e-03 8.41e-04 8.12e-04 8.12e-04 3.81e-05
1.08e+00 1.35e+00 1.38e-02 1.35e+00 1.44e-02 7.08e-104 5.47e-100 6.49e-04 3.42e-04 1.27e-04 2.28e-05
1.07e+00 1.35e+00 7.34e-03 1.35e+00 7.93e-03 1.28e-173 9.54e-144 6.49e-04 5.31e-04 5.31e-04 1.96e-05
1.11e+00 1.24e+00 4.06e-02 1.23e+00 4.29e-02 2.83e-06 5.11e-06 7.44e-04 1.85e-04 9.46e-05 1.29e-05
1.09e+00 1.16e+00 4.75e-01 9.20e-01 5.31e-01 3.75e-04 2.46e-02 5.42e-04 1.81e-04 7.01e-05 1.11e-05
1.08e+00 1.27e+00 5.75e-03 1.26e+00 7.70e-03 2.77e-79 1.75e-63 5.75e-04 5.75e-04 5.75e-04 2.89e-05
1.11e+00 1.23e+00 5.51e-02 1.28e+00 7.63e-02 7.43e-05 1.48e-04 4.96e-04 2.21e-04 1.41e-04 2.68e-05
1.10e+00 1.25e+00 8.82e-03 1.25e+00 9.86e-03 6.54e-31 1.31e-10 5.97e-04 5.34e-04 1.74e-04 1.50e-05
1.10e+00 1.13e+00 4.79e-02 1.12e+00 4.85e-02 6.39e-04 2.97e-03 5.58e-04 2.83e-04 1.38e-04 2.12e-05
1.10e+00 1.04e+00 1.47e-02 1.04e+00 1.48e-02 7.72e-08 2.69e-03 6.21e-04 3.50e-04 2.53e-04 2.53e-05
1.06e+00 1.04e+00 2.30e-02 1.04e+00 2.33e-02 5.41e-04 3.35e-03 6.32e-04 2.56e-04 1.95e-04 3.61e-05
1.07e+00 1.05e+00 4.09e-02 1.04e+00 4.15e-02 3.61e-04 3.60e-03 3.76e-04 1.60e-04 8.85e-05 1.48e-05
1.06e+00 1.55e+00 2.09e-01 1.64e+00 2.28e-01 1.25e-05 9.42e-04 4.42e-04 1.26e-04 6.85e-05 8.56e-06
1.06e+00 1.11e+00 7.59e-02 1.13e+00 7.85e-02 2.64e-04 1.68e-03 2.98e-04 1.16e-04 7.31e-05 7.50e-06
1.10e+00 1.24e+00 5.55e-02 1.25e+00 5.63e-02 6.45e-06 1.29e-04 4.98e-04 1.71e-04 1.14e-04 1.20e-05
1.10e+00 1.38e+00 2.62e-01 1.62e+00 3.52e-01 1.69e-04 5.14e-03 4.70e-04 2.02e-04 1.15e-04 1.73e-05
1.09e+00 1.08e+00 2.46e-02 1.08e+00 2.47e-02 6.43e-04 3.24e-03 6.36e-04 3.57e-04 1.75e-04 2.50e-05
1.06e+00 9.95e-01 3.38e-02 9.90e-01 3.42e-02 1.62e-04 7.63e-03 7.39e-04 3.80e-04 2.24e-04 2.24e-05
1.11e+00 1.27e+00 5.85e-02 1.23e+00 6.87e-02 6.21e-07 1.93e-06 5.68e-04 2.16e-04 1.16e-04 1.37e-05
1.11e+00 1.01e+00 1.35e-02 1.01e+00 1.41e-02 1.23e-17 2.27e-03 7.19e-04 3.89e-04 2.91e-04 5.81e-05
1.06e+00 1.05e+00 5.41e-02 1.05e+00 5.41e-02 7.94e-04 6.21e-03 6.56e-04 2.55e-04 1.42e-04 1.67e-05
1.10e+00 1.47e+00 9.27e-02 1.45e+00 9.47e-02 5.07e-06 6.70e-05 4.11e-04 9.40e-05 5.33e-05 9.40e-06
1.06e+00 1.30e+00 8.11e-02 1.26e+00 9.15e-02 5.41e-07 2.61e-06 5.45e-04 2.49e-04 1.87e-04 2.04e-05
1.09e+00 1.38e+00 1.22e-01 1.38e+00 1.22e-01 8.21e-07 1.08e-04 5.19e-04 2.04e-04 1.00e-04 1.00e-05
1.09e+00 1.13e+00 1.38e-01 1.14e+00 1.38e-01 2.47e-04 2.25e-03 5.52e-04 1.72e-04 7.74e-05 1.05e-05
1.06e+00 1.15e+00 7.92e-02 1.10e+00 9.20e-02 4.04e-04 1.07e-03 4.84e-04 2.45e-04 1.46e-04 1.78e-05
1.08e+00 1.45e+00 9.35e-02 1.43e+00 9.48e-02 1.25e-09 9.93e-07 5.37e-04 1.56e-04 8.62e-05 9.95e-06
1.06e+00 1.76e+00 2.62e-01 1.86e+00 2.82e-01 1.67e-07 5.43e-06 3.55e-04 8.12e-05 4.82e-05 5.08e-06
1.08e+00 1.20e+00 2.39e-01 1.30e+00 2.60e-01 4.17e-05 1.82e-03 9.52e-05 3.58e-05 2.08e-05 2.86e-06
1.07e+00 1.03e+00 4.74e-02 1.03e+00 4.75e-02 3.76e-04 5.10e-03 6.11e-04 3.18e-04 1.88e-04 2.17e-05
1.10e+00 1.24e+00 1.41e-02 1.24e+00 1.42e-02 1.93e-17 8.16e-08 5.32e-04 2.42e-04 1.84e-04 1.84e-05
1.07e+00 1.03e+00 2.35e-02 1.03e+00 2.37e-02 1.60e-04 4.21e-03 6.19e-04 2.89e-04 1.95e-04 2.53e-05
1.08e+00 1.10e+00 1.66e-01 1.05e+00 1.73e-01 5.72e-04 6.37e-03 5.51e-04 2.34e-04 1.04e-04 7.20e-06
1.12e+00 1.27e+00 1.81e-02 1.26e+00 2.02e-02 1.02e-32 1.04e-32 6.72e-04 1.55e-04 8.10e-05 1.01e-05
1.13e+00 1.24e+00 1.92e-02 1.24e+00 1.97e-02 6.75e-07 3.73e-06 6.12e-04 2.89e-04 2.24e-04 2.38e-05
1.13e+00 1.04e+00 1.68e-02 1.04e+00 1.73e-02 2.55e-08 2.70e-03 6.24e-04 2.13e-04 1.84e-04 2.17e-05
1.12e+00 1.04e+00 4.05e-03 1.04e+00 4.17e-03 3.41e-23 8.57e-04 7.18e-04 7.18e-04 7.18e-04 2.53e-05
1.11e+00 1.13e+00 2.33e-02 1.13e+00 2.33e-02 5.04e-04 1.19e-03 6.33e-04 2.75e-04 1.82e-04 2.61e-05
1.12e+00 1.45e+00 1.06e-01 1.44e+00 1.06e-01 1.52e-07 1.17e-05 4.73e-04 1.48e-04 8.39e-05 1.34e-05
1.15e+00 1.05e+00 6.33e-02 1.04e+00 6.39e-02 5.44e-05 7.62e-03 5.92e-04 2.53e-04 1.52e-04 1.44e-05
1.13e+00 1.12e+00 1.45e-02 1.12e+00 1.46e-02 2.34e-09 1.32e-08 3.22e-09 1.55e-09 1.21e-09 1.91e-10
1.11e+00 1.20e+00 3.31e-02 1.21e+00 3.35e-02 1.68e-06 3.62e-06 3.50e-05 1.65e-05 9.02e-06 1.50e-06
1.12e+00 1.18e+00 3.50e-02 1.18e+00 3.50e-02 1.43e-04 2.64e-04 5.69e-04 2.95e-04 1.84e-04 2.08e-05
1.13e+00 1.21e+00 2.52e-02 1.21e+00 2.53e-02 4.99e-06 8.71e-06 1.45e-04 7.42e-05 3.79e-05 4.12e-06
1.14e+00 1.10e+00 4.64e-02 1.09e+00 4.72e-02 3.27e-05 5.12e-04 3.93e-05 1.84e-05 1.07e-05 1.45e-06
1.12e+00 1.28e+00 8.76e-03 1.28e+00 8.79e-03 1.75e-46 1.75e-46 5.61e-04 2.59e-04 2.59e-04 3.67e-05
1.14e+00 1.21e+00 1.06e-02 1.21e+00 1.15e-02 8.35e-12 8.39e-12 6.34e-04 2.79e-04 2.50e-04 3.52e-05
1.11e+00 1.14e+00 9.86e-03 1.14e+00 1.06e-02 2.08e-06 2.13e-06 7.29e-04 2.93e-04 1.98e-04 2.93e-05
1.14e+00 1.22e+00 3.50e-02 1.22e+00 3.51e-02 1.17e-06 1.31e-04 5.31e-04 2.74e-04 1.30e-04 1.03e-05
1.14e+00 9.94e-01 9.38e-02 1.04e+00 1.04e-01 5.31e-07 5.21e-03 5.77e-04 2.09e-04 1.05e-04 1.80e-05
1.13e+00 1.19e+00 1.91e-02 1.20e+00 2.00e-02 4.06e-06 5.16e-06 6.34e-04 2.81e-04 1.35e-04 2.97e-05
1.13e+00 1.30e+00 6.88e-03 1.30e+00 7.12e-03 2.92e-113 2.92e-113 6.62e-04 3.29e-04 3.29e-04 2.66e-05
1.15e+00 1.05e+00 1.04e-03 1.05e+00 1.04e-03 2.28e-43 7.24e-04 7.16e-04 7.16e-04 7.16e-04 7.16e-04
1.14e+00 1.10e+00 1.74e-02 1.10e+00 1.79e-02 2.48e-07 1.47e-05 2.72e-06 1.49e-06 1.49e-06 4.48e-07
1.12e+00 1.11e+00 1.81e-01 1.06e+00 1.88e-01 2.75e-04 7.19e-03 5.85e-04 2.19e-04 1.15e-04 1.08e-05
1.12e+00 1.22e+00 5.89e-03 1.22e+00 6.19e-03 1.75e-36 1.75e-36 6.33e-04 2.58e-04 2.58e-04 8.91e-05
1.13e+00 1.21e+00 1.94e-03 1.21e+00 1.97e-03 1.73e-74 2.88e-31 6.84e-04 6.84e-04 6.84e-04 2.75e-05
1.14e+00 1.21e+00 5.59e-03 1.21e+00 5.62e-03 1.30e-24 1.30e-24 6.45e-04 6.45e-04 1.65e-04 1.17e-04
1.11e+00 1.04e+00 5.01e-04 1.04e+00 5.02e-04 1.24e-63 7.20e-04 7.18e-04 7.18e-04 7.18e-04 7.18e-04
1.13e+00 1.12e+00 1.74e-01 1.06e+00 1.84e-01 2.33e-04 7.75e-03 5.39e-04 2.26e-04 1.15e-04 1.08e-05
1.15e+00 1.05e+00 1.54e-02 1.05e+00 1.55e-02 2.77e-09 2.66e-03 6.26e-04 3.06e-04 2.09e-04 1.80e-05
1.13e+00 1.23e+00 1.85e-02 1.23e+00 1.85e-02 8.63e-09 2.73e-08 5.65e-04 3.28e-04 1.47e-04 2.81e-05
1.12e+00 1.20e+00 3.47e-02 1.21e+00 3.53e-02 3.54e-37 3.96e-05 6.84e-04 6.84e-04 6.84e-04 4.12e-05
1.12e+00 1.03e+00 1.13e-02 1.04e+00 1.24e-02 4.60e-15 1.74e-03 7.18e-04 2.63e-04 2.31e-04 3.25e-05
1.11e+00 1.11e+00 5.38e-02 1.09e+00 5.83e-02 4.87e-04 4.38e-03 5.85e-04 2.03e-04 1.03e-04 1.78e-05
1.14e+00 1.24e+00 9.49e-03 1.24e+00 1.00e-02 5.09e-17 8.60e-15 6.77e-04 2.72e-04 2.72e-04 4.42e-05
1.14e+00 1.07e+00 1.52e-02 1.07e+00 1.52e-02 5.27e-08 3.10e-03 6.66e-04 5.88e-04 3.26e-04 6.45e-05
1.14e+00 1.04e+00 5.32e-03 1.04e+00 6.07e-03 2.19e-27 1.09e-03 7.18e-04 3.39e-04 3.39e-04 2.53e-05
1.13e+00 1.24e+00 2.42e-02 1.24e+00 2.44e-02 8.11e-21 1.95e-05 6.09e-04 3.12e-04 3.12e-04 5.51e-05
1.14e+00 1.06e+00 1.34e-02 1.05e+00 1.75e-02 9.05e-10 2.25e-03 7.16e-04 2.56e-04 1.58e-04 9.36e-05
1.14e+00 1.22e+00 3.92e-02 1.23e+00 4.04e-02 1.96e-06 1.58e-04 6.79e-04 4.61e-04 2.01e-04 2.39e-05
1.14e+00 1.43e+00 9.15e-02 1.45e+00 9.44e-02 1.85e-06 1.39e-04 5.37e-04 2.81e-04 1.00e-04 3.12e-06
1.14e+00 1.11e+00 1.56e-02 1.12e+00 1.73e-02 1.32e-04 2.87e-03 7.30e-04 4.39e-04 2.19e-04 2.65e-05
1.11e+00 1.01e+00 2.20e-02 1.01e+00 2.21e-02 1.29e-09 3.38e-03 6.25e-04 3.63e-04 1.89e-04 2.18e-05
1.15e+00 1.05e+00 1.32e-03 1.05e+00 1.32e-03 2.57e-38 7.29e-04 7.16e-04 7.16e-04 7.16e-04 7.16e-04
1.12e+00 1.26e+00 8.63e-03 1.26e+00 8.64e-03 3.05e-30 3.05e-30 5.85e-04 2.65e-04 2.65e-04 3.82e-05
1.13e+00 1.15e+00 4.41e-02 1.13e+00 4.87e-02 6.98e-04 3.12e-03 5.43e-04 2.71e-04 1.90e-04 2.47e-05
1.12e+00 1.17e+00 2.86e-02 1.17e+00 2.87e-02 1.22e-04 2.38e-04 5.85e-04 2.89e-04 1.71e-04 1.74e-05
1.14e+00 1.16e+00 3.16e-02 1.16e+00 3.16e-02 1.16e-06 3.69e-06 1.19e-06 6.99e-07 4.19e-07 5.33e-08
1.12e+00 1.22e+00 1.34e-02 1.23e+00 1.46e-02 3.89e-13 3.99e-13 6.05e-04 3.50e-04 1.31e-04 3.43e-05
1.13e+00 1.22e+00 3.99e-03 1.22e+00 4.39e-03 2.89e-70 1.68e-49 6.81e-04 6.81e-04 6.81e-04 1.61e-04
1.15e+00 1.26e+00 2.96e-03 1.26e+00 2.99e-03 1.80e-234 1.80e-234 6.72e-04 6.72e-04 6.72e-04 6.72e-04
1.14e+00 1.24e+00 4.72e-03 1.24e+00 5.73e-03 1.87e-129 1.89e-126 6.77e-04 6.77e-04 3.30e-04 3.30e-04
1.14e+00 1.05e+00 1.59e-02 1.05e+00 1.59e-02 6.98e-09 2.49e-03 6.19e-04 2.34e-04 2.09e-04 3.24e-05
1.13e+00 1.23e+00 4.50e-03 1.23e+00 5.27e-03 9.36e-132 1.05e-118 6.79e-04 6.79e-04 2.59e-04 2.59e-04
1.14e+00 1.22e+00 6.27e-02 1.24e+00 6.70e-02 1.78e-04 1.28e-03 5.04e-04 1.65e-04 1.03e-04 1.37e-05
1.14e+00 1.20e+00 1.46e-02 1.20e+00 1.51e-02 3.30e-07 3.54e-07 6.34e-04 3.80e-04 1.85e-04 2.97e-05
1.13e+00 1.22e+00 2.24e-03 1.22e+00 2.25e-03 2.21e-40 3.05e-27 6.81e-04 6.81e-04 6.81e-04 3.08e-05
1.12e+00 1.05e+00 3.07e-03 1.05e+00 3.15e-03 1.96e-26 7.95e-04 7.16e-04 7.16e-04 7.16e-04 6.84e-05
1.15e+00 1.06e+00 7.68e-03 1.06e+00 7.74e-03 1.21e-22 1.39e-03 7.15e-04 3.77e-04 2.51e-04 2.51e-05
1.11e+00 1.22e+00 8.56e-02 1.22e+00 8.58e-02 1.11e-06 3.15e-06 1.07e-05 4.08e-06 2.61e-06 2.01e-07
1.16e+00 1.10e+00 3.65e-02 1.11e+00 3.73e-02 2.45e-04 6.28e-03 5.67e-04 2.55e-04 1.74e-04 1.77e-05
1.13e+00 1.10e+00 1.22e-01 1.02e+00 1.45e-01 1.28e-04 6.86e-03 5.53e-04 1.25e-04 7.33e-05 1.47e-05
1.15e+00 1.05e+00 9.82e-03 1.05e+00 1.00e-02 8.24e-11 1.69e-03 7.16e-04 5.87e-04 2.38e-04 6.48e-05
1.14e+00 1.08e+00 6.43e-03 1.08e+00 6.43e-03 9.71e-24 1.20e-03 7.11e-04 2.57e-04 2.29e-04 2.29e-04
1.14e+00 1.04e+00 1.14e-02 1.04e+00 1.16e-02 1.36e-11 1.71e-03 7.18e-04 3.25e-04 1.84e-04 4.33e-05
1.12e+00 1.09e+00 3.42e-02 1.07e+00 3.87e-02 5.71e-05 7.54e-04 8.28e-05 4.46e-05 2.18e-05 3.47e-06
1.15e+00 1.26e+00 1.22e-02 1.26e+00 1.22e-02 3.80e-18 1.35e-09 4.53e-04 3.70e-04 1.70e-04 2.65e-05
1.13e+00 1.19e+00 3.37e-02 1.20e+00 3.47e-02 2.18e-05 5.42e-05 8.89e-05 3.91e-05 2.13e-05 3.36e-06
1.13e+00 1.14e+00 3.51e-02 1.14e+00 3.51e-02 2.74e-05 1.12e-04 2.36e-05 1.09e-05 6.71e-06 1.43e-06
1.14e+00 1.45e+00 4.98e-03 1.45e+00 6.22e-03 6.01e-290 6.01e-290 6.22e-04 3.78e-04 3.78e-04 3.78e-04
1.13e+00 1.11e+00 1.14e-01 1.03e+00 1.42e-01 1.01e-05 5.52e-03 5.51e-04 2.35e-04 1.30e-04 1.45e-05
1.14e+00 1.09e+00 2.46e-02 1.08e+00 2.64e-02 8.20e-05 4.56e-03 6.29e-04 3.50e-04 1.93e-04 3.22e-05
1.13e+00 1.09e+00 9.09e-02 1.05e+00 9.99e-02 9.57e-05 5.87e-03 5.14e-04 1.53e-04 6.92e-05 1.09e-05
1.15e+00 1.28e+00 5.11e-03 1.28e+00 6.62e-03 1.30e-167 1.30e-167 6.67e-04 4.96e-04 4.96e-04 4.96e-04
1.11e+00 1.52e+00 8.96e-02 1.45e+00 1.17e-01 2.22e-06 5.23e-05 4.66e-04 1.34e-04 8.12e-05 1.56e-05
1.12e+00 1.05e+00 7.81e-02 1.02e+00 8.54e-02 2.91e-05 4.68e-03 5.98e-04 2.54e-04 8.34e-05 1.45e-05
1.12e+00 1.20e+00 1.01e-01 1.25e+00 1.14e-01 9.54e-08 7.38e-04 5.19e-04 1.86e-04 8.40e-05 1.20e-05
1.11e+00 1.19e+00 3.14e-02 1.20e+00 3.21e-02 2.12e-06 4.21e-06 5.03e-05 2.14e-05 1.41e-05 1.81e-06
1.14e+00 1.22e+00 1.17e-02 1.22e+00 1.17e-02 2.41e-12 2.43e-12 6.33e-04 4.23e-04 1.53e-04 3.18e-05
1.14e+00 1.11e+00 2.06e-02 1.11e+00 2.12e-02 3.19e-06 4.26e-05 7.47e-06 3.82e-06 1.95e-06 2.17e-07
1.14e+00 1.29e+00 7.84e-03 1.29e+00 8.74e-03 5.94e-65 5.95e-65 6.64e-04 5.27e-04 1.54e-04 9.35e-05
1.14e+00 1.05e+00 4.88e-03 1.05e+00 6.27e-03 2.60e-65 1.18e-03 7.16e-04 4.64e-04 4.64e-04 4.64e-04
1.14e+00 1.02e+00 5.36e-02 1.01e+00 5.41e-02 2.80e-06 5.67e-03 5.93e-04 2.65e-04 1.85e-04 1.45e-05
1.13e+00 1.25e+00 5.43e-03 1.25e+00 6.50e-03 7.45e-70 9.34e-21 5.97e-04 3.75e-04 3.75e-04 2.70e-05
1.11e+00 1.15e+00 2.04e-02 1.15e+00 2.07e-02 1.16e-04 1.83e-04 5.98e-04 2.99e-04 2.02e-04 2.16e-05
1.13e+00 1.23e+00 5.29e-03 1.23e+00 5.54e-03 2.09e-98 2.29e-89 6.79e-04 6.79e-04 2.15e-04 6.48e-05
1.13e+00 1.21e+00 5.41e-02 1.21e+00 5.41e-02 5.75e-05 8.12e-04 5.62e-04 3.05e-04 1.25e-04 2.43e-05
1.15e+00 1.06e+00 3.80e-02 1.05e+00 3.94e-02 1.07e-05 4.21e-03 5.76e-04 2.23e-04 1.12e-04 1.08e-05
1.11e+00 1.28e+00 1.02e-02 1.28e+00 1.03e-02 1.83e-47 1.83e-47 5.61e-04 3.10e-04 3.10e-04 5.36e-05
1.14e+00 1.19e+00 6.58e-02 1.21e+00 6.81e-02 7.84e-05 1.35e-03 5.26e-04 1.53e-04 9.75e-05 1.74e-05
1.12e+00 1.18e+00 8.02e-03 1.18e+00 8.67e-03 1.10e-14 1.10e-14 6.81e-04 5.85e-04 1.92e-04 7.87e-05
1.13e+00 1.22e+00 3.98e-02 1.21e+00 4.15e-02 1.10e-05 1.33e-04 8.42e-04 2.76e-04 1.77e-04 1.97e-05
1.12e+00 1.12e+00 1.37e-02 1.12e+00 1.41e-02 1.79e-11 4.20e-11 1.66e-11 7.99e-12 4.14e-12 5.64e-13
1.13e+00 1.05e+00 1.22e-02 1.05e+00 1.23e-02 1.19e-08 1.86e-03 7.16e-04 3.56e-04 1.62e-04 1.80e-05
1.15e+00 1.15e+00 4.95e-02 1.15e+00 4.97e-02 6.95e-04 4.67e-03 5.64e-04 2.77e-04 1.75e-04 2.10e-05
1.12e+00 1.16e+00 3.82e-02 1.17e+00 4.02e-02 2.92e-06 9.73e-06 4.50e-06 2.25e-06 1.50e-06 2.41e-07
1.13e+00 1.05e+00 6.97e-03 1.05e+00 7.62e-03 4.03e-18 8.83e-04 7.16e-04 7.16e-04 7.16e-04 7.56e-05
1.11e+00 1.07e+00 2.37e-01 9.80e-01 2.54e-01 2.71e-05 7.94e-03 5.52e-04 1.97e-04 9.50e-05 7.31e-06
1.13e+00 1.45e+00 1.23e-01 1.45e+00 1.23e-01 1.84e-05 3.02e-04 5.25e-04 8.45e-05 4.69e-05 6.26e-06
1.15e+00 1.24e+00 2.28e-02 1.24e+00 2.28e-02 1.51e-06 1.86e-05 5.98e-04 2.45e-04 1.87e-04 2.38e-05
1.11e+00 1.17e+00 9.79e-03 1.17e+00 9.91e-03 9.00e-10 9.08e-10 6.93e-04 3.52e-04 3.52e-04 6.62e-05
1.12e+00 1.09e+00 1.87e-02 1.09e+00 1.88e-02 3.10e-04 4.11e-03 7.24e-04 3.84e-04 2.41e-04 7.91e-05
1.15e+00 1.14e+00 1.95e-02 1.14e+00 1.98e-02 3.04e-06 1.37e-05 3.09e-06 1.44e-06 7.95e-07 2.40e-07
1.14e+00 1.24e+00 1.06e-02 1.24e+00 1.12e-02 3.40e-18 2.48e-08 6.09e-04 2.82e-04 1.84e-04 2.75e-05
1.12e+00 1.04e+00 6.38e-02 1.02e+00 6.56e-02 2.52e-05 5.64e-03 6.24e-04 2.43e-04 1.34e-04 1.09e-05
1.14e+00 1.07e+00 1.12e-01 1.00e+00 1.34e-01 2.04e-05 6.03e-03 6.09e-04 1.93e-04 9.11e-05 1.09e-05
1.14e+00 1.18e+00 2.98e-02 1.19e+00 3.16e-02 7.26e-06 1.83e-05 1.57e-05 8.31e-06 4.01e-06 4.78e-07
1.12e+00 1.09e+00 1.78e-02 1.07e+00 2.33e-02 1.38e-04 3.96e-03 7.89e-04 4.27e-04 3.74e-04 4.47e-05
1.15e+00 1.04e+00 3.69e-03 1.04e+00 4.03e-03 1.51e-79 8.57e-04 7.18e-04 7.18e-04 7.18e-04 1.41e-04
1.15e+00 1.17e+00 2.10e-02 1.17e+00 2.15e-02 4.33e-09 9.76e-09 5.49e-09 3.29e-09 1.81e-09 4.75e-10
1.14e+00 1.29e+00 3.69e-02 1.26e+00 4.50e-02 2.68e-13 3.61e-13 4.39e-04 1.96e-04 1.45e-04 1.69e-05
1.13e+00 1.16e+00 3.85e-02 1.17e+00 3.96e-02 2.67e-04 9.07e-04 3.59e-04 1.70e-04 8.37e-05 1.54e-05
1.11e+00 1.25e+00 4.50e-03 1.25e+00 4.69e-03 1.50e-127 1.80e-93 5.97e-04 5.97e-04 1.35e-04 3.60e-05
1.12e+00 1.30e+00 5.22e-02 1.31e+00 5.25e-02 6.75e-49 5.30e-05 5.26e-04 1.82e-04 1.69e-04 1.85e-05
1.11e+00 1.18e+00 5.90e-02 1.18e+00 5.90e-02 2.40e-04 1.01e-03 5.35e-04 2.40e-04 1.45e-04 1.35e-05
1.12e+00 1.28e+00 5.76e-03 1.28e+00 5.95e-03 2.66e-113 2.74e-113 6.67e-04 2.41e-04 2.41e-04 9.72e-05
1.15e+00 1.25e+00 1.00e-02 1.25e+00 1.00e-02 2.68e-14 9.93e-14 6.74e-04 3.96e-04 3.96e-04 7.79e-05
1.14e+00 1.07e+00 4.64e-02 1.05e+00 5.20e-02 9.96e-06 2.65e-03 3.71e-04 1.47e-04 8.60e-05 9.83e-06
1.12e+00 1.04e+00 3.03e-02 1.04e+00 3.05e-02 5.98e-06 4.40e-03 5.88e-04 2.71e-04 1.48e-04 2.89e-05
1.15e+00 1.07e+00 3.71e-02 1.05e+00 4.36e-02 1.95e-05 4.33e-03 5.90e-04 3.10e-04 1.55e-04 1.44e-05
1.12e+00 1.10e+00 3.39e-02 1.09e+00 3.43e-02 5.89e-04 5.07e-03 6.20e-04 3.21e-04 2.10e-04 2.85e-05
1.13e+00 1.24e+00 1.11e-02 1.24e+00 1.16e-02 1.60e-15 1.11e-14 6.77e-04 3.43e-04 2.28e-04 4.76e-05
1.15e+00 1.25e+00 9.89e-03 1.25e+00 9.92e-03 1.43e-18 4.91e-18 6.74e-04 3.86e-04 3.86e-04 7.11e-05
1.12e+00 1.21e+00 1.16e-01 1.26e+00 1.26e-01 3.28e-05 1.84e-03 4.02e-04 1.46e-04 7.86e-05 8.73e-06
1.12e+00 1.53e+00 2.64e-01 1.69e+00 3.07e-01 1.42e-05 1.07e-04 3.00e-05 9.78e-06 5.74e-06 8.51e-07
1.15e+00 1.09e+00 4.95e-03 1.09e+00 5.61e-03 1.58e-18 9.92e-04 7.09e-04 7.09e-04 2.60e-04 1.78e-05
1.13e+00 1.07e+00 1.61e-02 1.05e+00 2.22e-02 1.52e-06 3.29e-03 7.13e-04 2.63e-04 2.56e-04 2.52e-05
1.13e+00 1.04e+00 1.03e-02 1.04e+00 1.04e-02 2.02e-13 1.58e-03 7.18e-04 2.35e-04 1.15e-04 2.17e-05
1.12e+00 1.06e+00 1.51e-02 1.06e+00 1.53e-02 4.46e-06 3.11e-03 8.20e-04 4.66e-04 2.23e-04 2.47e-05
1.15e+00 1.06e+00 2.48e-02 1.05e+00 2.66e-02 4.92e-08 2.36e-03 7.16e-04 3.31e-04 1.91e-04 1.44e-05
1.15e+00 1.14e+00 2.04e-02 1.14e+00 2.04e-02 4.53e-07 2.07e-06 5.32e-07 1.88e-07 1.64e-07 2.73e-08
1.13e+00 1.16e+00 6.78e-02 1.11e+00 8.24e-02 6.46e-04 4.44e-03 5.46e-04 2.27e-04 1.49e-04 2.48e-05
1.11e+00 1.21e+00 6.83e-03 1.21e+00 7.47e-03 3.26e-27 3.26e-27 6.45e-04 4.05e-04 4.05e-04 3.57e-05
1.14e+00 1.90e+00 4.59e-01 1.29e+00 7.65e-01 4.27e-06 5.64e-05 1.39e-04 5.15e-05 3.01e-05 4.29e-06
1.14e+00 1.16e+00 2.88e-02 1.17e+00 2.97e-02 1.91e-06 5.29e-06 2.29e-06 1.37e-06 7.73e-07 1.05e-07
1.11e+00 1.13e+00 2.48e-02 1.13e+00 2.52e-02 3.82e-05 9.98e-05 4.72e-05 1.99e-05 9.83e-06 3.00e-06
1.13e+00 1.21e+00 4.83e-03 1.21e+00 6.08e-03 4.11e-75 8.88e-15 6.84e-04 4.02e-04 4.02e-04 4.02e-04
1.12e+00 1.05e+00 6.04e-02 1.03e+00 6.30e-02 8.82e-05 6.51e-03 5.94e-04 2.08e-04 9.83e-05 1.09e-05
1.15e+00 1.08e+00 1.79e-02 1.08e+00 1.82e-02 6.95e-07 3.33e-03 6.29e-04 4.04e-04 3.36e-04 4.29e-05
1.13e+00 1.04e+00 1.72e-02 1.04e+00 1.78e-02 2.72e-08 2.83e-03 5.74e-04 2.35e-04 2.17e-04 2.53e-05
1.15e+00 1.18e+00 1.27e-02 1.18e+00 1.27e-02 2.89e-05 3.18e-05 5.31e-04 2.09e-04 2.09e-04 4.11e-05
1.15e+00 1.20e+00 8.41e-03 1.20e+00 8.76e-03 2.68e-10 2.69e-10 6.57e-04 4.43e-04 2.28e-04 7.93e-05
1.11e+00 1.08e+00 2.42e-02 1.07e+00 2.52e-02 2.03e-04 3.87e-03 5.66e-04 2.44e-04 2.08e-04 2.87e-05
1.12e+00 1.05e+00 5.14e-03 1.05e+00 6.25e-03 1.54e-22 1.17e-03 7.16e-04 4.36e-04 4.36e-04 4.36e-04
1.14e+00 1.23e+00 1.01e-02 1.23e+00 1.03e-02 1.55e-15 1.55e-15 6.21e-04 3.00e-04 3.00e-04 6.24e-05
1.12e+00 1.04e+00 3.78e-03 1.04e+00 3.78e-03 3.07e-87 7.19e-04 7.18e-04 7.18e-04 7.18e-04 7.18e-04
1.13e+00 1.10e+00 1.59e-02 1.10e+00 1.62e-02 4.80e-05 2.77e-03 6.33e-04 3.87e-04 1.60e-04 2.13e-05
1.14e+00 1.10e+00 6.51e-03 1.10e+00 7.87e-03 1.42e-07 1.58e-03 7.76e-04 6.66e-04 6.66e-04 5.85e-05
1.14e+00 1.64e+00 2.65e-02 1.65e+00 2.80e-02 1.04e-18 3.71e-11 3.89e-04 1.76e-04 8.23e-05 1.70e-05
1.12e+00 1.14e+00 8.65e-03 1.14e+00 9.51e-03 1.23e-04 1.33e-04 7.29e-04 6.19e-04 2.23e-04 1.47e-04
1.14e+00 1.16e+00 9.35e-02 1.23e+00 1.15e-01 1.56e-05 1.64e-03 3.02e-04 1.36e-04 6.00e-05 1.00e-05
1.16e+00 1.27e+00 5.34e-03 1.27e+00 6.52e-03 1.09e-115 1.09e-115 6.69e-04 4.41e-04 4.41e-04 2.35e-05
1.14e+00 1.06e+00 7.28e-02 1.02e+00 8.24e-02 2.12e-04 6.95e-03 5.44e-04 1.80e-04 1.21e-04 1.10e-05
1.14e+00 1.05e+00 1.14e-02 1.05e+00 1.14e-02 3.12e-10 1.79e-03 7.16e-04 3.10e-04 3.10e-04 2.16e-05
1.10e+00 9.88e-01 1.34e-02 9.90e-01 1.36e-02 2.51e-08 2.63e-03 7.08e-04 3.36e-04 2.04e-04 4.74e-05
1.15e+00 1.08e+00 2.31e-02 1.07e+00 2.43e-02 7.38e-06 3.89e-03 5.37e-04 2.54e-04 1.76e-04 2.15e-05
1.11e+00 1.25e+00 9.87e-03 1.24e+00 1.15e-02 6.00e-42 6.03e-42 6.77e-04 3.71e-04 3.71e-04 1.94e-04
1.12e+00 1.10e+00 2.01e-02 1.11e+00 2.08e-02 2.31e-04 1.28e-03 2.47e-04 1.31e-04 8.62e-05 1.78e-05
1.13e+00 1.22e+00 5.97e-03 1.22e+00 5.99e-03 2.41e-31 2.41e-31 6.33e-04 1.88e-04 1.88e-04 1.40e-04
1.14e+00 1.07e+00 3.18e-02 1.07e+00 3.19e-02 4.22e-05 5.17e-03 6.05e-04 2.33e-04 1.47e-04 2.15e-05
1.14e+00 1.26e+00 9.03e-04 1.26e+00 9.04e-04 1.97e-305 1.97e-305 6.72e-04 6.72e-04 6.72e-04 6.72e-04
1.15e+00 1.21e+00 9.88e-03 1.21e+00 1.00e-02 7.16e-10 7.22e-10 6.45e-04 3.24e-04 3.24e-04 6.48e-05
1.13e+00 1.01e+00 1.67e-02 1.02e+00 1.75e-02 5.44e-11 3.09e-03 6.92e-04 4.79e-04 2.21e-04 2.90e-05
1.13e+00 1.09e+00 1.38e-01 9.80e-01 1.78e-01 1.92e-05 5.70e-03 4.98e-04 1.81e-04 9.96e-05 1.48e-05
1.13e+00 1.24e+00 4.77e-03 1.24e+00 5.30e-03 5.21e-97 6.98e-93 6.77e-04 6.77e-04 2.41e-04 2.38e-05
1.14e+00 1.07e+00 8.16e-02 1.04e+00 8.86e-02 2.54e-20 1.27e-03 7.18e-04 1.73e-04 1.34e-04 1.80e-05
1.13e+00 1.42e+00 8.38e-02 1.44e+00 8.52e-02 5.01e-09 2.88e-07 4.40e-04 1.41e-04 6.28e-05 9.42e-06
1.14e+00 1.18e+00 2.87e-02 1.19e+00 2.96e-02 2.74e-06 6.97e-06 6.10e-06 3.43e-06 1.71e-06 2.39e-07
1.14e+00 1.27e+00 3.69e-02 1.28e+00 3.77e-02 2.20e-05 5.33e-05 5.33e-04 2.01e-04 1.07e-04 1.34e-05
1.14e+00 1.15e+00 7.89e-02 1.21e+00 9.63e-02 3.41e-05 1.81e-03 5.94e-04 2.13e-04 1.03e-04 1.37e-05
1.14e+00 1.28e+00 4.43e-03 1.28e+00 4.59e-03 2.67e-163 2.67e-163 6.67e-04 6.67e-04 6.67e-04 4.02e-05
1.14e+00 1.02e+00 4.60e-02 1.02e+00 4.62e-02 3.13e-05 5.25e-03 6.10e-04 2.25e-04 1.12e-04 1.45e-05
1.15e+00 1.18e+00 1.20e-02 1.18e+00 1.22e-02 4.12e-05 4.47e-05 5.44e-04 4.55e-04 2.29e-04 4.79e-05
1.15e+00 1.03e+00 1.09e-02 1.04e+00 1.42e-02 1.33e-18 2.05e-03 7.18e-04 4.73e-04 1.30e-04 1.23e-04
1.12e+00 1.51e+00 1.47e-01 1.45e+00 1.59e-01 1.81e-06 3.30e-04 4.80e-04 1.97e-04 1.13e-04 1.13e-05
1.13e+00 1.05e+00 1.03e-02 1.05e+00 1.03e-02 1.65e-11 1.77e-03 7.16e-04 3.13e-04 3.13e-04 2.52e-05
1.11e+00 1.22e+00 1.90e-02 1.22e+00 1.92e-02 8.42e-10 9.02e-10 5.60e-04 2.45e-04 1.56e-04 3.82e-05
1.13e+00 1.25e+00 7.33e-03 1.25e+00 7.61e-03 2.88e-32 8.47e-32 6.74e-04 3.90e-04 1.86e-04 3.73e-05
1.11e+00 1.12e+00 1.41e-02 1.12e+00 1.41e-02 4.77e-04 7.70e-04 5.90e-04 2.50e-04 2.34e-04 2.27e-05
1.14e+00 1.10e+00 5.54e-02 1.08e+00 5.80e-02 4.13e-04 7.34e-03 5.54e-04 2.43e-04 1.47e-04 1.79e-05
1.14e+00 1.47e+00 7.49e-02 1.46e+00 7.56e-02 4.68e-07 1.48e-05 4.64e-04 1.19e-04 7.83e-05 9.40e-06
1.14e+00 1.07e+00 1.69e-02 1.07e+00 1.69e-02 2.79e-07 3.35e-03 6.27e-04 3.69e-04 1.65e-04 5.37e-05
1.11e+00 1.02e+00 2.10e-02 1.02e+00 2.13e-02 5.83e-09 3.31e-03 6.92e-04 3.30e-04 2.07e-04 1.81e-05
1.14e+00 1.24e+00 1.24e-02 1.24e+00 1.29e-02 1.40e-13 1.43e-13 5.14e-04 3.64e-04 2.42e-04 6.73e-05
1.12e+00 1.18e+00 1.74e-02 1.18e+00 1.75e-02 6.79e-06 8.10e-06 5.75e-04 3.18e-04 1.88e-04 2.74e-05
1.13e+00 1.06e+00 1.38e-02 1.05e+00 1.62e-02 2.56e-07 1.93e-03 7.16e-04 2.23e-04 2.23e-04 2.16e-05
1.13e+00 1.41e+00 8.52e-02 1.44e+00 8.99e-02 3.78e-07 8.32e-05 5.53e-04 1.73e-04 7.54e-05 6.28e-06
1.14e+00 1.22e+00 3.66e-02 1.22e+00 3.69e-02 1.19e-05 1.31e-04 6.03e-04 2.60e-04 1.40e-04 1.03e-05
1.15e+00 1.06e+00 1.46e-02 1.05e+00 1.90e-02 2.42e-09 2.36e-03 7.16e-04 2.88e-04 1.87e-04 3.96e-05
1.13e+00 1.11e+00 1.61e-02 1.11e+00 1.61e-02 3.44e-04 2.87e-03 6.99e-04 3.61e-04 2.88e-04 1.92e-05
1.14e+00 1.23e+00 9.67e-03 1.23e+00 1.05e-02 9.16e-18 3.44e-09 6.21e-04 2.31e-04 1.81e-04 3.74e-05
1.13e+00 1.22e+00 2.45e-02 1.23e+00 2.55e-02 3.77e-06 5.64e-06 5.65e-04 2.37e-04 2.06e-04 1.87e-05
1.11e+00 1.07e+00 2.59e-02 1.07e+00 2.59e-02 1.74e-04 4.44e-03 6.34e-04 3.30e-04 1.83e-04 2.15e-05
1.14e+00 1.04e+00 5.35e-03 1.04e+00 5.67e-03 1.89e-24 9.96e-04 7.18e-04 7.18e-04 2.24e-04 4.69e-05
1.13e+00 1.13e+00 1.11e-01 1.13e+00 1.11e-01 7.03e-04 8.69e-03 5.51e-04 2.40e-04 1.13e-04 1.77e-05
1.11e+00 1.11e+00 1.07e-01 1.07e+00 1.13e-01 4.01e-04 5.02e-03 5.98e-04 2.40e-04 1.43e-04 1.07e-05
1.14e+00 1.06e+00 7.37e-03 1.06e+00 8.44e-03 2.08e-29 1.46e-03 7.15e-04 5.39e-04 5.39e-04 9.34e-05
1.13e+00 1.11e+00 4.22e-02 1.11e+00 4.23e-02 1.54e-06 1.08e-05 1.38e-06 6.63e-07 4.64e-07 4.97e-08
1.12e+00 1.17e+00 1.79e-02 1.17e+00 1.85e-02 3.77e-05 4.74e-05 5.47e-04 3.03e-04 2.75e-04 2.79e-05
1.15e+00 1.24e+00 1.06e-02 1.24e+00 1.06e-02 7.39e-14 5.87e-12 6.77e-04 3.91e-04 1.39e-04 9.86e-05
1.12e+00 1.25e+00 2.69e-02 1.24e+00 2.96e-02 1.05e-08 1.94e-08 5.82e-04 3.10e-04 1.43e-04 1.70e-05
1.15e+00 1.17e+00 1.29e-02 1.17e+00 1.31e-02 2.21e-04 2.82e-04 6.03e-04 3.00e-04 3.00e-04 2.79e-05
1.13e+00 1.14e+00 4.35e-02 1.14e+00 4.35e-02 6.51e-06 3.61e-05 5.68e-06 2.25e-06 1.75e-06 3.02e-07
1.14e+00 1.09e+00 2.08e-02 1.07e+00 2.58e-02 3.61e-09 2.45e-07 3.88e-08 2.42e-08 1.37e-08 1.77e-09
1.13e+00 1.05e+00 4.48e-03 1.05e+00 5.27e-03 3.13e-57 9.91e-04 7.16e-04 7.16e-04 2.77e-04 2.77e-04
1.12e+00 1.09e+00 4.81e-02 1.08e+00 4.92e-02 4.51e-04 6.08e-03 5.68e-04 2.39e-04 1.29e-04 1.79e-05
1.14e+00 1.09e+00 3.29e-02 1.08e+00 3.36e-02 2.11e-04 5.50e-03 5.47e-04 2.72e-04 1.54e-04 2.14e-05
1.14e+00 1.17e+00 1.09e-02 1.17e+00 1.14e-02 2.18e-05 2.31e-05 6.38e-04 3.48e-04 2.44e-04 3.48e-05
1.13e+00 1.06e+00 1.80e-02 1.06e+00 1.80e-02 2.79e-07 2.26e-04 4.87e-05 2.30e-05 1.24e-05 1.89e-06
1.14e+00 1.28e+00 3.31e-02 1.27e+00 3.60e-02 1.57e-08 2.09e-08 4.90e-04 2.30e-04 1.24e-04 1.73e-05
1.15e+00 1.03e+00 6.99e-02 1.02e+00 7.13e-02 6.61e-11 2.78e-03 7.07e-04 4.21e-04 1.49e-04 1.45e-05
1.12e+00 1.29e+00 3.64e-02 1.26e+00 4.54e-02 4.12e-11 5.44e-11 4.73e-04 2.06e-04 1.25e-04 2.03e-05
1.15e+00 1.30e+00 5.57e-03 1.30e+00 7.20e-03 9.79e-156 9.79e-156 6.62e-04 5.99e-04 5.99e-04 2.99e-05
1.14e+00 1.03e+00 3.59e-02 1.02e+00 3.64e-02 5.97e-07 4.64e-03 6.16e-04 2.61e-04 1.85e-04 2.54e-05
1.11e+00 1.15e+00 5.75e-02 1.14e+00 5.79e-02 6.48e-04 3.40e-03 5.87e-04 2.60e-04 1.55e-04 2.46e-05
1.14e+00 1.11e+00 1.34e-02 1.12e+00 1.48e-02 2.20e-04 2.47e-03 7.15e-04 3.78e-04 3.78e-04 4.54e-05
1.14e+00 1.05e+00 6.11e-03 1.05e+00 6.15e-03 2.95e-18 1.01e-03 7.16e-04 7.16e-04 1.48e-04 2.52e-05
1.14e+00 1.25e+00 8.96e-03 1.25e+00 9.58e-03 3.54e-12 1.85e-11 6.74e-04 5.83e-04 2.37e-04 3.05e-05
1.15e+00 1.10e+00 7.15e-02 1.05e+00 8.78e-02 1.19e-04 6.09e-03 5.70e-04 1.80e-04 1.08e-04 2.17e-05
1.14e+00 1.19e+00 1.10e-01 1.26e+00 1.30e-01 6.64e-06 2.62e-03 4.53e-04 1.85e-04 9.42e-05 1.18e-05
1.14e+00 1.03e+00 6.58e-02 1.02e+00 6.64e-02 1.70e-06 4.56e-03 6.24e-04 2.39e-04 1.45e-04 1.09e-05
1.12e+00 1.05e+00 3.53e-02 1.05e+00 3.56e-02 6.40e-10 1.60e-03 7.16e-04 5.69e-04 1.73e-04 1.80e-05
1.11e+00 1.25e+00 4.93e-03 1.25e+00 5.68e-03 1.65e-117 7.01e-62 5.97e-04 5.97e-04 2.61e-04 2.61e-04
1.11e+00 1.25e+00 5.60e-03 1.25e+00 6.23e-03 1.47e-93 1.16e-47 5.97e-04 2.94e-04 2.94e-04 4.80e-05
1.14e+00 1.11e+00 2.79e-02 1.11e+00 2.83e-02 2.58e-04 3.71e-03 5.64e-04 2.34e-04 1.70e-04 1.77e-05
1.14e+00 1.13e+00 3.79e-02 1.13e+00 3.81e-02 1.90e-04 1.40e-03 1.76e-04 7.73e-05 5.36e-05 7.21e-06
1.13e+00 1.21e+00 1.54e-03 1.21e+00 1.55e-03 5.13e-75 5.69e-20 6.84e-04 6.84e-04 6.84e-04 6.84e-04
1.16e+00 1.25e+00 9.15e-03 1.25e+00 9.74e-03 3.76e-10 4.20e-09 6.74e-04 5.08e-04 2.47e-04 2.03e-05
1.11e+00 1.44e+00 9.17e-02 1.44e+00 9.18e-02 2.08e-07 2.62e-05 4.40e-04 1.23e-04 5.65e-05 9.42e-06
1.14e+00 1.35e+00 9.04e-03 1.35e+00 9.16e-03 7.34e-97 7.34e-97 6.49e-04 2.97e-04 2.97e-04 4.56e-05
1.13e+00 1.22e+00 1.49e-02 1.22e+00 1.49e-02 1.29e-09 1.34e-09 5.15e-04 2.80e-04 2.48e-04 2.86e-05
1.13e+00 1.47e+00 3.23e-03 1.47e+00 3.44e-03 2.74e-187 1.33e-163 6.16e-04 6.16e-04 6.16e-04 8.36e-05
1.12e+00 1.16e+00 3.54e-02 1.17e+00 3.66e-02 5.35e-06 1.52e-05 1.04e-05 5.57e-06 3.25e-06 5.01e-07
1.14e+00 1.10e+00 1.58e-02 1.10e+00 1.64e-02 1.02e-05 2.82e-03 6.75e-04 4.30e-04 1.81e-04 1.78e-05
1.12e+00 1.19e+00 6.16e-02 1.21e+00 6.46e-02 7.90e-06 7.45e-05 5.38e-05 2.26e-05 9.19e-06 1.31e-06
1.11e+00 1.25e+00 2.03e-02 1.24e+00 2.32e-02 6.54e-12 9.25e-12 6.05e-04 3.23e-04 1.87e-04 2.72e-05
1.12e+00 1.14e+00 2.19e-02 1.14e+00 2.24e-02 3.49e-04 6.39e-04 6.08e-04 3.81e-04 2.01e-04 2.93e-05
1.13e+00 1.03e+00 1.47e-02 1.04e+00 1.60e-02 3.33e-09 2.53e-03 6.17e-04 3.36e-04 1.88e-04 3.25e-05
1.12e+00 1.07e+00 2.79e-02 1.06e+00 3.01e-02 1.57e-05 5.43e-04 7.86e-05 2.79e-05 2.38e-05 3.20e-06
1.14e+00 1.13e+00 8.29e-02 1.05e+00 1.18e-01 1.53e-04 5.62e-03 5.48e-04 2.31e-04 1.37e-04 2.16e-05
1.13e+00 1.18e+00 4.04e-02 1.18e+00 4.04e-02 3.19e-04 9.50e-04 5.27e-04 2.33e-04 1.53e-04 1.74e-05
1.14e+00 1.04e+00 1.28e-02 1.04e+00 1.35e-02 7.94e-11 2.02e-03 7.18e-04 2.71e-04 2.71e-04 2.17e-05
1.15e+00 1.23e+00 3.09e-02 1.23e+00 3.11e-02 2.15e-06 8.27e-05 5.84e-04 2.76e-04 1.50e-04 1.71e-05
1.14e+00 1.12e+00 1.28e-01 1.02e+00 1.65e-01 1.75e-04 6.43e-03 5.52e-04 1.43e-04 8.40e-05 1.83e-05
1.12e+00 9.60e-01 4.73e-03 9.60e-01 4.74e-03 8.82e-55 3.16e-04 2.46e-04 2.46e-04 4.07e-05 2.96e-05
1.14e+00 1.33e+00 9.60e-03 1.33e+00 9.62e-03 1.06e-76 1.06e-76 6.54e-04 3.58e-04 3.58e-04 7.23e-05
1.13e+00 1.23e+00 1.03e-02 1.23e+00 1.14e-02 2.23e-09 4.89e-08 6.79e-04 2.73e-04 2.42e-04 3.41e-05
1.14e+00 1.05e+00 4.71e-03 1.05e+00 5.76e-03 5.97e-63 1.07e-03 7.16e-04 7.16e-04 3.56e-04 3.56e-04
1.13e+00 1.19e+00 2.22e-02 1.19e+00 2.25e-02 3.09e-05 4.73e-05 5.85e-04 2.86e-04 1.72e-04 1.68e-05
1.13e+00 1.11e+00 1.02e-01 1.04e+00 1.23e-01 6.04e-06 4.28e-03 4.84e-04 1.88e-04 9.39e-05 1.44e-05
1.14e+00 1.20e+00 6.08e-02 1.22e+00 6.38e-02 2.42e-06 1.53e-04 2.44e-04 1.01e-04 4.21e-05 4.21e-06
1.13e+00 1.27e+00 1.85e-01 1.45e+00 2.59e-01 1.83e-07 2.27e-06 2.59e-07 1.09e-07 6.74e-08 8.99e-09
1.13e+00 1.15e+00 6.37e-02 1.13e+00 6.66e-02 7.02e-04 4.05e-03 5.40e-04 2.19e-04 1.48e-04 1.76e-05
1.12e+00 1.16e+00 4.36e-02 1.16e+00 4.36e-02 1.39e-05 5.18e-05 1.59e-05 7.79e-06 4.05e-06 6.07e-07
1.11e+00 1.14e+00 5.85e-02 1.15e+00 5.94e-02 3.19e-05 1.99e-04 3.16e-05 1.40e-05 9.27e-06 9.86e-07
1.13e+00 1.20e+00 2.75e-02 1.20e+00 2.77e-02 3.98e-06 8.09e-06 3.51e-05 1.31e-05 8.69e-06 1.62e-06
1.13e+00 1.04e+00 3.66e-03 1.04e+00 3.95e-03 2.57e-40 8.50e-04 7.18e-04 7.18e-04 7.18e-04 1.30e-04
1.13e+00 1.22e+00 1.25e-02 1.22e+00 1.28e-02 2.78e-11 3.44e-11 5.25e-04 3.94e-04 2.42e-04 1.27e-05
1.12e+00 1.05e+00 6.23e-02 1.04e+00 6.26e-02 7.09e-07 3.94e-03 5.96e-04 2.67e-04 1.23e-04 1.44e-05
1.14e+00 1.23e+00 9.53e-02 1.25e+00 9.81e-02 1.51e-05 3.20e-04 1.33e-04 4.52e-05 2.04e-05 3.54e-06
1.13e+00 1.05e+00 6.54e-03 1.05e+00 7.38e-03 2.88e-14 1.32e-03 7.16e-04 4.93e-04 4.93e-04 2.16e-05
1.12e+00 1.30e+00 1.14e-02 1.30e+00 1.17e-02 1.85e-46 1.85e-46 5.38e-04 3.16e-04 1.65e-04 3.78e-05
1.14e+00 1.13e+00 6.30e-02 1.17e+00 7.60e-02 4.35e-04 2.80e-03 5.50e-04 2.44e-04 1.11e-04 2.09e-05
1.13e+00 1.21e+00 1.23e-02 1.21e+00 1.23e-02 9.69e-13 9.74e-13 4.83e-04 4.64e-04 1.78e-04 2.92e-05
1.14e+00 1.15e+00 7.86e-02 1.21e+00 9.95e-02 2.66e-08 1.44e-03 5.53e-04 2.92e-04 1.65e-04 2.41e-05
1.14e+00 1.45e+00 5.02e-03 1.45e+00 6.85e-03 4.17e-293 7.37e-240 6.22e-04 5.47e-04 5.47e-04 5.47e-04
1.12e+00 1.19e+00 3.88e-02 1.20e+00 3.92e-02 6.31e-06 1.61e-05 3.86e-05 1.64e-05 9.59e-06 1.14e-06
1.12e+00 1.23e+00 4.73e-03 1.23e+00 5.70e-03 2.11e-71 3.04e-59 6.79e-04 6.79e-04 3.24e-04 3.24e-04
1.14e+00 1.12e+00 2.21e-02 1.12e+00 2.25e-02 1.66e-05 1.18e-04 2.18e-05 1.04e-05 6.23e-06 1.17e-06
1.11e+00 1.09e+00 2.21e-02 1.09e+00 2.23e-02 3.79e-04 3.30e-03 6.02e-04 2.74e-04 1.43e-04 3.21e-05
1.14e+00 1.35e+00 6.15e-02 1.39e+00 7.32e-02 1.43e-10 4.61e-10 5.17e-04 1.92e-04 1.43e-04 3.25e-05
1.13e+00 1.20e+00 5.50e-02 1.22e+00 5.89e-02 3.66e-05 3.95e-04 5.44e-04 2.19e-04 1.46e-04 1.27e-05
1.14e+00 1.12e+00 3.45e-02 1.13e+00 3.55e-02 3.68e-04 3.01e-03 3.34e-04 1.70e-04 1.11e-04 1.33e-05
1.13e+00 1.05e+00 3.29e-02 1.05e+00 3.31e-02 6.35e-05 5.75e-03 6.37e-04 3.02e-04 1.58e-04 2.52e-05
1.12e+00 1.05e+00 1.64e-02 1.05e+00 1.64e-02 3.05e-07 2.81e-03 6.98e-04 2.77e-04 1.30e-04 3.96e-05
1.14e+00 1.12e+00 8.24e-02 1.05e+00 1.10e-01 1.64e-04 5.93e-03 5.08e-04 2.14e-04 1.38e-04 2.54e-05
1.15e+00 1.28e+00 4.13e-03 1.28e+00 4.18e-03 3.07e-155 3.07e-155 6.67e-04 6.67e-04 6.67e-04 4.69e-05
1.14e+00 1.22e+00 6.55e-02 1.24e+00 6.79e-02 1.42e-05 4.11e-04 4.93e-04 1.74e-04 1.07e-04 9.18e-06
1.13e+00 1.21e+00 7.34e-03 1.21e+00 7.36e-03 5.11e-21 5.12e-21 6.45e-04 2.92e-04 2.27e-04 1.95e-05
1.14e+00 1.05e+00 7.74e-02 1.01e+00 8.79e-02 1.08e-04 5.96e-03 5.45e-04 1.71e-04 9.09e-05 1.45e-05
1.14e+00 1.20e+00 2.54e-01 1.10e+00 2.74e-01 5.32e-04 7.39e-03 5.65e-04 2.06e-04 7.46e-05 7.11e-06
1.14e+00 1.06e+00 2.31e-02 1.05e+00 2.40e-02 4.95e-09 1.91e-03 7.16e-04 3.85e-04 2.30e-04 2.88e-05
1.13e+00 1.22e+00 6.13e-03 1.22e+00 6.68e-03 1.19e-35 1.19e-35 6.33e-04 3.50e-04 3.50e-04 8.59e-05
1.12e+00 1.04e+00 3.16e-04 1.04e+00 3.16e-04 4.29e-82 7.19e-04 7.18e-04 7.18e-04 7.18e-04 7.18e-04
1.12e+00 1.24e+00 9.49e-03 1.24e+00 9.99e-03 1.08e-24 3.71e-15 6.09e-04 2.45e-04 2.45e-04 3.06e-05
1.14e+00 1.21e+00 5.63e-02 1.23e+00 5.84e-02 4.57e-05 6.96e-04 5.33e-04 2.02e-04 1.06e-04 1.71e-05
1.11e+00 1.04e+00 1.23e-02 1.04e+00 1.26e-02 1.18e-10 1.87e-03 7.18e-04 3.46e-04 2.27e-04 1.80e-05
1.14e+00 1.06e+00 3.31e-02 1.05e+00 3.35e-02 4.23e-06 3.91e-03 5.72e-04 2.38e-04 1.40e-04 1.44e-05
1.13e+00 1.07e+00 9.21e-02 1.02e+00 1.06e-01 1.27e-04 6.54e-03 5.54e-04 1.42e-04 9.11e-05 1.46e-05
1.15e+00 1.14e+00 1.84e-02 1.14e+00 1.85e-02 2.01e-07 8.06e-07 2.30e-07 1.08e-07 5.67e-08 8.27e-09
1.13e+00 1.12e+00 2.42e-02 1.12e+00 2.43e-02 8.69e-06 4.47e-05 8.59e-06 3.79e-06 2.22e-06 5.56e-07
1.14e+00 1.09e+00 3.92e-03 1.09e+00 3.92e-03 9.75e-16 8.35e-04 7.09e-04 7.09e-04 7.09e-04 6.42e-05
1.13e+00 1.04e+00 1.43e-02 1.04e+00 1.48e-02 1.89e-10 2.27e-03 7.18e-04 3.36e-04 1.41e-04 3.61e-05
1.15e+00 1.15e+00 4.48e-02 1.16e+00 4.51e-02 2.38e-05 1.32e-04 2.09e-05 1.02e-05 6.48e-06 8.73e-07
1.15e+00 1.26e+00 1.98e-05 1.26e+00 1.98e-05 6.75e-230 6.75e-230 6.72e-04 6.72e-04 6.72e-04 6.72e-04
1.13e+00 1.23e+00 1.01e-02 1.23e+00 1.06e-02 2.23e-11 1.86e-09 6.79e-04 3.14e-04 1.77e-04 2.73e-05
1.14e+00 1.13e+00 1.63e-02 1.13e+00 1.64e-02 8.84e-09 3.51e-08 9.88e-09 5.36e-09 2.09e-09 5.08e-10
1.12e+00 1.19e+00 1.93e-02 1.19e+00 1.95e-02 2.72e-06 3.41e-06 5.95e-04 3.77e-04 1.61e-04 4.37e-05
1.13e+00 1.20e+00 1.60e-02 1.21e+00 1.68e-02 9.82e-09 1.04e-08 6.35e-04 2.07e-04 2.01e-04 5.84e-05
1.14e+00 1.11e+00 2.33e-02 1.12e+00 2.49e-02 4.71e-04 3.88e-03 5.97e-04 2.91e-04 1.70e-04 2.65e-05
1.12e+00 1.22e+00 6.80e-03 1.22e+00 8.20e-03 4.20e-31 4.20e-31 6.33e-04 5.95e-04 5.95e-04 6.04e-05
1.13e+00 1.46e+00 5.11e-03 1.46e+00 6.68e-03 7.44e-121 5.54e-97 6.19e-04 4.91e-04 4.91e-04 4.91e-04
1.13e+00 1.23e+00 1.25e-02 1.23e+00 1.25e-02 1.78e-13 1.82e-13 4.68e-04 4.37e-04 1.72e-04 3.12e-05
1.13e+00 1.05e+00 1.59e-02 1.05e+00 1.59e-02 3.69e-08 2.76e-03 6.52e-04 3.17e-04 2.34e-04 2.52e-05
1.14e+00 1.10e+00 2.92e-02 1.10e+00 2.93e-02 1.75e-05 3.12e-04 3.46e-05 1.75e-05 1.44e-05 2.33e-06
1.11e+00 1.00e+00 1.53e-02 1.01e+00 1.63e-02 3.63e-11 2.95e-03 7.23e-04 2.43e-04 2.14e-04 3.27e-05
1.13e+00 1.24e+00 1.04e-02 1.24e+00 1.07e-02 5.33e-12 4.24e-11 6.77e-04 3.60e-04 1.67e-04 2.72e-05
1.13e+00 1.08e+00 2.85e-02 1.08e+00 2.85e-02 1.47e-04 4.58e-03 5.82e-04 2.82e-04 1.93e-04 1.79e-05
1.12e+00 1.11e+00 3.02e-02 1.10e+00 3.09e-02 3.77e-04 3.13e-03 5.44e-04 2.35e-04 1.42e-04 1.78e-05
1.13e+00 1.18e+00 7.83e-03 1.18e+00 7.87e-03 3.56e-10 3.56e-10 6.81e-04 3.66e-04 2.64e-04 2.40e-05
1.12e+00 1.07e+00 4.56e-02 1.05e+00 5.15e-02 2.49e-04 5.66e-03 5.87e-04 2.52e-04 1.55e-04 1.44e-05
1.13e+00 1.19e+00 1.44e-01 1.26e+00 1.61e-01 1.13e-05 2.98e-03 3.75e-04 1.73e-04 9.23e-05 8.66e-06
1.12e+00 1.07e+00 3.15e-02 1.06e+00 3.32e-02 1.15e-05 2.71e-04 3.07e-05 1.49e-05 7.94e-06 1.02e-06
1.12e+00 1.07e+00 5.20e-02 1.06e+00 5.26e-02 3.60e-05 6.77e-04 5.15e-05 2.29e-05 1.36e-05 1.71e-06
1.15e+00 1.17e+00 1.87e-02 1.18e+00 1.98e-02 7.95e-08 1.55e-07 1.32e-07 6.80e-08 3.76e-08 1.52e-08
1.12e+00 1.35e+00 1.76e-01 1.28e+00 1.89e-01 3.15e-05 1.19e-04 5.99e-04 1.70e-04 8.50e-05 7.72e-06
1.15e+00 1.26e+00 2.93e-02 1.26e+00 2.93e-02 5.96e-07 8.98e-07 4.91e-04 1.88e-04 1.03e-04 1.18e-05
1.13e+00 1.22e+00 4.17e-02 1.23e+00 4.36e-02 4.60e-05 1.44e-04 4.96e-04 2.37e-04 1.44e-04 1.56e-05
1.12e+00 1.20e+00 5.65e-02 1.23e+00 6.34e-02 4.30e-06 3.53e-04 6.79e-04 2.59e-04 8.19e-05 1.71e-05
1.11e+00 1.20e+00 3.33e-02 1.20e+00 3.37e-02 1.04e-05 2.22e-05 1.29e-04 5.73e-05 3.92e-05 4.71e-06
1.11e+00 1.02e+00 2.12e-02 1.03e+00 2.22e-02 2.82e-08 3.75e-03 5.79e-04 2.79e-04 1.81e-04 2.89e-05
1.11e+00 1.11e+00 1.33e-02 1.11e+00 1.34e-02 7.03e-04 1.36e-03 6.83e-04 2.76e-04 1.92e-04 4.99e-05
1.11e+00 1.22e+00 1.02e-02 1.22e+00 1.09e-02 3.91e-19 3.92e-19 6.33e-04 2.70e-04 1.91e-04 3.18e-05
1.12e+00 1.10e+00 5.20e-02 1.08e+00 5.61e-02 4.06e-04 5.47e-03 5.82e-04 3.07e-04 1.14e-04 2.14e-05
1.12e+00 1.44e+00 5.92e-03 1.44e+00 6.71e-03 6.28e-104 2.11e-78 6.25e-04 4.05e-04 4.05e-04 6.90e-05
1.14e+00 1.09e+00 2.28e-02 1.08e+00 2.45e-02 1.06e-04 4.09e-03 6.03e-04 3.39e-04 1.57e-04 2.85e-05
1.11e+00 9.78e-01 8.98e-02 9.20e-01 1.07e-01 7.68e-05 7.94e-04 2.05e-04 7.57e-05 5.25e-05 9.77e-06
1.14e+00 1.13e+00 1.71e-02 1.13e+00 1.73e-02 5.00e-04 2.79e-03 6.96e-04 3.09e-04 2.05e-04 4.10e-05
1.15e+00 1.28e+00 3.76e-03 1.28e+00 3.87e-03 9.57e-182 9.57e-182 6.67e-04 6.67e-04 6.67e-04 2.35e-05
1.14e+00 1.05e+00 1.14e-02 1.05e+00 1.14e-02 2.35e-11 1.79e-03 7.16e-04 3.24e-04 3.24e-04 2.16e-05
1.11e+00 1.24e+00 2.77e-03 1.24e+00 2.88e-03 1.39e-185 1.39e-185 6.09e-04 6.09e-04 6.09e-04 5.51e-05
1.13e+00 1.11e+00 4.16e-02 1.10e+00 4.22e-02 5.66e-04 5.84e-03 5.94e-04 3.02e-04 1.56e-04 2.49e-05
1.13e+00 1.12e+00 1.49e-02 1.12e+00 1.50e-02 1.89e-04 8.30e-04 2.11e-04 1.09e-04 7.68e-05 1.46e-05
1.14e+00 1.07e+00 2.08e-02 1.07e+00 2.11e-02 5.61e-06 4.02e-03 5.91e-04 3.30e-04 2.47e-04 2.87e-05
1.12e+00 1.23e+00 1.28e-02 1.23e+00 1.28e-02 2.83e-14 3.05e-14 4.65e-04 4.46e-04 1.78e-04 3.43e-05
1.13e+00 1.14e+00 8.62e-02 1.05e+00 1.23e-01 7.83e-05 4.39e-03 5.37e-04 2.38e-04 1.26e-04 1.44e-05
1.12e+00 1.17e+00 7.55e-02 1.22e+00 9.24e-02 2.68e-05 1.63e-03 5.65e-04 1.71e-04 1.40e-04 1.37e-05
1.14e+00 1.17e+00 6.08e-02 1.19e+00 6.27e-02 4.02e-06 1.96e-05 4.29e-06 2.07e-06 1.26e-06 1.31e-07
1.15e+00 1.10e+00 1.74e-02 1.10e+00 1.74e-02 2.79e-05 2.96e-03 6.08e-04 3.09e-04 1.74e-04 1.78e-05
