5.34e-01 7.50e-01 6.37e-01 6.50e-01 6.45e-01 4.70e-07 1.32e-04 8.53e-05 3.13e-05 9.43e-06 8.58e-07
5.16e-01 5.78e-01 3.45e-01 5.40e-01 3.47e-01 1.71e-04 8.70e-04 1.82e-04 5.46e-05 2.32e-05 2.32e-06
5.16e-01 5.48e-01 4.53e-03 5.50e-01 5.03e-03 2.23e-11 2.23e-11 8.60e-04 8.60e-04 2.72e-04 2.72e-04
5.31e-01 4.77e-01 7.44e-03 4.80e-01 7.95e-03 7.22e-15 1.52e-03 7.57e-04 5.13e-04 1.90e-04 5.70e-05
5.38e-01 3.45e-01 1.47e-02 3.50e-01 1.56e-02 4.67e-19 1.12e-03 5.14e-04 4.58e-04 4.58e-04 5.43e-05
5.21e-01 6.30e-01 6.49e-03 6.30e-01 6.50e-03 5.85e-52 1.05e-08 9.45e-04 3.13e-04 2.66e-04 2.66e-04
5.19e-01 3.91e-01 2.47e-02 3.90e-01 2.47e-02 8.48e-10 2.73e-03 5.34e-04 3.04e-04 1.46e-04 1.79e-05
5.04e-01 3.65e-01 8.30e-03 3.60e-01 9.78e-03 9.82e-20 1.32e-03 5.34e-04 5.26e-04 1.34e-04 1.18e-04
5.08e-01 4.54e-01 4.54e-01 3.40e-01 4.68e-01 5.64e-06 2.71e-03 3.32e-04 1.86e-04 1.06e-04 4.17e-06
5.07e-01 5.11e-01 1.19e-02 5.10e-01 1.19e-02 3.49e-05 6.14e-05 3.56e-05 2.37e-05 1.19e-05 1.79e-06
5.11e-01 4.20e-01 1.58e-02 4.20e-01 1.58e-02 8.78e-15 1.64e-03 6.51e-04 3.53e-04 3.53e-04 2.62e-05
5.18e-01 7.42e-01 7.22e-01 4.60e-01 7.75e-01 5.30e-08 1.25e-05 2.01e-06 7.48e-07 5.03e-07 4.67e-08
5.32e-01 5.30e-01 1.03e-04 5.30e-01 1.03e-04 9.18e-05 1.18e-04 1.18e-04 1.18e-04 1.18e-04 1.18e-04
5.31e-01 6.58e-01 4.06e-03 6.60e-01 4.55e-03 1.96e-175 1.96e-175 9.67e-04 9.67e-04 9.67e-04 2.53e-04
5.20e-01 4.08e-01 3.93e-03 4.10e-01 4.22e-03 3.65e-178 7.57e-04 6.32e-04 6.32e-04 6.32e-04 1.21e-04
5.34e-01 3.71e-01 1.90e-02 3.70e-01 1.90e-02 1.24e-07 2.18e-03 4.88e-04 2.67e-04 2.28e-04 1.95e-05
5.34e-01 5.20e-01 1.08e-04 5.20e-01 1.08e-04 8.11e-09 1.14e-04 1.14e-04 1.14e-04 1.14e-04 1.14e-04
5.00e-01 6.50e-01 5.16e-01 4.90e-01 5.41e-01 1.80e-04 1.78e-03 1.31e-04 5.28e-05 2.32e-05 1.85e-06
5.35e-01 4.89e-01 8.10e-03 4.90e-01 8.19e-03 5.53e-10 1.62e-03 7.73e-04 4.62e-04 3.07e-04 3.11e-05
5.30e-01 4.97e-01 1.03e-02 5.00e-01 1.07e-02 7.08e-07 2.01e-04 7.51e-05 3.62e-05 1.92e-05 7.17e-06
5.35e-01 5.39e-01 3.40e-01 5.20e-01 3.40e-01 4.14e-05 7.05e-04 4.80e-05 2.37e-05 1.36e-05 8.88e-07
5.02e-01 4.09e-01 8.67e-03 4.10e-01 8.72e-03 1.32e-27 1.36e-03 6.32e-04 3.02e-04 3.02e-04 2.54e-05
5.35e-01 1.41e+00 9.80e-01 4.10e-01 1.40e+00 3.72e-06 1.45e-04 5.61e-06 3.09e-06 2.06e-06 2.57e-07
5.18e-01 5.11e-01 4.71e-03 5.10e-01 4.86e-03 3.05e-04 1.02e-03 8.04e-04 8.04e-04 1.90e-04 6.46e-05
5.00e-01 4.57e-01 4.54e-03 4.60e-01 5.39e-03 5.46e-33 1.25e-04 8.89e-05 8.89e-05 3.66e-05 3.66e-05
5.35e-01 5.34e-01 3.06e-02 5.40e-01 3.13e-02 6.33e-05 1.69e-04 6.14e-05 2.55e-05 1.37e-05 1.63e-06
5.27e-01 4.39e-01 6.81e-03 4.40e-01 6.95e-03 6.43e-35 1.21e-03 6.88e-04 3.32e-04 3.32e-04 1.76e-04
5.32e-01 5.64e-01 5.72e-03 5.60e-01 6.86e-03 5.78e-09 5.78e-09 8.72e-04 5.83e-04 5.83e-04 4.82e-05
5.22e-01 4.79e-01 6.61e-03 4.80e-01 6.72e-03 2.10e-12 1.28e-03 7.57e-04 3.23e-04 3.23e-04 1.86e-04
5.34e-01 5.30e-01 2.32e-03 5.30e-01 2.36e-03 4.96e-04 8.57e-04 8.33e-04 8.33e-04 8.33e-04 4.60e-05
5.37e-01 5.70e-01 4.66e-01 4.60e-01 4.79e-01 1.54e-08 4.33e-05 7.18e-06 3.26e-06 1.57e-06 2.06e-07
5.37e-01 5.48e-01 5.23e-03 5.50e-01 5.66e-03 2.43e-04 2.44e-04 8.60e-04 8.60e-04 3.37e-04 6.48e-05
4.99e-01 5.29e-01 3.43e-03 5.30e-01 3.67e-03 1.33e-16 1.33e-16 8.33e-04 8.33e-04 8.33e-04 1.30e-04
5.04e-01 5.40e-01 4.84e-03 5.40e-01 4.86e-03 2.79e-11 2.79e-11 8.46e-04 8.46e-04 1.53e-04 1.11e-04
5.05e-01 6.83e-01 4.87e-01 6.50e-01 4.88e-01 5.51e-05 4.86e-04 7.58e-05 2.16e-05 1.24e-05 1.31e-06
5.35e-01 7.69e-01 5.85e-01 6.40e-01 5.99e-01 2.07e-05 1.00e-04 1.80e-04 6.41e-05 8.13e-06 9.03e-07
5.24e-01 4.53e-01 3.49e-02 4.60e-01 3.55e-02 1.02e-06 3.81e-03 6.07e-04 3.02e-04 1.96e-04 1.45e-05
5.13e-01 5.02e-01 7.23e-03 5.00e-01 7.50e-03 3.26e-04 1.48e-03 7.89e-04 4.60e-04 2.14e-04 3.57e-05
5.26e-01 4.76e-01 5.65e-03 4.80e-01 7.17e-03 4.90e-08 1.30e-03 6.75e-04 5.83e-04 5.83e-04 3.39e-05
5.29e-01 4.25e-01 5.26e-03 4.20e-01 7.21e-03 7.65e-113 1.29e-03 6.51e-04 6.35e-04 6.35e-04 6.35e-04
5.24e-01 6.30e-01 2.28e-03 6.30e-01 2.29e-03 3.45e-132 3.45e-132 9.45e-04 9.45e-04 9.45e-04 3.80e-05
5.19e-01 4.43e-01 5.75e-03 4.40e-01 6.32e-03 1.84e-41 1.11e-03 6.88e-04 3.53e-04 3.53e-04 7.26e-05
5.09e-01 4.18e-01 1.59e-02 4.20e-01 1.61e-02 1.53e-18 1.42e-03 6.51e-04 2.75e-04 2.75e-04 3.27e-05
5.23e-01 5.99e-01 7.46e-03 6.00e-01 7.54e-03 3.47e-43 3.47e-43 9.17e-04 5.21e-04 3.27e-04 2.77e-05
5.37e-01 5.07e-01 8.74e-02 5.40e-01 9.33e-02 8.68e-05 3.01e-04 7.97e-05 3.29e-05 1.26e-05 1.35e-06
5.21e-01 4.03e-01 9.14e-03 4.00e-01 9.68e-03 6.87e-24 1.61e-03 6.13e-04 2.65e-04 2.65e-04 3.08e-05
5.26e-01 5.06e-01 6.16e-03 5.10e-01 7.51e-03 3.18e-05 1.60e-03 8.04e-04 6.91e-04 6.91e-04 3.64e-05
4.98e-01 5.70e-01 3.70e-03 5.70e-01 3.71e-03 1.20e-87 2.04e-26 8.84e-04 8.84e-04 8.84e-04 5.78e-05
5.37e-01 5.10e-01 5.07e-04 5.10e-01 5.08e-04 4.76e-32 1.10e-04 1.10e-04 1.10e-04 1.10e-04 1.10e-04
5.38e-01 5.20e-01 4.19e-04 5.20e-01 4.19e-04 4.21e-08 1.14e-04 1.14e-04 1.14e-04 1.14e-04 1.14e-04
5.15e-01 5.18e-01 5.39e-02 5.30e-01 5.53e-02 4.55e-04 1.12e-03 6.02e-04 2.03e-04 1.71e-04 1.75e-05
5.24e-01 5.56e-01 2.15e-01 5.30e-01 2.17e-01 2.43e-04 1.58e-03 2.02e-04 8.37e-05 6.22e-05 6.34e-06
5.04e-01 4.75e-01 1.34e-02 4.80e-01 1.41e-02 2.78e-05 2.06e-03 7.57e-04 3.12e-04 2.28e-04 3.80e-05
5.16e-01 1.92e+00 7.29e-01 5.00e-01 1.59e+00 1.12e-05 8.58e-05 1.26e-05 4.91e-06 3.27e-06 4.31e-07
5.25e-01 1.90e-01 1.61e-02 1.90e-01 1.61e-02 1.44e-20 1.60e-05 1.15e-05 1.15e-05 3.36e-06 9.86e-07
5.38e-01 5.03e-01 5.05e-02 5.10e-01 5.09e-02 1.91e-04 2.24e-03 6.88e-04 4.53e-04 1.83e-04 1.73e-05
5.63e-01 5.30e-01 2.68e-03 5.30e-01 2.71e-03 2.06e-20 8.98e-04 8.33e-04 8.33e-04 8.33e-04 5.02e-05
5.40e-01 6.07e-01 6.28e-03 6.10e-01 6.94e-03 1.22e-27 1.22e-27 9.27e-04 5.12e-04 5.12e-04 3.73e-05
5.41e-01 4.56e-01 8.22e-03 4.60e-01 8.98e-03 1.20e-24 1.66e-03 7.23e-04 6.14e-04 2.07e-04 1.09e-04
5.69e-01 5.80e-01 5.17e-03 5.80e-01 5.17e-03 1.46e-04 1.46e-04 8.96e-04 8.96e-04 1.71e-04 1.49e-04
5.67e-01 5.22e-01 1.04e-02 5.30e-01 1.32e-02 8.45e-10 2.44e-03 8.33e-04 4.85e-04 1.97e-04 1.30e-04
5.73e-01 5.50e-01 2.16e-03 5.50e-01 2.16e-03 4.61e-10 9.02e-04 8.60e-04 8.60e-04 8.60e-04 2.59e-05
5.63e-01 5.50e-01 7.16e-02 5.20e-01 7.77e-02 4.48e-05 3.03e-03 5.88e-04 2.85e-04 1.91e-04 1.74e-05
5.71e-01 5.64e-01 1.88e-02 5.60e-01 1.91e-02 1.37e-04 5.47e-04 1.31e-04 7.48e-05 2.75e-05 8.66e-06
5.70e-01 6.54e-01 4.96e-03 6.50e-01 6.50e-03 1.33e-71 1.33e-71 9.60e-04 6.95e-04 6.95e-04 6.95e-04
5.69e-01 4.40e-01 5.62e-03 4.40e-01 5.63e-03 3.29e-64 9.95e-04 6.88e-04 6.88e-04 1.73e-04 1.35e-04
5.43e-01 5.48e-01 9.34e-03 5.50e-01 9.66e-03 7.25e-04 1.09e-03 8.60e-04 3.50e-04 3.50e-04 5.62e-05
5.72e-01 6.32e-01 3.05e-01 5.60e-01 3.13e-01 5.17e-05 3.01e-04 6.54e-05 3.48e-05 2.54e-05 1.87e-06
5.67e-01 5.29e-01 6.60e-03 5.30e-01 6.70e-03 1.15e-13 1.29e-03 8.33e-04 2.47e-04 1.76e-04 3.77e-05
5.62e-01 7.05e-01 1.21e-01 7.00e-01 1.21e-01 7.09e-05 3.03e-04 5.75e-04 2.38e-04 1.17e-04 1.51e-05
5.72e-01 5.15e-01 8.40e-03 5.10e-01 9.75e-03 4.28e-21 1.86e-03 8.04e-04 6.54e-04 2.18e-04 1.78e-04
5.69e-01 4.92e-01 1.14e-02 4.90e-01 1.16e-02 5.63e-11 2.25e-03 7.73e-04 4.54e-04 2.10e-04 3.50e-05
5.71e-01 5.39e-01 3.03e-02 5.40e-01 3.03e-02 2.33e-04 2.60e-03 3.41e-04 1.47e-04 8.20e-05 1.05e-05
5.74e-01 6.31e-01 3.71e-03 6.30e-01 4.00e-03 5.61e-37 5.61e-37 9.45e-04 9.45e-04 9.45e-04 1.76e-04
5.39e-01 6.19e-01 3.56e-03 6.20e-01 3.76e-03 1.06e-82 1.06e-82 9.36e-04 9.36e-04 9.36e-04 1.41e-04
5.63e-01 1.63e+00 1.05e+00 2.58e+00 1.42e+00 4.56e-12 1.09e-05 2.37e-06 1.17e-06 6.23e-07 7.95e-08
5.72e-01 5.42e-01 5.36e-03 5.40e-01 5.88e-03 5.52e-09 1.26e-03 8.46e-04 8.46e-04 3.57e-04 5.95e-05
5.43e-01 5.42e-01 3.90e-03 5.40e-01 4.33e-03 9.31e-05 1.31e-04 1.22e-04 1.22e-04 1.22e-04 2.83e-05
5.46e-01 5.73e-01 1.63e-02 5.70e-01 1.66e-02 1.91e-05 2.07e-05 7.09e-04 2.03e-04 2.03e-04 3.21e-05
5.74e-01 5.94e-01 2.09e-02 6.00e-01 2.19e-02 4.40e-04 9.72e-04 6.63e-04 3.68e-04 1.66e-04 3.97e-05
5.69e-01 6.50e-01 1.51e-03 6.50e-01 1.53e-03 2.42e-13 2.04e-12 7.28e-04 7.28e-04 7.28e-04 7.28e-04
5.60e-01 5.25e-01 1.68e-02 5.30e-01 1.77e-02 2.81e-05 1.13e-03 1.95e-04 9.75e-05 8.86e-05 7.59e-06
5.49e-01 4.83e-01 6.21e-03 4.80e-01 6.96e-03 2.42e-21 1.33e-03 7.57e-04 4.64e-04 4.64e-04 9.13e-05
5.61e-01 5.20e-01 9.15e-03 5.20e-01 9.16e-03 5.71e-10 1.94e-03 8.19e-04 4.40e-04 4.40e-04 6.99e-05
5.66e-01 6.51e-01 5.88e-03 6.50e-01 5.92e-03 5.75e-35 5.75e-35 9.60e-04 2.94e-04 2.94e-04 1.88e-04
5.50e-01 5.08e-01 7.28e-03 5.10e-01 7.45e-03 2.08e-10 4.95e-04 2.63e-04 1.41e-04 7.92e-05 1.19e-05
5.42e-01 6.20e-01 5.15e-03 6.20e-01 5.15e-03 2.60e-33 2.60e-33 9.36e-04 9.36e-04 1.65e-04 1.55e-04
5.66e-01 4.80e-01 1.37e-03 4.80e-01 1.39e-03 1.02e-253 9.90e-05 9.71e-05 9.71e-05 9.71e-05 9.71e-05
5.62e-01 5.13e-01 3.13e-02 5.10e-01 3.14e-02 2.44e-06 9.83e-05 1.24e-05 6.89e-06 3.64e-06 6.19e-07
5.68e-01 6.06e-01 3.46e-02 6.30e-01 4.22e-02 5.41e-05 2.06e-04 1.92e-04 5.70e-05 3.38e-05 6.34e-06
5.65e-01 5.50e-01 7.53e-04 5.50e-01 7.55e-04 3.99e-07 1.27e-04 1.27e-04 1.27e-04 1.27e-04 1.27e-04
5.70e-01 6.54e-01 4.99e-03 6.50e-01 6.71e-03 3.16e-99 4.31e-71 9.60e-04 7.82e-04 7.82e-04 7.82e-04
5.55e-01 5.21e-01 7.04e-03 5.20e-01 7.17e-03 1.80e-08 1.51e-03 8.19e-04 4.15e-04 2.51e-04 2.51e-04
5.67e-01 7.09e-01 4.66e-01 6.30e-01 4.73e-01 1.25e-04 7.91e-04 1.13e-04 5.16e-05 2.85e-05 2.04e-06
5.68e-01 2.10e-01 1.54e-03 2.10e-01 1.54e-03 2.78e-88 1.48e-05 1.47e-05 1.47e-05 1.47e-05 1.47e-05
5.63e-01 6.30e-01 1.60e-03 6.30e-01 1.62e-03 5.13e-13 5.13e-13 7.24e-04 7.24e-04 7.24e-04 7.24e-04
5.56e-01 4.50e-01 4.23e-03 4.50e-01 4.24e-03 3.45e-94 8.60e-04 7.06e-04 7.06e-04 7.06e-04 6.38e-05
5.54e-01 5.51e-01 4.43e-03 5.50e-01 4.63e-03 5.58e-04 9.86e-04 8.60e-04 8.60e-04 8.60e-04 4.32e-05
5.71e-01 6.22e-01 1.34e-02 6.20e-01 1.36e-02 2.55e-06 2.75e-06 8.66e-04 4.14e-04 2.49e-04 7.06e-05
5.45e-01 3.96e-01 6.01e-03 4.00e-01 7.11e-03 6.72e-78 1.17e-03 6.13e-04 4.84e-04 4.84e-04 6.16e-05
5.73e-01 5.60e-01 9.98e-03 5.60e-01 1.00e-02 1.27e-04 7.13e-04 2.95e-04 1.63e-04 1.63e-04 4.00e-05
5.72e-01 6.20e-01 1.23e-02 6.20e-01 1.23e-02 6.05e-06 7.70e-06 7.22e-04 3.92e-04 1.52e-04 1.81e-05
5.72e-01 5.40e-01 1.69e-03 5.40e-01 1.72e-03 1.17e-34 1.26e-04 1.22e-04 1.22e-04 1.22e-04 1.22e-04
5.42e-01 4.47e-01 2.21e-01 4.20e-01 2.22e-01 7.30e-24 3.56e-04 1.28e-04 5.65e-05 4.49e-05 8.34e-06
5.59e-01 5.20e-01 2.88e-05 5.20e-01 2.88e-05 2.15e-56 1.14e-04 1.14e-04 1.14e-04 1.14e-04 1.14e-04
5.64e-01 5.40e-01 3.97e-04 5.40e-01 3.98e-04 2.55e-18 1.23e-04 1.22e-04 1.22e-04 1.22e-04 1.22e-04
5.60e-01 6.43e-01 4.76e-03 6.40e-01 5.86e-03 1.23e-83 1.23e-83 9.53e-04 4.98e-04 4.98e-04 4.98e-04
5.39e-01 6.50e-01 1.32e-05 6.50e-01 1.32e-05 6.87e-195 6.87e-195 7.28e-04 7.28e-04 7.28e-04 7.28e-04
5.58e-01 6.25e-01 5.20e-03 6.30e-01 6.95e-03 1.47e-40 1.47e-40 9.45e-04 7.83e-04 7.83e-04 7.83e-04
5.42e-01 5.88e-01 6.18e-01 3.90e-01 6.49e-01 9.57e-16 4.19e-04 1.03e-04 3.68e-05 3.42e-05 1.31e-06
5.72e-01 5.30e-01 1.74e-05 5.30e-01 1.74e-05 9.53e-92 1.18e-04 1.18e-04 1.18e-04 1.18e-04 1.18e-04
5.63e-01 6.61e-01 3.09e-03 6.60e-01 3.25e-03 4.68e-123 4.68e-123 9.67e-04 9.67e-04 9.67e-04 1.17e-04
5.72e-01 6.15e-01 5.19e-03 6.10e-01 7.16e-03 2.80e-15 2.80e-15 9.27e-04 9.27e-04 9.27e-04 9.27e-04
5.45e-01 5.46e-01 3.97e-01 4.70e-01 4.04e-01 1.10e-08 4.39e-05 7.10e-06 3.39e-06 1.67e-06 2.04e-07
5.72e-01 9.12e-01 8.75e-01 4.50e-01 9.90e-01 1.24e-12 1.51e-05 2.65e-06 9.69e-07 7.14e-07 8.50e-08
5.65e-01 6.55e-01 5.01e-03 6.60e-01 6.95e-03 1.19e-95 5.45e-61 9.67e-04 9.04e-04 9.04e-04 9.04e-04
5.66e-01 4.97e-01 1.09e-02 5.00e-01 1.13e-02 1.42e-12 7.60e-04 2.70e-04 1.36e-04 8.00e-05 1.22e-05
5.48e-01 5.73e-01 4.81e-03 5.70e-01 5.57e-03 1.26e-09 1.26e-09 8.84e-04 8.84e-04 3.69e-04 3.69e-04
5.63e-01 5.90e-01 3.72e-02 6.20e-01 4.80e-02 1.65e-04 7.79e-04 3.16e-04 1.20e-04 1.17e-04 1.82e-05
5.69e-01 8.24e-01 7.88e-01 4.40e-01 8.76e-01 1.06e-07 8.63e-05 1.01e-05 3.44e-06 1.81e-06 1.81e-07
5.72e-01 5.30e-01 2.59e-05 5.30e-01 2.59e-05 1.23e-84 1.18e-04 1.18e-04 1.18e-04 1.18e-04 1.18e-04
5.73e-01 4.24e-01 4.79e-02 4.30e-01 4.83e-02 1.58e-44 4.94e-04 2.39e-04 2.20e-04 2.20e-04 8.40e-06
5.73e-01 6.91e-01 3.90e-03 6.90e-01 4.16e-03 8.51e-165 8.51e-165 9.84e-04 9.84e-04 9.84e-04 1.93e-04
5.58e-01 5.51e-01 5.74e-03 5.50e-01 5.81e-03 3.84e-04 1.21e-03 8.60e-04 8.60e-04 2.55e-04 1.47e-04
5.64e-01 5.00e-01 1.00e-02 5.00e-01 1.01e-02 6.49e-11 7.40e-04 3.04e-04 1.68e-04 1.68e-04 3.67e-05
5.75e-01 5.25e-01 8.39e-03 5.30e-01 9.60e-03 7.16e-14 1.87e-03 8.33e-04 6.57e-04 1.88e-04 1.84e-04
5.51e-01 5.45e-01 5.03e-03 5.50e-01 6.92e-03 7.44e-04 1.65e-03 8.60e-04 7.86e-04 7.86e-04 7.86e-04
5.41e-01 5.10e-01 1.77e-02 5.10e-01 1.77e-02 3.66e-06 3.99e-04 1.38e-04 8.99e-05 3.32e-05 4.84e-06
5.63e-01 6.51e-01 2.32e-03 6.50e-01 2.38e-03 5.02e-118 5.02e-118 9.60e-04 9.60e-04 9.60e-04 5.79e-05
5.60e-01 5.26e-01 5.18e-02 5.30e-01 5.19e-02 4.21e-05 5.42e-04 6.47e-05 2.77e-05 1.66e-05 2.31e-06
5.42e-01 5.99e-01 4.44e-03 6.00e-01 4.64e-03 8.75e-37 8.75e-37 9.17e-04 9.17e-04 2.03e-04 5.07e-05
5.74e-01 6.25e-01 7.48e-03 6.30e-01 8.80e-03 6.68e-11 6.69e-11 9.45e-04 8.50e-04 8.50e-04 1.42e-04
5.43e-01 3.30e-01 2.20e-03 3.30e-01 2.20e-03 1.04e-123 4.98e-04 4.74e-04 4.74e-04 4.74e-04 1.67e-05
5.44e-01 2.22e+00 7.81e-01 2.58e+00 8.59e-01 2.47e-20 2.08e-06 3.03e-06 1.40e-06 5.47e-07 1.52e-07
5.46e-01 4.98e-01 6.90e-03 5.00e-01 7.12e-03 1.47e-11 1.39e-03 7.89e-04 3.84e-04 3.84e-04 3.17e-05
5.46e-01 2.24e-01 1.48e-01 2.00e-01 1.50e-01 9.64e-27 2.90e-06 2.26e-06 2.26e-06 2.26e-06 1.02e-07
5.69e-01 6.29e-01 3.23e-03 6.30e-01 3.36e-03 2.33e-36 2.33e-36 9.45e-04 9.45e-04 9.45e-04 1.14e-04
5.55e-01 5.64e-01 7.97e-03 5.60e-01 8.97e-03 5.07e-04 6.03e-04 8.72e-04 6.97e-04 1.97e-04 1.40e-04
5.45e-01 6.29e-01 3.11e-03 6.30e-01 3.19e-03 2.55e-50 2.55e-50 9.45e-04 9.45e-04 9.45e-04 9.50e-05
5.66e-01 5.39e-01 2.67e-03 5.40e-01 2.78e-03 8.19e-25 1.33e-04 1.22e-04 1.22e-04 1.22e-04 1.05e-05
5.57e-01 5.37e-01 5.16e-03 5.40e-01 6.01e-03 5.00e-06 1.26e-03 8.46e-04 8.46e-04 3.83e-04 2.13e-05
5.59e-01 4.94e-01 8.00e-03 4.90e-01 8.78e-03 4.20e-14 1.72e-03 7.73e-04 6.64e-04 1.94e-04 8.93e-05
5.46e-01 5.59e-01 1.30e-02 5.60e-01 1.30e-02 1.93e-04 2.74e-04 2.49e-04 1.01e-04 8.40e-05 1.80e-05
5.65e-01 6.30e-01 2.30e-03 6.30e-01 2.35e-03 9.26e-13 2.29e-11 7.24e-04 7.24e-04 7.24e-04 4.00e-05
5.61e-01 4.59e-01 1.03e-02 4.60e-01 1.03e-02 2.40e-24 1.88e-03 7.23e-04 4.43e-04 4.43e-04 9.45e-05
5.57e-01 6.29e-01 3.34e-03 6.30e-01 3.52e-03 7.71e-62 7.71e-62 9.45e-04 9.45e-04 9.45e-04 1.28e-04
5.50e-01 6.20e-01 8.72e-03 6.20e-01 8.72e-03 9.26e-18 9.26e-18 9.36e-04 4.75e-04 4.75e-04 5.65e-05
5.49e-01 5.08e-01 2.35e-01 4.70e-01 2.38e-01 1.11e-05 3.82e-04 2.80e-05 1.61e-05 8.99e-06 8.65e-07
5.74e-01 6.59e-01 2.29e-03 6.60e-01 2.35e-03 8.07e-106 8.07e-106 9.67e-04 9.67e-04 9.67e-04 5.83e-05
5.48e-01 5.44e-01 4.96e-03 5.40e-01 6.59e-03 1.00e-04 1.95e-04 1.22e-04 9.41e-05 9.41e-05 9.41e-05
5.66e-01 4.70e-01 1.14e-01 4.60e-01 1.14e-01 3.13e-19 2.32e-06 6.28e-07 3.19e-07 3.19e-07 2.74e-08
5.73e-01 6.40e-01 8.08e-03 6.40e-01 8.08e-03 2.03e-13 2.03e-13 9.53e-04 4.36e-04 4.36e-04 4.31e-05
5.43e-01 5.75e-01 1.09e-02 5.70e-01 1.20e-02 7.98e-09 8.27e-09 3.75e-07 1.75e-07 1.64e-07 2.89e-08
5.52e-01 5.09e-01 1.17e-02 5.10e-01 1.18e-02 7.82e-09 4.10e-05 1.12e-05 8.25e-06 3.99e-06 6.88e-07
5.61e-01 4.82e-01 6.36e-03 4.80e-01 6.60e-03 1.72e-30 1.21e-03 7.57e-04 3.00e-04 3.00e-04 1.33e-04
5.64e-01 6.44e-01 6.42e-03 6.40e-01 7.71e-03 5.58e-24 5.58e-24 9.53e-04 8.24e-04 8.24e-04 5.75e-05
5.62e-01 5.72e-01 4.26e-03 5.70e-01 4.54e-03 1.99e-04 2.04e-04 8.84e-04 8.84e-04 8.84e-04 2.04e-04
5.46e-01 4.45e-01 6.01e-03 4.40e-01 7.78e-03 4.91e-58 1.44e-03 6.88e-04 6.77e-04 6.77e-04 4.15e-05
5.77e-01 6.29e-01 3.56e-03 6.30e-01 3.59e-03 1.14e-23 1.14e-23 9.45e-04 9.45e-04 9.45e-04 4.27e-05
5.46e-01 5.25e-01 1.95e-02 5.30e-01 2.00e-02 6.88e-06 5.15e-05 9.76e-06 5.07e-06 4.63e-06 5.56e-07
5.66e-01 5.02e-01 4.62e-03 5.00e-01 4.98e-03 2.50e-28 1.04e-03 7.89e-04 7.89e-04 2.26e-04 3.17e-05
5.57e-01 5.71e-01 1.17e-02 5.70e-01 1.18e-02 3.94e-07 5.13e-07 5.33e-07 5.12e-07 2.05e-07 3.88e-08
5.61e-01 5.32e-01 4.09e-03 5.30e-01 4.56e-03 2.75e-09 8.70e-04 6.96e-04 6.96e-04 6.96e-04 1.75e-04
5.69e-01 5.00e-01 3.25e-02 5.00e-01 3.25e-02 1.13e-07 2.18e-04 3.55e-05 1.66e-05 7.42e-06 2.21e-06
5.74e-01 4.69e-01 6.58e-03 4.70e-01 6.60e-03 4.94e-32 1.23e-03 7.40e-04 2.79e-04 1.97e-04 1.97e-04
5.67e-01 6.69e-01 3.96e-03 6.70e-01 4.12e-03 3.10e-128 3.10e-128 9.73e-04 9.73e-04 9.73e-04 3.42e-05
5.73e-01 5.59e-01 2.43e-02 5.60e-01 2.43e-02 4.41e-05 2.54e-04 4.77e-05 2.26e-05 1.23e-05 1.39e-06
5.50e-01 5.43e-01 1.09e-02 5.40e-01 1.14e-02 5.88e-05 1.69e-04 7.24e-05 3.27e-05 2.15e-05 4.37e-06
5.45e-01 6.18e-01 4.34e-03 6.20e-01 4.74e-03 6.29e-53 6.29e-53 9.36e-04 9.36e-04 2.49e-04 2.49e-04
5.41e-01 5.81e-01 3.15e-02 5.80e-01 3.16e-02 1.72e-53 2.61e-45 2.41e-43 1.63e-43 1.63e-43 9.67e-45
5.44e-01 4.81e-01 1.40e-02 4.80e-01 1.40e-02 6.33e-09 2.52e-04 5.88e-05 2.81e-05 2.22e-05 5.92e-06
5.66e-01 5.47e-01 4.39e-03 5.50e-01 5.11e-03 1.08e-14 1.71e-04 1.27e-04 1.27e-04 4.52e-05 4.52e-05
5.65e-01 5.51e-01 3.88e-03 5.50e-01 4.00e-03 7.19e-05 1.02e-03 8.60e-04 8.60e-04 8.60e-04 3.46e-05
5.67e-01 5.27e-01 4.42e-03 5.30e-01 5.16e-03 7.53e-65 1.61e-04 1.18e-04 1.18e-04 4.33e-05 4.33e-05
5.58e-01 6.62e-01 6.46e-01 4.40e-01 6.84e-01 9.81e-10 5.55e-05 1.02e-05 3.83e-06 2.53e-06 4.12e-07
5.63e-01 5.21e-01 3.08e-03 5.20e-01 3.26e-03 6.26e-72 1.27e-04 1.14e-04 1.14e-04 1.14e-04 1.37e-05
5.51e-01 6.08e-01 1.38e-02 6.10e-01 1.40e-02 1.59e-06 2.02e-06 6.87e-04 2.97e-04 1.59e-04 3.26e-05
5.75e-01 6.06e-01 3.49e-02 6.20e-01 3.77e-02 3.53e-19 5.38e-13 3.58e-12 3.43e-12 3.43e-12 1.80e-13
5.68e-01 5.56e-01 1.05e-02 5.50e-01 1.19e-02 2.40e-05 8.47e-04 7.03e-04 7.03e-04 1.45e-04 1.41e-04
5.73e-01 6.53e-01 4.17e-01 6.10e-01 4.19e-01 1.28e-05 1.03e-04 3.65e-05 9.19e-06 6.78e-06 6.57e-07
5.67e-01 6.25e-01 6.17e-03 6.30e-01 7.74e-03 9.31e-18 9.31e-18 9.45e-04 8.12e-04 8.12e-04 6.17e-05
5.68e-01 4.80e-01 4.71e-03 4.80e-01 4.71e-03 2.69e-42 9.66e-04 7.57e-04 7.57e-04 1.10e-04 9.89e-05
5.56e-01 5.71e-01 2.68e-03 5.70e-01 2.73e-03 5.86e-06 5.86e-06 8.84e-04 8.84e-04 8.84e-04 6.22e-05
5.45e-01 5.40e-01 4.71e-05 5.40e-01 4.71e-05 5.59e-05 1.22e-04 1.22e-04 1.22e-04 1.22e-04 1.22e-04
5.69e-01 5.99e-01 2.39e-02 6.00e-01 2.39e-02 1.82e-06 3.18e-06 5.82e-06 2.35e-06 1.94e-06 2.04e-07
5.64e-01 5.28e-01 8.32e-02 5.30e-01 8.33e-02 5.20e-06 9.75e-05 1.41e-05 6.19e-06 3.52e-06 5.48e-07
5.50e-01 4.21e-01 5.62e-02 4.20e-01 5.62e-02 1.16e-14 1.84e-03 6.51e-04 3.63e-04 1.47e-04 2.94e-05
5.53e-01 5.88e-01 4.08e-03 5.90e-01 4.50e-03 2.83e-16 2.83e-16 9.07e-04 9.07e-04 9.07e-04 2.28e-04
5.68e-01 5.02e-01 3.48e-02 4.70e-01 4.72e-02 1.58e-05 2.40e-03 6.70e-04 2.86e-04 2.83e-04 2.69e-05
5.47e-01 3.13e-01 5.91e-03 3.10e-01 6.70e-03 1.52e-46 7.29e-04 4.33e-04 2.48e-04 2.48e-04 3.92e-05
5.51e-01 4.07e-01 8.04e-03 4.10e-01 8.75e-03 4.18e-49 1.35e-03 6.32e-04 4.61e-04 1.62e-04 8.58e-05
5.59e-01 2.00e-01 1.50e-03 2.00e-01 1.50e-03 4.63e-144 1.31e-05 1.31e-05 1.31e-05 1.31e-05 1.31e-05
5.70e-01 5.83e-01 3.61e-01 5.20e-01 3.66e-01 3.60e-06 1.07e-04 9.55e-06 3.56e-06 2.20e-06 1.70e-07
5.44e-01 4.16e-01 4.94e-03 4.20e-01 6.23e-03 2.91e-123 1.06e-03 6.51e-04 4.09e-04 4.09e-04 4.09e-04
5.63e-01 5.74e-01 1.01e-02 5.70e-01 1.08e-02 3.08e-05 4.08e-05 4.95e-05 2.24e-05 1.42e-05 2.24e-06
5.48e-01 5.00e-01 1.03e-03 5.00e-01 1.03e-03 1.39e-76 1.07e-04 1.05e-04 1.05e-04 1.05e-04 1.05e-04
5.75e-01 1.55e+00 9.91e-01 2.58e+00 1.43e+00 3.19e-10 1.09e-08 1.41e-08 2.56e-09 1.78e-09 2.13e-10
5.53e-01 4.19e-01 6.53e-03 4.20e-01 6.61e-03 1.22e-62 1.07e-03 6.51e-04 2.58e-04 2.58e-04 1.47e-04
5.57e-01 5.24e-01 2.62e-02 5.30e-01 2.68e-02 1.42e-06 2.59e-05 4.60e-06 2.42e-06 1.33e-06 2.40e-07
5.74e-01 6.19e-01 1.97e-02 6.30e-01 2.27e-02 4.32e-05 1.03e-04 7.24e-04 4.88e-04 1.42e-04 1.46e-05
5.72e-01 5.59e-01 2.02e-02 5.60e-01 2.02e-02 4.60e-05 2.36e-04 5.72e-05 3.27e-05 1.60e-05 2.72e-06
5.64e-01 6.09e-01 1.85e-01 6.20e-01 1.86e-01 1.98e-04 1.06e-03 2.24e-04 9.90e-05 4.81e-05 5.50e-06
5.54e-01 1.51e+00 9.97e-01 4.00e-01 1.49e+00 8.45e-07 1.05e-04 5.61e-06 2.57e-06 1.88e-06 2.30e-07
5.41e-01 6.24e-01 1.98e-02 6.30e-01 2.08e-02 1.57e-06 2.67e-06 3.96e-04 1.43e-04 1.31e-04 3.98e-06
5.69e-01 5.23e-01 2.12e-02 5.30e-01 2.25e-02 2.55e-06 2.61e-04 5.97e-05 2.31e-05 1.62e-05 2.10e-06
5.60e-01 4.35e-01 3.21e-02 4.30e-01 3.25e-02 1.14e-12 3.16e-03 5.96e-04 3.06e-04 2.76e-04 2.02e-05
5.57e-01 4.30e-01 5.99e-02 4.10e-01 6.33e-02 5.31e-08 1.58e-03 6.32e-04 2.80e-04 1.08e-04 1.59e-05
6.03e-01 6.14e-01 6.07e-03 6.10e-01 7.24e-03 3.80e-04 4.12e-04 9.27e-04 7.59e-04 7.59e-04 9.32e-05
5.83e-01 6.37e-01 7.30e-03 6.40e-01 7.75e-03 3.21e-12 3.21e-12 9.53e-04 5.94e-04 5.94e-04 6.22e-05
6.10e-01 6.04e-01 5.31e-03 6.00e-01 6.39e-03 5.82e-04 1.51e-03 9.17e-04 5.76e-04 5.76e-04 3.69e-05
6.02e-01 6.39e-01 3.22e-03 6.40e-01 3.42e-03 3.63e-17 3.63e-17 9.53e-04 9.53e-04 9.53e-04 1.29e-04
5.89e-01 5.10e-01 1.73e-03 5.10e-01 1.75e-03 7.84e-117 1.13e-04 1.10e-04 1.10e-04 1.10e-04 1.10e-04
6.01e-01 6.41e-01 7.50e-03 6.40e-01 7.52e-03 3.72e-08 3.74e-08 9.53e-04 4.31e-04 3.50e-04 3.35e-05
5.82e-01 5.16e-01 1.86e-01 5.00e-01 1.87e-01 1.63e-08 3.27e-05 3.83e-06 1.63e-06 1.58e-06 1.48e-07
5.82e-01 4.29e-01 4.41e-03 4.30e-01 4.56e-03 3.59e-110 8.45e-04 6.70e-04 6.70e-04 6.70e-04 4.04e-05
6.00e-01 5.59e-01 7.36e-03 5.60e-01 7.41e-03 1.17e-08 1.64e-03 8.72e-04 4.34e-04 2.94e-04 2.63e-05
5.98e-01 6.47e-01 1.54e-02 6.50e-01 1.57e-02 3.06e-16 2.28e-05 7.28e-04 7.28e-04 7.28e-04 7.28e-04
5.81e-01 6.25e-01 1.56e-02 6.30e-01 1.65e-02 1.48e-07 6.26e-05 7.24e-04 7.24e-04 7.24e-04 6.55e-05
5.75e-01 4.80e-01 2.77e-03 4.80e-01 2.80e-03 3.99e-99 8.21e-04 7.57e-04 7.57e-04 7.57e-04 4.94e-05
5.89e-01 5.62e-01 2.72e-02 5.60e-01 2.73e-02 2.05e-05 2.37e-04 4.13e-05 1.57e-05 1.15e-05 1.85e-06
5.85e-01 4.76e-01 1.23e-01 5.10e-01 1.28e-01 3.40e-06 3.38e-04 1.83e-05 8.79e-06 4.27e-06 6.11e-07
5.99e-01 5.80e-01 9.70e-03 5.80e-01 9.70e-03 4.87e-09 8.34e-08 3.47e-08 1.90e-08 1.90e-08 3.84e-09
5.92e-01 6.14e-01 6.74e-03 6.10e-01 7.94e-03 2.83e-05 2.93e-05 9.27e-04 8.85e-04 8.85e-04 5.59e-05
5.80e-01 6.66e-01 7.98e-03 6.70e-01 8.94e-03 2.27e-10 2.92e-07 9.73e-04 8.75e-04 2.40e-04 1.42e-04
6.15e-01 6.43e-01 4.52e-03 6.40e-01 5.31e-03 1.51e-11 1.51e-11 9.53e-04 9.53e-04 3.73e-04 3.73e-04
5.79e-01 6.45e-01 5.06e-03 6.50e-01 6.98e-03 4.67e-47 4.67e-47 9.60e-04 8.88e-04 8.88e-04 8.88e-04
5.91e-01 6.28e-01 1.51e-02 6.30e-01 1.52e-02 2.19e-05 6.92e-05 7.24e-04 3.28e-04 3.28e-04 1.09e-05
6.05e-01 1.63e+00 1.01e+00 2.58e+00 1.39e+00 1.69e-08 3.08e-06 8.05e-07 2.05e-07 1.00e-07 2.00e-08
6.10e-01 7.03e-01 6.60e-01 4.30e-01 7.15e-01 4.51e-07 5.26e-04 3.69e-05 1.40e-05 5.49e-06 4.99e-07
6.05e-01 5.07e-01 4.61e-03 5.10e-01 5.49e-03 3.23e-106 1.57e-04 1.10e-04 1.10e-04 4.74e-05 4.74e-05
5.81e-01 5.92e-01 5.13e-03 5.90e-01 5.53e-03 1.64e-04 1.71e-04 9.07e-04 9.07e-04 3.24e-04 6.38e-05
5.91e-01 5.91e-01 5.15e-03 5.90e-01 5.19e-03 8.66e-04 1.04e-03 9.07e-04 9.07e-04 2.01e-04 1.28e-04
5.89e-01 6.31e-01 3.68e-03 6.30e-01 3.93e-03 1.30e-22 1.30e-22 9.45e-04 9.45e-04 9.45e-04 1.66e-04
5.99e-01 6.28e-01 3.50e-02 6.50e-01 4.12e-02 2.10e-05 5.24e-04 7.28e-04 2.23e-04 1.35e-04 2.93e-05
6.13e-01 5.40e-01 1.47e-02 5.40e-01 1.47e-02 1.47e-11 6.49e-05 2.12e-05 9.36e-06 6.27e-06 1.06e-06
5.95e-01 5.75e-01 1.56e-02 5.70e-01 1.65e-02 4.35e-04 3.40e-03 8.67e-04 5.87e-04 2.62e-04 5.78e-05
5.89e-01 6.57e-01 4.79e-03 6.60e-01 5.92e-03 6.73e-57 1.34e-56 9.67e-04 5.20e-04 5.20e-04 5.20e-04
5.90e-01 5.88e-01 5.79e-03 5.90e-01 6.27e-03 9.02e-04 1.36e-03 9.07e-04 4.56e-04 4.56e-04 1.05e-04
6.01e-01 5.91e-01 3.56e-03 5.90e-01 3.81e-03 1.34e-04 1.06e-03 9.07e-04 9.07e-04 9.07e-04 1.50e-04
5.97e-01 4.56e-01 5.63e-03 4.60e-01 7.19e-03 1.35e-50 1.46e-03 7.23e-04 6.87e-04 6.87e-04 4.36e-05
5.98e-01 6.20e-01 3.15e-03 6.20e-01 3.17e-03 4.59e-08 1.61e-06 7.22e-04 7.22e-04 7.22e-04 3.99e-05
6.02e-01 6.01e-01 4.84e-03 6.00e-01 4.92e-03 7.79e-04 1.05e-03 9.17e-04 9.17e-04 1.98e-04 9.22e-05
6.01e-01 6.07e-01 6.94e-03 6.10e-01 7.66e-03 6.50e-04 7.88e-04 9.27e-04 6.15e-04 6.15e-04 6.52e-05
6.07e-01 6.38e-01 4.17e-03 6.40e-01 4.57e-03 1.35e-12 1.35e-12 9.53e-04 9.53e-04 9.53e-04 2.39e-04
5.99e-01 6.00e-01 5.97e-02 6.00e-01 5.97e-02 1.11e-04 9.09e-04 9.17e-05 3.84e-05 2.28e-05 3.34e-06
6.11e-01 5.66e-01 1.99e-02 5.60e-01 2.08e-02 7.24e-05 4.18e-03 8.46e-04 3.46e-04 1.88e-04 3.07e-05
5.88e-01 5.45e-01 5.00e-03 5.40e-01 6.84e-03 3.70e-25 1.59e-03 8.46e-04 7.44e-04 7.44e-04 7.44e-04
5.96e-01 6.49e-01 4.71e-03 6.50e-01 4.81e-03 6.64e-08 3.97e-07 7.28e-04 7.28e-04 7.28e-04 5.49e-05
5.86e-01 5.58e-01 7.07e-03 5.60e-01 7.27e-03 5.61e-06 1.63e-03 8.72e-04 5.00e-04 5.00e-04 2.19e-05
5.79e-01 5.56e-01 1.24e-02 5.50e-01 1.36e-02 7.36e-07 1.31e-05 4.30e-06 2.01e-06 1.94e-06 1.51e-07
6.09e-01 5.99e-01 5.38e-02 5.90e-01 5.46e-02 7.24e-04 4.93e-03 7.24e-04 3.84e-04 2.33e-04 2.37e-05
5.90e-01 5.73e-01 6.94e-02 6.40e-01 9.64e-02 1.42e-04 1.51e-03 2.80e-04 6.61e-05 5.54e-05 1.07e-05
5.84e-01 5.34e-01 4.92e-03 5.30e-01 6.33e-03 1.29e-44 1.39e-03 8.33e-04 5.57e-04 5.57e-04 5.57e-04
6.09e-01 5.10e-01 1.47e-03 5.10e-01 1.48e-03 1.65e-281 1.12e-04 1.10e-04 1.10e-04 1.10e-04 1.10e-04
5.92e-01 5.09e-01 2.50e-03 5.10e-01 2.58e-03 9.39e-128 1.17e-04 1.10e-04 1.10e-04 1.10e-04 8.26e-06
6.06e-01 5.93e-01 9.25e-03 5.90e-01 9.87e-03 3.15e-07 1.54e-06 6.23e-07 5.67e-07 2.38e-07 3.44e-08
5.92e-01 5.90e-01 5.73e-04 5.90e-01 5.74e-04 1.11e-04 1.44e-04 1.44e-04 1.44e-04 1.44e-04 1.44e-04
6.08e-01 4.97e-01 5.50e-03 5.00e-01 6.35e-03 8.86e-53 1.26e-03 7.89e-04 4.20e-04 4.20e-04 4.36e-05
5.91e-01 5.64e-01 1.59e-02 5.60e-01 1.63e-02 1.94e-04 3.34e-03 7.76e-04 4.65e-04 2.85e-04 2.19e-05
5.99e-01 5.52e-01 3.54e-01 4.90e-01 3.60e-01 1.46e-06 1.81e-04 1.48e-05 6.44e-06 2.89e-06 2.80e-07
5.81e-01 5.08e-01 8.40e-02 5.10e-01 8.40e-02 1.30e-10 6.58e-06 1.03e-06 6.23e-07 3.17e-07 5.29e-08
6.05e-01 5.40e-01 1.73e-03 5.40e-01 1.76e-03 4.49e-173 1.26e-04 1.22e-04 1.22e-04 1.22e-04 1.22e-04
5.96e-01 7.01e-01 2.93e-03 7.00e-01 3.02e-03 6.05e-103 2.43e-97 9.88e-04 9.88e-04 9.88e-04 8.94e-05
5.93e-01 5.20e-01 1.57e-03 5.20e-01 1.59e-03 7.27e-205 1.17e-04 1.14e-04 1.14e-04 1.14e-04 1.14e-04
5.89e-01 5.38e-01 1.23e-02 5.40e-01 1.24e-02 4.26e-08 7.82e-04 2.85e-04 1.73e-04 7.17e-05 5.73e-06
6.13e-01 6.50e-01 1.05e-03 6.50e-01 1.05e-03 1.43e-21 1.43e-21 7.28e-04 7.28e-04 7.28e-04 7.28e-04
5.98e-01 6.21e-01 6.76e-03 6.20e-01 6.82e-03 9.13e-06 9.21e-06 9.36e-04 3.86e-04 2.49e-04 2.49e-04
6.04e-01 5.65e-01 2.65e-02 5.60e-01 2.70e-02 2.65e-05 4.71e-04 6.95e-05 2.84e-05 1.84e-05 1.92e-06
5.95e-01 5.60e-01 1.11e-03 5.60e-01 1.11e-03 5.34e-13 7.15e-04 7.06e-04 7.06e-04 7.06e-04 7.06e-04
6.11e-01 5.72e-01 6.72e-03 5.70e-01 7.08e-03 2.17e-09 1.53e-03 8.84e-04 4.44e-04 4.44e-04 4.00e-05
6.01e-01 4.81e-01 3.65e-03 4.80e-01 3.94e-03 2.82e-70 1.14e-04 9.71e-05 9.71e-05 9.71e-05 1.71e-05
6.01e-01 6.40e-01 1.15e-02 6.40e-01 1.15e-02 8.01e-06 8.96e-06 9.53e-04 6.03e-04 2.06e-04 3.35e-05
5.78e-01 7.03e-02 6.33e-03 7.00e-02 6.34e-03 2.37e-28 8.93e-12 8.91e-12 8.91e-12 8.91e-12 8.91e-12
5.80e-01 4.82e-01 2.29e-01 4.60e-01 2.30e-01 5.95e-11 2.13e-04 3.11e-05 1.54e-05 7.85e-06 1.19e-06
5.93e-01 1.60e+00 1.04e+00 4.20e-01 1.57e+00 1.91e-08 2.77e-05 3.47e-06 2.11e-06 1.13e-06 1.26e-07
5.84e-01 3.28e-01 4.54e-03 3.30e-01 5.04e-03 4.12e-88 6.34e-04 4.74e-04 4.74e-04 1.50e-04 1.50e-04
5.79e-01 5.72e-01 7.96e-03 5.70e-01 8.11e-03 5.69e-04 1.69e-03 8.84e-04 5.24e-04 3.38e-04 6.67e-05
6.02e-01 5.15e-01 1.55e-02 5.10e-01 1.63e-02 2.32e-11 2.89e-03 5.82e-04 2.75e-04 1.82e-04 3.23e-05
5.96e-01 6.12e-01 4.91e-03 6.10e-01 5.48e-03 1.86e-05 1.86e-05 7.20e-04 7.20e-04 2.82e-04 3.26e-05
6.02e-01 5.80e-01 1.42e-03 5.80e-01 1.43e-03 3.48e-13 1.43e-04 1.40e-04 1.40e-04 1.40e-04 1.40e-04
5.99e-01 5.58e-01 6.09e-03 5.60e-01 6.31e-03 1.43e-09 1.41e-03 8.72e-04 3.81e-04 3.81e-04 1.49e-04
5.88e-01 6.20e-01 5.98e-03 6.20e-01 5.98e-03 2.23e-08 2.23e-08 9.36e-04 2.40e-04 2.31e-04 2.31e-04
5.92e-01 5.51e-01 3.95e-03 5.50e-01 4.00e-03 3.54e-17 1.02e-03 8.60e-04 8.60e-04 8.60e-04 4.75e-05
5.81e-01 6.34e-01 4.93e-03 6.30e-01 6.17e-03 9.82e-25 9.82e-25 9.45e-04 5.74e-04 5.74e-04 5.74e-04
5.90e-01 5.84e-01 1.12e-02 5.80e-01 1.19e-02 3.34e-06 9.15e-06 3.38e-06 1.71e-06 1.44e-06 2.52e-07
6.00e-01 6.16e-01 7.27e-03 6.20e-01 8.54e-03 1.17e-04 1.20e-04 9.36e-04 8.14e-04 8.14e-04 1.18e-04
