1.67e+00 1.67e+00 3.97e-02 1.67e+00 4.00e-02 6.04e-05 3.26e-04 5.11e-05 2.28e-05 1.43e-05 1.83e-06
1.63e+00 1.31e+00 9.39e-02 1.34e+00 9.97e-02 2.04e-05 7.71e-01 3.69e-02 1.36e-02 7.93e-03 1.24e-03
1.63e+00 1.09e+00 7.13e-01 7.00e-02 1.24e+00 3.92e-04 1.18e-02 5.97e-04 2.07e-04 1.46e-04 1.88e-05
1.68e+00 1.58e+00 5.55e-02 1.56e+00 5.76e-02 4.87e-05 4.04e-03 2.44e-04 1.16e-04 6.95e-05 8.08e-06
1.67e+00 1.67e+00 3.74e-02 1.67e+00 3.75e-02 5.73e-05 2.57e-04 4.92e-05 2.00e-05 1.33e-05 2.06e-06
1.63e+00 1.77e+00 3.31e-02 1.75e+00 3.64e-02 4.00e-10 5.37e-10 5.66e-06 2.32e-06 1.55e-06 1.86e-07
1.65e+00 1.18e+00 1.12e-02 1.18e+00 1.15e-02 7.79e-23 1.27e+00 4.63e-01 2.30e-01 1.26e-01 2.56e-02
1.68e+00 1.59e+00 1.78e-01 1.61e+00 1.79e-01 6.00e-05 1.57e-03 9.58e-05 4.71e-05 2.55e-05 3.40e-06
1.62e+00 1.75e+00 1.27e-02 1.75e+00 1.34e-02 1.77e-28 1.77e-28 8.82e-06 3.19e-06 2.84e-06 2.22e-07
1.66e+00 1.71e+00 2.74e-02 1.71e+00 2.74e-02 6.22e-06 1.14e-05 2.50e-05 1.09e-05 6.14e-06 1.26e-06
1.67e+00 1.61e+00 1.21e-02 1.61e+00 1.29e-02 1.45e-10 4.30e-04 1.26e-04 7.08e-05 5.69e-05 1.67e-05
1.62e+00 1.44e+00 1.50e-01 1.51e+00 1.67e-01 1.35e-04 1.54e-01 1.13e-02 4.13e-03 2.52e-03 2.80e-04
1.65e+00 1.43e+00 1.18e-02 1.43e+00 1.18e-02 8.24e-30 2.85e-02 7.05e-03 6.91e-03 2.41e-03 4.64e-04
1.67e+00 1.78e+00 1.89e-02 1.78e+00 1.91e-02 3.83e-15 3.90e-15 4.09e-06 1.45e-06 1.25e-06 2.26e-07
1.69e+00 1.66e+00 3.73e-02 1.66e+00 3.75e-02 5.42e-05 4.82e-04 5.26e-05 2.14e-05 1.44e-05 2.35e-06
1.62e+00 1.29e+00 9.38e-02 1.31e+00 9.57e-02 2.97e-15 3.93e+00 4.32e-01 1.63e-01 9.80e-02 1.26e-02
1.62e+00 1.46e+00 1.07e-01 1.48e+00 1.09e-01 1.07e-04 5.67e-02 3.05e-03 1.21e-03 8.51e-04 1.19e-04
1.64e+00 9.32e-01 7.28e-01 7.00e-02 1.13e+00 2.25e-04 1.50e-02 1.12e-03 2.29e-04 1.43e-04 2.14e-05
1.62e+00 1.63e+00 4.74e-02 1.64e+00 4.86e-02 1.05e-04 6.34e-04 8.50e-05 4.31e-05 2.45e-05 3.82e-06
1.67e+00 1.55e+00 4.29e-01 1.68e+00 4.49e-01 2.41e-05 2.28e-04 1.83e-05 7.25e-06 3.93e-06 6.15e-07
1.66e+00 1.68e+00 3.89e-02 1.68e+00 3.89e-02 3.47e-05 1.26e-04 3.69e-05 1.67e-05 8.01e-06 1.34e-06
1.62e+00 1.39e+00 1.47e-02 1.39e+00 1.49e-02 8.89e-30 6.84e-02 1.65e-02 9.15e-03 5.64e-03 7.40e-04
1.66e+00 1.15e+00 1.01e-01 1.15e+00 1.01e-01 8.45e-04 8.89e+00 4.41e-01 1.22e-01 7.09e-02 9.66e-03
1.68e+00 1.27e+00 1.50e-01 1.15e+00 1.89e-01 9.37e-05 5.93e-01 2.04e-02 7.33e-03 4.05e-03 6.24e-04
1.68e+00 9.91e-01 6.17e-01 1.40e+00 7.40e-01 2.84e-04 2.22e-01 1.24e-02 6.40e-03 3.24e-03 3.76e-04
1.67e+00 1.45e+00 4.42e-02 1.45e+00 4.43e-02 8.11e-07 6.05e-02 5.34e-03 2.10e-03 1.07e-03 1.38e-04
1.61e+00 1.33e+00 5.12e-02 1.33e+00 5.13e-02 1.09e-06 6.44e-01 4.71e-02 2.11e-02 1.10e-02 1.41e-03
1.62e+00 1.26e+00 2.14e-01 1.33e+00 2.24e-01 7.86e-04 3.07e+00 1.31e-01 4.91e-02 3.00e-02 3.33e-03
1.68e+00 1.52e+00 5.14e-02 1.48e+00 6.24e-02 4.45e-06 1.49e-02 8.56e-04 4.59e-04 2.79e-04 4.34e-05
1.67e+00 1.21e+00 1.19e-01 1.15e+00 1.35e-01 8.45e-05 1.37e+00 1.07e-01 2.07e-02 1.23e-02 1.30e-03
1.63e+00 1.43e+00 4.79e-02 1.43e+00 4.82e-02 1.99e-05 1.14e-01 8.29e-03 3.50e-03 1.99e-03 2.69e-04
1.66e+00 1.47e+00 3.11e-02 1.46e+00 3.39e-02 2.34e-07 3.61e-02 4.39e-03 1.68e-03 8.52e-04 1.29e-04
1.67e+00 1.47e+00 4.48e-02 1.48e+00 4.54e-02 3.10e-07 3.41e-02 3.51e-03 1.20e-03 5.22e-04 8.03e-05
1.68e+00 1.43e+00 4.54e-02 1.43e+00 4.55e-02 5.84e-06 1.13e-01 9.95e-03 4.02e-03 2.40e-03 2.40e-04
1.67e+00 1.32e+00 1.13e-01 1.28e+00 1.20e-01 4.99e-04 1.67e-01 1.32e-02 5.76e-03 2.15e-03 2.58e-04
1.61e+00 1.31e+00 3.58e-01 1.39e+00 3.66e-01 7.36e-04 2.64e-01 1.26e-02 5.27e-03 2.59e-03 3.45e-04
1.66e+00 1.31e+00 1.49e-02 1.31e+00 1.50e-02 7.01e-15 2.76e-01 6.16e-02 3.16e-02 2.81e-02 3.08e-03
1.63e+00 1.63e+00 3.29e-02 1.63e+00 3.31e-02 1.82e-04 9.05e-04 1.56e-04 6.77e-05 4.67e-05 6.41e-06
1.67e+00 1.63e+00 2.25e-02 1.64e+00 2.33e-02 3.54e-05 7.82e-04 1.14e-04 7.29e-05 3.79e-05 5.72e-06
1.63e+00 1.69e+00 5.23e-02 1.69e+00 5.25e-02 1.05e-05 4.17e-05 1.89e-05 7.86e-06 4.29e-06 5.95e-07
1.67e+00 1.39e+00 5.67e-01 1.63e+00 6.17e-01 6.34e-05 1.29e-03 5.90e-05 2.64e-05 1.67e-05 2.33e-06
1.62e+00 1.50e+00 1.23e-01 1.50e+00 1.23e-01 1.71e-04 2.97e-02 2.09e-03 8.87e-04 4.11e-04 5.30e-05
1.67e+00 1.64e+00 4.43e-02 1.65e+00 4.47e-02 7.76e-05 7.12e-04 6.94e-05 2.90e-05 1.86e-05 2.72e-06
1.65e+00 1.46e+00 6.98e-02 1.45e+00 7.12e-02 1.46e-04 5.11e-02 5.68e-03 1.80e-03 7.97e-04 1.04e-04
1.63e+00 1.22e+00 5.75e-01 7.00e-02 1.29e+00 3.16e-04 2.07e-02 6.54e-04 2.91e-04 1.96e-04 2.50e-05
1.66e+00 1.14e+00 6.89e-02 1.18e+00 7.83e-02 1.33e-06 5.90e+00 4.51e-01 1.40e-01 7.43e-02 1.14e-02
1.63e+00 1.75e+00 1.70e-02 1.75e+00 1.76e-02 5.31e-15 5.42e-15 9.20e-06 3.84e-06 3.25e-06 4.13e-07
1.63e+00 1.05e+00 6.29e-02 1.09e+00 7.55e-02 3.94e-07 2.51e+01 1.36e+00 6.40e-01 4.06e-01 6.24e-02
1.64e+00 1.75e+00 1.21e-02 1.75e+00 1.24e-02 3.37e-25 3.37e-25 5.87e-06 2.45e-06 1.68e-06 2.06e-07
1.62e+00 1.08e+00 6.63e-01 7.00e-02 1.21e+00 9.27e-04 1.17e-01 4.78e-03 2.18e-03 1.28e-03 1.73e-04
1.63e+00 1.40e+00 4.92e-02 1.41e+00 5.02e-02 3.80e-06 1.90e-01 1.26e-02 5.38e-03 3.34e-03 4.08e-04
1.68e+00 1.52e+00 5.20e-02 1.51e+00 5.26e-02 1.71e-05 1.70e-02 1.10e-03 4.62e-04 2.84e-04 3.96e-05
1.64e+00 1.76e+00 2.14e-02 1.75e+00 2.37e-02 1.54e-13 1.61e-13 6.59e-06 2.92e-06 1.44e-06 2.47e-07
1.60e+00 1.77e+00 1.23e-02 1.78e+00 1.46e-02 6.67e-52 6.67e-52 3.60e-06 1.09e-06 1.05e-06 1.63e-07
1.67e+00 1.63e+00 2.92e-02 1.63e+00 2.92e-02 6.83e-05 1.13e-03 1.39e-04 6.73e-05 3.62e-05 5.05e-06
1.64e+00 1.39e+00 5.99e-01 1.63e+00 6.44e-01 5.95e-05 6.06e-04 5.08e-05 2.14e-05 1.32e-05 1.89e-06
1.67e+00 1.56e+00 2.74e-01 1.60e+00 2.77e-01 7.22e-05 1.68e-03 9.17e-05 4.39e-05 2.64e-05 3.38e-06
1.68e+00 1.82e+00 5.70e-03 1.82e+00 6.42e-03 1.24e-102 1.24e-102 8.63e-07 8.63e-07 3.77e-07 3.04e-08
1.67e+00 1.30e+00 7.19e-02 1.30e+00 7.19e-02 4.87e-04 2.30e+00 1.54e-01 6.51e-02 3.95e-02 4.93e-03
1.62e+00 1.74e+00 3.10e-02 1.75e+00 3.15e-02 1.52e-09 2.06e-09 9.96e-06 4.12e-06 2.46e-06 3.69e-07
1.66e+00 1.78e+00 2.61e-02 1.78e+00 2.61e-02 2.12e-11 2.39e-11 4.98e-06 1.71e-06 1.65e-06 2.06e-07
1.66e+00 1.18e+00 5.60e-02 1.17e+00 5.64e-02 7.27e-04 1.57e+00 2.30e-01 1.02e-01 4.55e-02 4.27e-03
1.63e+00 5.42e-01 7.10e-01 7.00e-02 8.52e-01 4.49e-04 2.47e-02 3.04e-03 1.05e-03 3.15e-04 4.19e-05
1.61e+00 1.43e+00 1.28e-02 1.43e+00 1.28e-02 2.81e-21 3.37e-02 8.19e-03 3.36e-03 3.06e-03 5.52e-04
1.65e+00 1.41e+00 5.23e-02 1.40e+00 5.37e-02 4.23e-04 7.60e-02 1.13e-02 5.38e-03 3.61e-03 3.28e-04
1.63e+00 1.22e+00 3.90e-02 1.23e+00 3.99e-02 9.42e-11 1.37e+01 1.11e+00 4.98e-01 2.87e-01 3.41e-02
1.63e+00 1.54e+00 5.35e-02 1.53e+00 5.46e-02 1.96e-04 1.42e-02 1.27e-03 4.46e-04 2.63e-04 3.18e-05
1.66e+00 1.63e+00 1.96e-01 1.65e+00 1.97e-01 2.04e-04 1.35e-03 1.90e-04 9.06e-05 5.39e-05 3.67e-06
1.68e+00 9.22e-01 7.47e-01 7.00e-02 1.13e+00 9.49e-05 1.22e-02 8.24e-04 2.37e-04 1.36e-04 1.78e-05
1.64e+00 6.45e-01 7.26e-01 7.00e-02 9.26e-01 3.26e-04 3.90e-02 4.09e-03 8.43e-04 4.46e-04 7.44e-05
1.62e+00 1.77e+00 1.15e-02 1.78e+00 1.51e-02 3.15e-54 3.15e-54 2.96e-06 1.80e-06 1.05e-06 5.65e-07
1.66e+00 1.53e+00 3.43e-02 1.53e+00 3.45e-02 1.71e-05 7.76e-02 7.28e-03 3.50e-03 2.22e-03 4.25e-04
1.66e+00 1.79e+00 2.39e-02 1.78e+00 2.58e-02 1.91e-14 1.99e-14 3.17e-06 1.67e-06 1.06e-06 1.18e-07
1.63e+00 1.44e+00 1.06e-02 1.44e+00 1.11e-02 1.44e-31 1.90e-02 6.92e-03 3.51e-03 2.19e-03 3.48e-04
1.64e+00 1.13e+00 6.91e-01 7.00e-02 1.27e+00 1.60e-04 5.65e-03 2.21e-04 9.53e-05 6.10e-05 9.53e-06
1.65e+00 1.72e+00 4.24e-02 1.72e+00 4.25e-02 2.41e-06 5.90e-06 1.04e-05 4.88e-06 3.01e-06 3.34e-07
1.64e+00 1.59e+00 3.36e-02 1.58e+00 3.44e-02 1.46e-04 3.92e-03 3.97e-04 1.95e-04 1.22e-04 1.38e-05
1.67e+00 1.43e+00 3.20e-02 1.43e+00 3.20e-02 3.32e-09 7.65e-02 8.07e-03 3.96e-03 2.40e-03 2.94e-04
1.66e+00 1.74e+00 3.67e-02 1.75e+00 3.72e-02 5.15e-07 9.72e-07 7.59e-06 3.02e-06 1.92e-06 3.20e-07
1.64e+00 1.71e+00 2.89e-02 1.71e+00 2.90e-02 1.09e-06 1.72e-06 2.54e-05 1.21e-05 7.13e-06 9.30e-07
1.63e+00 1.42e+00 1.88e-01 1.42e+00 1.88e-01 2.46e-04 1.93e-01 1.08e-02 4.97e-03 2.74e-03 2.97e-04
1.68e+00 6.57e-01 7.64e-01 7.00e-02 9.63e-01 1.54e-05 1.18e-03 1.32e-04 3.32e-05 1.01e-05 1.84e-06
1.63e+00 7.19e-01 7.51e-01 7.00e-02 9.93e-01 2.36e-04 1.33e-02 1.33e-03 2.71e-04 1.49e-04 2.63e-05
1.62e+00 1.24e+00 5.73e-01 1.45e+00 6.09e-01 1.06e-04 5.88e-03 2.27e-04 9.04e-05 5.75e-05 6.57e-06
1.64e+00 1.74e+00 3.01e-02 1.74e+00 3.01e-02 5.20e-08 7.09e-08 1.20e-05 5.59e-06 3.35e-06 6.29e-07
1.62e+00 1.73e+00 3.19e-02 1.72e+00 3.41e-02 1.97e-08 2.90e-08 1.28e-05 6.41e-06 4.01e-06 4.37e-07
1.67e+00 1.59e+00 1.92e-02 1.59e+00 1.95e-02 6.31e-09 1.71e-03 2.81e-04 1.55e-04 7.98e-05 1.66e-05
1.66e+00 1.76e+00 2.26e-02 1.76e+00 2.31e-02 8.05e-11 8.90e-11 6.67e-06 3.81e-06 1.99e-06 3.49e-07
1.66e+00 1.64e+00 1.87e-01 1.66e+00 1.88e-01 6.47e-05 4.38e-04 5.10e-05 2.08e-05 1.14e-05 1.30e-06
1.61e+00 1.49e+00 1.27e-01 1.45e+00 1.32e-01 1.48e-04 1.17e-02 7.36e-04 2.49e-04 1.57e-04 2.03e-05
1.63e+00 1.77e+00 3.28e-02 1.75e+00 3.63e-02 3.16e-10 4.24e-10 5.59e-06 2.28e-06 1.44e-06 1.80e-07
1.63e+00 1.73e+00 4.30e-02 1.72e+00 4.39e-02 8.18e-07 1.89e-06 8.51e-06 3.96e-06 2.44e-06 2.71e-07
1.62e+00 1.76e+00 3.03e-02 1.75e+00 3.11e-02 1.04e-10 1.31e-10 7.43e-06 2.94e-06 1.84e-06 2.75e-07
1.66e+00 1.72e+00 4.49e-02 1.72e+00 4.49e-02 4.45e-06 1.32e-05 9.73e-06 4.61e-06 2.31e-06 3.74e-07
1.65e+00 3.74e-01 6.19e-01 7.00e-02 6.90e-01 2.08e-04 2.73e-02 3.53e-03 1.64e-03 6.36e-04 6.58e-05
1.63e+00 1.70e+00 9.57e-02 1.71e+00 9.59e-02 4.54e-06 1.64e-05 1.16e-05 4.96e-06 3.04e-06 3.70e-07
1.66e+00 1.76e+00 3.68e-02 1.75e+00 3.81e-02 9.28e-08 1.57e-07 5.12e-06 2.19e-06 1.53e-06 2.19e-07
1.71e+00 1.66e+00 3.30e-02 1.66e+00 3.31e-02 2.63e-05 7.51e-04 8.29e-05 4.00e-05 2.00e-05 2.44e-06
1.72e+00 1.66e+00 2.71e-02 1.66e+00 2.73e-02 8.75e-06 6.66e-04 8.09e-05 3.74e-05 2.12e-05 3.03e-06
1.72e+00 1.74e+00 3.91e-02 1.74e+00 3.92e-02 9.81e-06 3.57e-05 8.95e-06 4.07e-06 2.22e-06 3.80e-07
1.71e+00 1.75e+00 3.24e-02 1.75e+00 3.27e-02 7.01e-06 1.84e-05 8.19e-06 3.85e-06 2.39e-06 2.71e-07
1.70e+00 1.34e+00 3.72e-02 1.34e+00 3.72e-02 2.40e-11 4.95e-01 4.56e-02 2.14e-02 1.44e-02 1.60e-03
1.73e+00 1.66e+00 9.66e-02 1.68e+00 9.82e-02 1.88e-05 4.25e-04 3.19e-05 1.35e-05 8.11e-06 1.19e-06
1.72e+00 1.57e+00 1.73e-02 1.58e+00 1.81e-02 2.98e-26 1.22e-03 3.08e-04 2.00e-04 8.45e-05 1.25e-05
1.74e+00 1.57e+00 6.02e-02 1.56e+00 6.19e-02 3.89e-06 4.92e-03 3.23e-04 1.39e-04 8.67e-05 1.21e-05
1.73e+00 1.68e+00 7.82e-02 1.68e+00 7.82e-02 1.68e-05 3.00e-04 2.56e-05 1.04e-05 6.86e-06 7.80e-07
1.73e+00 1.63e+00 1.50e-01 1.65e+00 1.51e-01 1.72e-05 6.75e-04 3.92e-05 1.71e-05 9.56e-06 1.51e-06
1.72e+00 1.62e+00 2.00e-02 1.62e+00 2.01e-02 3.12e-10 8.73e-04 1.45e-04 6.26e-05 4.94e-05 7.94e-06
1.71e+00 1.03e+00 4.34e-02 1.02e+00 4.54e-02 3.59e-07 3.65e+01 3.81e+00 1.86e+00 8.44e-01 9.64e-02
1.70e+00 8.99e-01 7.15e-01 7.00e-02 1.09e+00 2.82e-05 4.21e-03 3.63e-04 8.76e-05 4.00e-05 5.01e-06
1.71e+00 1.73e+00 3.89e-02 1.72e+00 3.93e-02 1.25e-05 4.88e-05 1.13e-05 4.90e-06 3.27e-06 3.55e-07
1.68e+00 1.60e+00 2.48e-02 1.60e+00 2.48e-02 7.58e-07 1.82e-03 2.57e-04 1.35e-04 8.01e-05 1.19e-05
1.73e+00 1.76e+00 2.53e-02 1.75e+00 2.92e-02 3.30e-06 6.64e-06 6.56e-06 2.93e-06 1.71e-06 2.60e-07
1.71e+00 1.49e+00 6.32e-02 1.46e+00 7.03e-02 4.72e-06 3.42e-02 2.15e-03 8.57e-04 5.27e-04 7.91e-05
1.73e+00 1.53e+00 1.77e-01 1.53e+00 1.77e-01 7.70e-06 1.07e-02 6.86e-04 2.94e-04 1.54e-04 1.81e-05
1.74e+00 3.51e-01 5.70e-01 8.00e-02 6.31e-01 6.23e-05 4.80e-02 6.28e-03 2.26e-03 6.98e-04 8.21e-05
1.69e+00 1.52e+00 6.37e-02 1.51e+00 6.45e-02 1.45e-05 2.12e-02 1.55e-03 7.08e-04 3.73e-04 3.83e-05
1.72e+00 1.70e+00 1.94e-02 1.69e+00 2.01e-02 1.79e-05 1.58e-04 2.76e-05 1.51e-05 7.03e-06 2.28e-06
1.72e+00 1.48e+00 1.19e-01 1.45e+00 1.24e-01 7.45e-06 3.24e-02 1.76e-03 6.96e-04 4.44e-04 6.00e-05
1.69e+00 2.49e-01 5.14e-01 7.00e-02 5.45e-01 1.31e-05 2.07e-03 4.08e-04 1.42e-04 7.08e-05 4.29e-06
1.74e+00 1.77e+00 1.15e-02 1.78e+00 1.28e-02 1.11e-07 1.16e-07 2.52e-06 9.76e-07 8.62e-07 1.52e-07
1.69e+00 1.77e+00 3.21e-02 1.78e+00 3.30e-02 2.31e-07 3.78e-07 4.86e-06 2.26e-06 1.49e-06 1.66e-07
1.73e+00 1.60e+00 1.80e-01 1.63e+00 1.82e-01 1.34e-05 2.03e-03 1.42e-04 6.05e-05 3.56e-05 3.56e-06
1.67e+00 1.26e+00 4.98e-02 1.26e+00 4.98e-02 2.14e-05 5.28e+00 4.30e-01 1.59e-01 9.48e-02 1.28e-02
1.73e+00 1.35e+00 1.43e-02 1.35e+00 1.46e-02 4.32e-33 1.30e-01 3.14e-02 1.80e-02 9.99e-03 1.40e-03
1.72e+00 1.23e+00 6.17e-01 7.00e-02 1.31e+00 3.75e-05 2.16e-02 7.21e-04 3.32e-04 1.94e-04 3.43e-05
1.71e+00 1.58e+00 1.08e-01 1.57e+00 1.08e-01 1.90e-05 3.69e-03 2.21e-04 9.39e-05 5.94e-05 6.90e-06
1.72e+00 1.75e+00 1.26e-02 1.75e+00 1.35e-02 1.72e-07 1.93e-07 5.94e-06 2.30e-06 2.18e-06 1.79e-07
1.74e+00 1.04e+00 1.04e-01 1.02e+00 1.06e-01 4.26e-08 3.81e+01 1.63e+00 6.71e-01 3.67e-01 4.19e-02
1.70e+00 1.37e+00 3.48e-02 1.37e+00 3.48e-02 9.42e-11 2.81e-01 2.59e-02 1.23e-02 7.65e-03 1.09e-03
1.72e+00 1.31e+00 6.07e-01 1.60e+00 6.72e-01 2.81e-05 2.41e-03 8.42e-05 4.21e-05 2.39e-05 3.41e-06
1.69e+00 1.58e+00 5.53e-02 1.56e+00 5.76e-02 5.66e-05 5.56e-03 4.03e-04 1.50e-04 1.19e-04 1.40e-05
1.72e+00 1.37e+00 9.26e-02 1.37e+00 9.28e-02 4.80e-06 3.27e-01 2.47e-02 1.22e-02 6.66e-03 9.52e-04
1.71e+00 1.66e+00 3.14e-02 1.65e+00 3.18e-02 1.95e-05 7.44e-04 8.58e-05 3.41e-05 2.06e-05 2.51e-06
1.68e+00 1.52e+00 4.22e-02 1.52e+00 4.22e-02 1.89e-06 1.38e-02 1.06e-03 4.92e-04 3.47e-04 4.41e-05
1.71e+00 1.69e+00 1.50e-02 1.69e+00 1.53e-02 8.91e-06 1.14e-04 2.91e-05 1.61e-05 9.94e-06 1.53e-06
1.71e+00 1.52e+00 3.16e-01 1.57e+00 3.20e-01 3.27e-05 2.95e-03 1.42e-04 5.61e-05 3.16e-05 4.39e-06
1.71e+00 1.74e+00 2.76e-02 1.75e+00 2.88e-02 7.88e-06 1.68e-05 1.12e-05 5.43e-06 3.07e-06 4.29e-07
1.70e+00 1.69e+00 6.46e-02 1.69e+00 6.48e-02 1.78e-05 1.28e-04 1.41e-05 6.13e-06 3.43e-06 4.51e-07
1.74e+00 1.54e+00 1.18e-01 1.54e+00 1.18e-01 9.94e-06 9.48e-03 4.40e-04 2.21e-04 1.22e-04 1.42e-05
1.74e+00 1.43e+00 2.66e-02 1.44e+00 2.75e-02 2.92e-10 5.81e-02 7.66e-03 3.69e-03 2.16e-03 2.70e-04
1.71e+00 1.73e+00 3.21e-02 1.72e+00 3.29e-02 1.42e-05 4.69e-05 1.39e-05 5.39e-06 4.04e-06 3.96e-07
1.69e+00 1.74e+00 2.93e-02 1.73e+00 2.98e-02 3.93e-06 7.42e-06 1.45e-05 5.01e-06 2.85e-06 5.40e-07
1.71e+00 1.09e+00 1.09e-01 1.02e+00 1.32e-01 4.61e-10 2.18e+01 9.88e-01 4.49e-01 2.54e-01 2.99e-02
1.72e+00 1.73e+00 2.44e-02 1.73e+00 2.44e-02 1.53e-05 4.24e-05 1.44e-05 6.76e-06 3.65e-06 5.44e-07
1.73e+00 1.17e+00 1.25e-01 1.15e+00 1.27e-01 2.11e-05 6.03e-01 4.79e-02 1.03e-02 5.46e-03 6.43e-04
1.70e+00 1.45e+00 1.08e-02 1.45e+00 1.08e-02 7.44e-19 1.72e-02 6.96e-03 3.53e-03 3.53e-03 3.15e-04
1.73e+00 1.02e+00 3.31e-02 1.01e+00 3.36e-02 1.23e-12 3.64e+01 5.84e+00 2.27e+00 1.12e+00 1.36e-01
1.73e+00 1.75e+00 2.38e-02 1.75e+00 2.38e-02 6.95e-06 1.51e-05 9.23e-06 4.87e-06 2.47e-06 3.44e-07
1.71e+00 1.76e+00 2.97e-02 1.75e+00 3.31e-02 1.30e-06 2.25e-06 6.93e-06 2.67e-06 1.43e-06 2.71e-07
1.68e+00 1.77e+00 3.16e-02 1.75e+00 3.52e-02 2.06e-07 3.21e-07 6.10e-06 2.51e-06 1.52e-06 2.64e-07
1.75e+00 1.70e+00 1.63e-02 1.71e+00 1.73e-02 1.31e-06 9.18e-05 2.11e-05 7.76e-06 6.25e-06 6.47e-07
1.68e+00 1.73e+00 1.72e-02 1.73e+00 1.72e-02 9.35e-08 1.04e-07 1.19e-05 6.73e-06 2.75e-06 7.95e-07
1.69e+00 1.40e+00 2.74e-01 1.39e+00 2.74e-01 6.46e-05 5.08e-02 2.48e-03 8.56e-04 5.14e-04 6.85e-05
1.70e+00 1.46e+00 2.56e-02 1.46e+00 2.58e-02 1.64e-12 3.65e-02 5.40e-03 2.42e-03 1.18e-03 2.11e-04
1.73e+00 1.54e+00 6.08e-02 1.55e+00 6.15e-02 3.50e-06 9.08e-03 4.85e-04 2.38e-04 1.46e-04 2.22e-05
1.69e+00 1.45e+00 3.52e-02 1.45e+00 3.52e-02 3.56e-07 4.83e-02 6.41e-03 2.11e-03 1.17e-03 1.46e-04
1.72e+00 1.16e+00 1.56e-01 1.16e+00 1.56e-01 2.09e-06 5.16e-01 3.08e-02 1.18e-02 6.00e-03 8.27e-04
1.69e+00 1.52e+00 1.21e-01 1.53e+00 1.21e-01 2.90e-05 2.07e-02 1.66e-03 5.09e-04 3.11e-04 3.77e-05
1.71e+00 1.80e+00 3.26e-02 1.79e+00 3.32e-02 4.81e-08 6.97e-08 2.52e-06 1.14e-06 5.78e-07 8.89e-08
1.72e+00 1.77e+00 2.40e-02 1.78e+00 2.60e-02 9.65e-07 1.51e-06 5.41e-06 2.80e-06 1.51e-06 2.57e-07
1.73e+00 1.19e+00 7.42e-02 1.17e+00 7.67e-02 1.87e-06 5.82e+00 3.12e-01 1.09e-01 6.33e-02 9.05e-03
1.73e+00 1.34e+00 2.18e-01 1.36e+00 2.19e-01 9.79e-06 3.34e-01 2.37e-02 1.04e-02 5.58e-03 7.15e-04
1.74e+00 1.76e+00 1.23e-02 1.75e+00 1.65e-02 7.59e-07 8.55e-07 4.38e-06 3.25e-06 1.83e-06 3.52e-07
1.69e+00 1.43e+00 3.14e-01 1.44e+00 3.15e-01 2.39e-05 1.55e-03 1.07e-04 2.82e-05 1.11e-05 1.71e-06
1.75e+00 1.76e+00 2.25e-02 1.75e+00 2.32e-02 9.44e-06 2.50e-05 7.03e-06 4.56e-06 2.66e-06 3.33e-07
1.71e+00 1.40e+00 5.73e-02 1.39e+00 5.79e-02 5.56e-06 3.47e-01 2.84e-02 1.30e-02 7.58e-03 7.77e-04
1.73e+00 1.06e+00 2.13e-02 1.05e+00 2.26e-02 5.11e-17 2.55e+01 4.34e+00 2.43e+00 2.01e+00 1.29e-01
1.73e+00 1.32e+00 3.23e-02 1.31e+00 3.32e-02 4.73e-32 1.39e+00 1.55e-01 7.06e-02 3.27e-02 4.31e-03
1.72e+00 1.73e+00 1.11e-02 1.73e+00 1.18e-02 3.53e-06 4.06e-06 6.72e-06 4.44e-06 3.40e-06 4.29e-07
1.69e+00 1.42e+00 4.03e-02 1.44e+00 4.71e-02 5.23e-08 7.60e-02 7.72e-03 2.83e-03 1.46e-03 2.28e-04
1.71e+00 1.79e+00 2.57e-02 1.78e+00 2.64e-02 6.12e-08 7.96e-08 4.08e-06 2.04e-06 1.07e-06 1.61e-07
1.72e+00 1.70e+00 2.72e-02 1.70e+00 2.72e-02 2.97e-05 1.95e-04 2.89e-05 1.20e-05 7.08e-06 1.09e-06
1.68e+00 1.31e+00 6.26e-02 1.32e+00 6.40e-02 3.46e-07 9.92e-01 5.24e-02 2.05e-02 1.32e-02 1.74e-03
1.72e+00 1.32e+00 6.93e-01 1.71e+00 7.94e-01 1.27e-05 1.90e-04 9.81e-06 4.60e-06 2.50e-06 4.06e-07
1.74e+00 1.11e+00 1.81e-01 1.03e+00 1.98e-01 1.51e-05 8.56e-02 7.67e-03 3.21e-03 1.30e-03 1.13e-04
1.73e+00 1.80e+00 1.30e-02 1.80e+00 1.31e-02 3.68e-14 3.69e-14 1.23e-06 6.85e-07 4.41e-07 1.15e-07
1.68e+00 1.62e+00 6.14e-02 1.63e+00 6.17e-02 6.58e-05 1.33e-03 9.89e-05 4.89e-05 2.90e-05 3.62e-06
1.69e+00 1.65e+00 8.32e-02 1.66e+00 8.37e-02 3.43e-05 4.86e-04 3.31e-05 1.41e-05 8.84e-06 1.26e-06
1.72e+00 1.36e+00 5.46e-02 1.36e+00 5.46e-02 3.44e-07 4.05e-01 2.40e-02 1.17e-02 6.32e-03 9.24e-04
1.72e+00 1.35e+00 6.06e-02 1.34e+00 6.10e-02 6.43e-07 5.06e-01 2.91e-02 1.25e-02 8.09e-03 1.16e-03
1.69e+00 1.44e+00 2.10e-02 1.44e+00 2.11e-02 1.19e-10 4.44e-02 7.77e-03 3.21e-03 2.17e-03 2.26e-04
1.70e+00 1.35e+00 9.41e-03 1.35e+00 1.04e-02 3.40e-83 5.67e-02 2.11e-02 7.96e-03 7.96e-03 7.43e-04
1.74e+00 1.77e+00 5.78e-02 1.77e+00 5.78e-02 2.87e-06 9.75e-06 3.37e-06 1.40e-06 8.78e-07 1.17e-07
1.73e+00 1.66e+00 3.84e-02 1.66e+00 3.84e-02 1.05e-05 6.23e-04 5.51e-05 2.51e-05 1.27e-05 1.72e-06
1.74e+00 1.77e+00 1.22e-02 1.77e+00 1.22e-02 5.47e-08 5.75e-08 2.57e-06 1.16e-06 1.16e-06 1.05e-07
1.74e+00 1.77e+00 1.85e-02 1.77e+00 1.88e-02 1.25e-06 1.82e-06 4.24e-06 2.28e-06 1.81e-06 2.14e-07
1.69e+00 1.54e+00 6.51e-02 1.53e+00 6.57e-02 2.42e-05 9.96e-03 5.79e-04 2.45e-04 1.56e-04 2.49e-05
1.68e+00 1.73e+00 2.79e-02 1.72e+00 3.00e-02 3.34e-06 5.78e-06 1.36e-05 6.00e-06 3.67e-06 5.84e-07
1.71e+00 1.76e+00 3.45e-02 1.75e+00 3.65e-02 2.75e-06 6.20e-06 5.64e-06 2.39e-06 1.63e-06 2.08e-07
1.71e+00 1.38e+00 5.65e-02 1.36e+00 5.86e-02 5.69e-07 3.30e-01 2.69e-02 1.04e-02 6.37e-03 9.56e-04
1.72e+00 1.40e+00 4.07e-01 1.45e+00 4.10e-01 9.55e-06 2.14e-03 1.15e-04 3.44e-05 2.10e-05 2.86e-06
1.69e+00 1.73e+00 3.57e-02 1.72e+00 3.76e-02 5.84e-06 1.44e-05 1.15e-05 4.80e-06 2.87e-06 4.00e-07
1.70e+00 1.76e+00 3.10e-02 1.75e+00 3.38e-02 9.40e-07 1.67e-06 6.57e-06 3.00e-06 1.71e-06 2.28e-07
1.68e+00 1.45e+00 3.19e-02 1.45e+00 3.22e-02 6.44e-09 5.55e-02 6.46e-03 2.38e-03 1.41e-03 1.86e-04
1.71e+00 1.51e+00 1.49e-01 1.53e+00 1.50e-01 1.39e-05 1.63e-02 9.01e-04 3.88e-04 2.40e-04 2.28e-05
1.70e+00 1.55e+00 3.40e-02 1.53e+00 3.81e-02 6.30e-07 8.35e-03 8.72e-04 4.05e-04 2.08e-04 3.11e-05
1.70e+00 1.77e+00 3.51e-02 1.76e+00 3.58e-02 5.93e-07 1.13e-06 4.14e-06 2.27e-06 1.41e-06 2.08e-07
1.70e+00 1.10e+00 5.47e-01 1.37e+00 6.08e-01 7.46e-05 1.48e-01 6.98e-03 2.76e-03 1.68e-03 1.36e-04
1.72e+00 1.72e+00 1.56e-02 1.72e+00 1.56e-02 1.36e-05 3.74e-05 1.18e-05 5.76e-06 5.76e-06 4.43e-07
1.69e+00 1.80e+00 1.87e-02 1.80e+00 1.87e-02 6.49e-15 6.63e-15 2.45e-06 1.78e-06 8.05e-07 1.28e-07
1.72e+00 1.68e+00 4.38e-02 1.68e+00 4.40e-02 2.35e-05 3.93e-04 3.48e-05 1.65e-05 8.59e-06 1.07e-06
1.68e+00 1.46e+00 1.39e-02 1.45e+00 1.57e-02 7.41e-14 2.13e-02 6.17e-03 2.75e-03 1.42e-03 4.85e-04
1.71e+00 1.77e+00 2.33e-02 1.78e+00 2.49e-02 3.20e-07 4.33e-07 5.64e-06 2.59e-06 1.57e-06 1.92e-07
1.70e+00 1.62e+00 5.66e-02 1.62e+00 5.67e-02 1.71e-05 1.33e-03 1.06e-04 4.86e-05 3.09e-05 2.63e-06
1.71e+00 1.30e+00 1.12e-02 1.30e+00 1.13e-02 4.78e-27 2.17e-01 6.07e-02 4.63e-02 1.77e-02 2.64e-03
1.74e+00 1.09e+00 3.34e-02 1.08e+00 3.45e-02 6.06e-08 2.79e+01 3.23e+00 1.63e+00 1.01e+00 7.74e-02
1.69e+00 1.65e+00 4.34e-02 1.65e+00 4.35e-02 1.82e-05 4.30e-04 4.93e-05 1.92e-05 1.10e-05 1.13e-06
1.73e+00 1.82e+00 7.99e-03 1.82e+00 8.06e-03 6.41e-31 6.41e-31 8.80e-07 3.45e-07 1.99e-07 3.98e-08
1.70e+00 6.10e-01 6.56e-01 8.00e-02 8.44e-01 1.17e-04 1.21e-01 1.29e-02 2.96e-03 1.97e-03 1.79e-04
1.69e+00 1.52e+00 4.02e-02 1.51e+00 4.10e-02 2.62e-06 2.06e-02 1.76e-03 7.38e-04 4.20e-04 5.68e-05
1.72e+00 1.66e+00 1.87e-02 1.66e+00 1.88e-02 3.61e-07 3.94e-04 8.07e-05 4.22e-05 1.94e-05 3.38e-06
1.73e+00 1.56e+00 6.85e-02 1.56e+00 6.86e-02 1.65e-06 6.34e-03 4.64e-04 1.95e-04 1.02e-04 1.70e-05
1.73e+00 1.35e+00 1.70e-01 1.37e+00 1.72e-01 9.89e-06 3.65e-01 2.14e-02 9.41e-03 5.92e-03 6.72e-04
1.69e+00 1.40e+00 3.89e-02 1.40e+00 3.90e-02 4.64e-08 1.70e-01 1.35e-02 6.12e-03 4.05e-03 4.31e-04
1.72e+00 1.59e+00 5.26e-02 1.57e+00 5.65e-02 9.09e-06 2.84e-03 1.75e-04 7.24e-05 4.62e-05 6.30e-06
1.71e+00 7.96e-01 8.34e-01 6.00e-02 1.11e+00 5.64e-06 1.35e-04 1.27e-05 4.86e-06 2.26e-06 3.47e-07
1.72e+00 1.74e+00 4.33e-02 1.75e+00 4.38e-02 6.33e-06 2.51e-05 5.58e-06 2.39e-06 1.45e-06 1.81e-07
1.70e+00 1.74e+00 3.66e-02 1.74e+00 3.66e-02 7.22e-06 1.99e-05 9.86e-06 4.48e-06 2.87e-06 4.18e-07
1.74e+00 1.88e+00 9.46e-03 1.88e+00 9.57e-03 8.45e-95 8.45e-95 1.69e-07 9.01e-08 9.01e-08 3.48e-08
1.71e+00 1.76e+00 2.41e-02 1.75e+00 2.56e-02 1.80e-06 2.83e-06 7.73e-06 3.89e-06 1.99e-06 4.49e-07
1.69e+00 1.16e+00 6.92e-01 1.56e+00 7.99e-01 8.40e-05 6.30e-03 2.83e-04 1.26e-04 7.61e-05 1.24e-05
1.73e+00 1.68e+00 2.00e-02 1.68e+00 2.01e-02 2.41e-06 2.38e-04 4.04e-05 1.74e-05 1.42e-05 1.47e-06
1.69e+00 1.76e+00 2.35e-02 1.75e+00 2.48e-02 6.77e-08 8.44e-08 7.15e-06 3.34e-06 2.59e-06 3.29e-07
1.72e+00 1.54e+00 1.05e-01 1.53e+00 1.06e-01 1.74e-05 1.03e-02 6.05e-04 2.28e-04 1.50e-04 1.63e-05
1.73e+00 1.74e+00 2.77e-02 1.75e+00 2.84e-02 1.08e-05 2.95e-05 1.03e-05 5.40e-06 3.16e-06 4.61e-07
1.69e+00 1.79e+00 7.28e-03 1.79e+00 7.73e-03 7.27e-53 7.27e-53 1.89e-06 1.51e-06 1.51e-06 6.63e-08
1.73e+00 1.45e+00 4.02e-02 1.44e+00 4.09e-02 3.04e-06 5.31e-02 6.88e-03 2.55e-03 1.66e-03 1.21e-04
1.70e+00 1.53e+00 7.32e-02 1.53e+00 7.32e-02 1.65e-05 1.70e-02 1.18e-03 4.79e-04 2.83e-04 3.63e-05
1.68e+00 1.57e+00 1.14e-01 1.56e+00 1.15e-01 6.62e-05 4.46e-03 2.60e-04 1.12e-04 6.67e-05 8.34e-06
1.73e+00 1.80e+00 1.13e-02 1.81e+00 1.24e-02 2.54e-21 2.54e-21 1.13e-06 5.95e-07 5.95e-07 6.24e-08
1.68e+00 1.80e+00 1.59e-02 1.79e+00 1.74e-02 6.28e-19 6.30e-19 2.55e-06 2.07e-06 1.23e-06 1.03e-07
1.68e+00 1.28e+00 5.29e-02 1.30e+00 5.80e-02 7.02e-09 5.12e-01 7.36e-02 2.66e-02 1.64e-02 2.66e-03
1.72e+00 1.64e+00 4.65e-02 1.65e+00 4.87e-02 1.39e-05 9.98e-04 7.10e-05 3.42e-05 1.86e-05 2.22e-06
1.69e+00 1.18e+00 7.62e-02 1.15e+00 8.14e-02 1.12e-04 6.74e+00 5.76e-01 1.81e-01 7.29e-02 1.04e-02
1.70e+00 1.42e+00 2.11e-02 1.42e+00 2.16e-02 2.07e-18 7.09e-02 1.10e-02 6.09e-03 3.72e-03 6.09e-04
1.71e+00 1.74e+00 1.39e-02 1.74e+00 1.39e-02 9.57e-07 1.11e-06 6.24e-06 3.33e-06 2.20e-06 6.39e-07
1.70e+00 1.72e+00 9.03e-03 1.72e+00 9.35e-03 1.98e-06 2.15e-06 1.07e-05 3.83e-06 3.83e-06 3.77e-07
1.68e+00 1.76e+00 2.95e-02 1.75e+00 3.16e-02 1.83e-07 2.73e-07 6.17e-06 2.87e-06 1.65e-06 2.68e-07
1.71e+00 1.08e+00 8.14e-01 6.00e-02 1.31e+00 1.06e-05 1.47e-04 1.13e-05 5.52e-06 2.44e-06 5.02e-07
1.72e+00 1.59e+00 4.93e-02 1.60e+00 4.95e-02 5.26e-06 2.96e-03 2.01e-04 8.95e-05 4.85e-05 6.22e-06
1.73e+00 1.72e+00 2.47e-02 1.72e+00 2.51e-02 1.96e-05 1.28e-04 2.11e-05 9.66e-06 4.96e-06 7.83e-07
1.72e+00 1.68e+00 2.95e-02 1.68e+00 2.98e-02 2.04e-05 3.61e-04 4.50e-05 2.60e-05 1.53e-05 2.14e-06
1.68e+00 1.59e+00 4.41e-02 1.58e+00 4.57e-02 3.99e-05 2.93e-03 2.08e-04 1.15e-04 6.18e-05 8.83e-06
1.68e+00 1.50e+00 7.01e-02 1.45e+00 8.68e-02 5.67e-05 1.78e-02 1.42e-03 4.43e-04 2.69e-04 3.85e-05
1.72e+00 1.57e+00 1.35e-01 1.56e+00 1.35e-01 2.15e-05 4.10e-03 2.56e-04 1.09e-04 6.29e-05 6.13e-06
1.70e+00 1.43e+00 4.86e-02 1.39e+00 6.14e-02 3.93e-08 7.02e-02 5.07e-03 2.57e-03 1.43e-03 2.50e-04
1.74e+00 1.57e+00 7.77e-02 1.56e+00 7.88e-02 8.55e-06 5.36e-03 3.35e-04 1.61e-04 9.32e-05 1.27e-05
1.72e+00 1.62e+00 3.92e-02 1.63e+00 3.95e-02 5.45e-06 1.44e-03 1.10e-04 5.73e-05 3.65e-05 6.45e-06
1.71e+00 1.71e+00 3.75e-02 1.71e+00 3.75e-02 2.16e-05 1.03e-04 1.83e-05 8.39e-06 5.63e-06 5.52e-07
1.73e+00 1.55e+00 5.03e-02 1.55e+00 5.04e-02 2.96e-06 7.97e-03 5.03e-04 2.17e-04 1.49e-04 2.27e-05
1.72e+00 1.06e+00 2.93e-02 1.05e+00 3.08e-02 8.65e-09 3.20e+01 4.01e+00 1.73e+00 9.01e-01 1.35e-01
1.74e+00 1.30e+00 2.31e-02 1.30e+00 2.31e-02 6.64e-14 4.66e-01 7.92e-02 3.31e-02 2.60e-02 2.24e-03
1.70e+00 1.61e+00 1.05e-01 1.57e+00 1.11e-01 5.01e-06 4.98e-04 3.03e-05 1.35e-05 7.85e-06 7.47e-07
1.73e+00 1.59e+00 8.07e-02 1.57e+00 8.24e-02 9.12e-06 2.94e-03 1.73e-04 7.76e-05 5.53e-05 5.31e-06
1.72e+00 1.55e+00 5.20e-02 1.56e+00 5.25e-02 3.89e-06 7.29e-03 4.66e-04 1.87e-04 1.06e-04 1.44e-05
1.72e+00 1.42e+00 4.38e-02 1.42e+00 4.39e-02 4.44e-09 1.23e-01 9.62e-03 3.89e-03 2.06e-03 2.29e-04
1.72e+00 1.34e+00 4.81e-01 1.51e+00 5.10e-01 1.81e-05 2.55e-02 1.10e-03 4.43e-04 2.40e-04 3.00e-05
1.69e+00 1.37e+00 5.31e-02 1.37e+00 5.31e-02 2.13e-06 3.21e-01 2.30e-02 1.11e-02 6.88e-03 6.88e-04
1.73e+00 1.41e+00 3.69e-02 1.42e+00 3.83e-02 5.92e-07 1.09e-01 1.15e-02 4.18e-03 2.88e-03 4.79e-04
1.73e+00 1.70e+00 1.81e-02 1.70e+00 1.82e-02 5.88e-06 1.22e-04 2.28e-05 1.39e-05 7.86e-06 1.07e-06
1.70e+00 1.65e+00 5.65e-02 1.66e+00 5.69e-02 3.43e-05 5.25e-04 3.60e-05 1.70e-05 1.00e-05 1.39e-06
1.71e+00 1.40e+00 1.83e-01 1.42e+00 1.85e-01 2.18e-05 8.27e-02 6.96e-03 2.70e-03 1.74e-03 1.37e-04
1.72e+00 1.66e+00 3.84e-02 1.66e+00 3.84e-02 2.08e-05 6.28e-04 5.83e-05 2.66e-05 1.84e-05 2.16e-06
1.74e+00 1.78e+00 2.41e-02 1.78e+00 2.44e-02 2.68e-06 4.77e-06 5.00e-06 2.10e-06 1.88e-06 2.23e-07
1.76e+00 1.77e+00 2.15e-02 1.76e+00 2.22e-02 5.86e-06 1.61e-05 5.66e-06 3.11e-06 1.51e-06 2.07e-07
1.80e+00 1.64e+00 9.16e-02 1.65e+00 9.18e-02 2.42e-06 8.59e-04 4.69e-05 2.25e-05 1.20e-05 1.30e-06
1.74e+00 1.77e+00 2.14e-02 1.78e+00 2.31e-02 3.14e-06 5.32e-06 5.39e-06 2.36e-06 2.14e-06 1.91e-07
1.74e+00 1.74e+00 4.21e-02 1.75e+00 4.24e-02 6.98e-06 3.85e-05 5.51e-06 2.70e-06 1.37e-06 2.16e-07
1.77e+00 1.68e+00 3.20e-02 1.68e+00 3.20e-02 1.03e-06 4.19e-04 4.34e-05 2.31e-05 1.43e-05 1.65e-06
1.77e+00 4.40e-01 6.43e-01 7.00e-02 7.42e-01 1.24e-05 1.47e-02 2.07e-03 8.21e-04 2.09e-04 2.61e-05
1.73e+00 1.55e+00 4.02e-02 1.54e+00 4.17e-02 2.51e-07 8.58e-03 7.10e-04 2.69e-04 1.99e-04 2.21e-05
1.73e+00 1.70e+00 4.30e-02 1.70e+00 4.30e-02 1.91e-05 2.56e-04 3.21e-05 1.42e-05 9.13e-06 7.31e-07
1.75e+00 1.44e+00 2.54e-02 1.44e+00 2.57e-02 4.18e-07 3.90e-02 7.90e-03 3.91e-03 1.81e-03 1.21e-04
1.75e+00 1.50e+00 1.19e-01 1.45e+00 1.29e-01 2.12e-06 4.77e-04 8.33e-05 1.65e-05 6.34e-06 8.46e-07
1.78e+00 1.54e+00 3.79e-02 1.53e+00 3.91e-02 2.77e-09 1.11e-02 1.02e-03 5.18e-04 2.98e-04 3.89e-05
1.75e+00 1.79e+00 2.73e-02 1.78e+00 2.80e-02 2.44e-06 4.83e-06 3.99e-06 2.17e-06 1.10e-06 1.79e-07
1.78e+00 1.57e+00 3.94e-02 1.56e+00 4.16e-02 8.51e-09 5.24e-03 4.43e-04 2.30e-04 1.36e-04 1.42e-05
1.79e+00 1.69e+00 3.00e-02 1.69e+00 3.01e-02 2.32e-07 3.37e-04 3.59e-05 1.71e-05 1.04e-05 1.38e-06
1.74e+00 1.56e+00 3.69e-02 1.56e+00 3.69e-02 6.54e-08 7.03e-03 6.79e-04 2.99e-04 1.78e-04 2.43e-05
1.80e+00 1.42e+00 1.98e-01 1.28e+00 2.40e-01 4.91e-06 1.94e-02 1.06e-03 3.68e-04 2.26e-04 2.26e-05
1.74e+00 1.64e+00 3.69e-02 1.65e+00 3.73e-02 1.63e-06 1.03e-03 1.14e-04 4.49e-05 2.73e-05 3.25e-06
1.79e+00 1.72e+00 1.92e-02 1.72e+00 1.93e-02 2.82e-08 9.79e-05 1.94e-05 7.13e-06 5.43e-06 7.45e-07
1.75e+00 1.57e+00 5.54e-02 1.56e+00 5.57e-02 6.77e-07 4.86e-03 2.90e-04 1.17e-04 7.70e-05 1.28e-05
1.76e+00 1.77e+00 1.70e-02 1.78e+00 1.80e-02 2.35e-06 4.28e-06 3.27e-06 1.66e-06 1.02e-06 1.32e-07
1.74e+00 1.71e+00 2.75e-02 1.71e+00 2.76e-02 1.59e-05 1.72e-04 2.23e-05 1.16e-05 6.36e-06 7.23e-07
1.74e+00 1.47e+00 5.26e-02 1.45e+00 5.52e-02 5.49e-07 6.75e-02 4.22e-03 1.72e-03 1.09e-03 1.72e-04
1.77e+00 1.78e+00 1.82e-02 1.78e+00 1.84e-02 3.55e-06 7.34e-06 4.23e-06 1.88e-06 1.06e-06 2.06e-07
1.75e+00 1.76e+00 3.81e-02 1.75e+00 3.85e-02 6.42e-06 3.20e-05 5.07e-06 2.12e-06 1.36e-06 1.99e-07
1.75e+00 1.61e+00 3.85e-01 1.71e+00 3.96e-01 9.70e-06 1.62e-04 1.17e-05 4.88e-06 2.48e-06 3.00e-07
1.76e+00 1.79e+00 9.85e-03 1.78e+00 1.15e-02 4.60e-08 5.07e-08 2.29e-06 1.94e-06 6.80e-07 6.91e-08
1.78e+00 1.79e+00 1.66e-02 1.79e+00 1.72e-02 3.41e-06 6.40e-06 3.10e-06 1.30e-06 1.03e-06 1.13e-07
1.77e+00 1.17e+00 3.32e-02 1.18e+00 3.39e-02 3.36e-15 2.11e+01 2.12e+00 1.07e+00 5.61e-01 8.73e-02
1.74e+00 1.81e+00 1.13e-02 1.81e+00 1.13e-02 7.49e-15 7.49e-15 8.76e-07 5.67e-07 2.58e-07 4.05e-08
1.74e+00 1.35e+00 6.35e-01 1.68e+00 7.16e-01 1.16e-05 4.70e-04 1.70e-05 7.44e-06 4.65e-06 8.14e-07
1.74e+00 1.70e+00 5.73e-02 1.71e+00 5.79e-02 1.22e-05 1.63e-04 1.44e-05 6.30e-06 3.24e-06 4.38e-07
1.79e+00 1.67e+00 3.34e-02 1.68e+00 3.38e-02 1.14e-07 4.52e-04 4.85e-05 2.21e-05 1.28e-05 1.70e-06
1.77e+00 1.52e+00 6.68e-02 1.51e+00 6.72e-02 9.59e-07 2.10e-02 1.27e-03 5.70e-04 2.93e-04 3.96e-05
1.74e+00 1.53e+00 3.63e-02 1.53e+00 3.66e-02 4.32e-09 1.28e-02 1.17e-03 6.14e-04 2.78e-04 4.39e-05
1.77e+00 1.73e+00 3.25e-02 1.73e+00 3.27e-02 6.05e-06 1.02e-04 1.23e-05 4.79e-06 2.97e-06 4.72e-07
1.74e+00 1.63e+00 5.90e-02 1.64e+00 5.94e-02 1.21e-05 9.88e-04 5.77e-05 2.54e-05 1.51e-05 2.21e-06
1.78e+00 1.75e+00 4.15e-02 1.75e+00 4.15e-02 4.87e-06 5.14e-05 5.25e-06 2.33e-06 1.40e-06 1.99e-07
1.74e+00 1.51e+00 6.06e-02 1.49e+00 6.32e-02 1.62e-06 3.84e-03 2.59e-04 1.12e-04 6.39e-05 7.44e-06
1.75e+00 1.71e+00 2.47e-02 1.71e+00 2.48e-02 8.21e-06 1.71e-04 2.53e-05 1.33e-05 6.77e-06 8.83e-07
1.79e+00 1.81e+00 1.40e-02 1.82e+00 1.52e-02 1.51e-07 1.84e-07 1.05e-06 4.26e-07 2.42e-07 5.26e-08
1.79e+00 1.79e+00 3.08e-02 1.78e+00 3.16e-02 4.31e-06 1.97e-05 3.60e-06 1.45e-06 9.07e-07 1.59e-07
1.75e+00 1.60e+00 4.73e-02 1.60e+00 4.74e-02 1.43e-06 2.20e-03 1.44e-04 6.87e-05 3.98e-05 5.93e-06
1.77e+00 1.60e+00 5.33e-02 1.58e+00 5.62e-02 1.36e-06 2.65e-03 1.51e-04 7.73e-05 4.84e-05 7.45e-06
1.75e+00 7.15e-01 7.62e-01 7.00e-02 9.99e-01 1.20e-05 2.62e-03 2.34e-04 5.54e-05 2.08e-05 3.47e-06
1.75e+00 1.76e+00 2.15e-02 1.75e+00 2.32e-02 8.85e-06 2.07e-05 6.73e-06 3.39e-06 1.78e-06 2.23e-07
1.74e+00 1.07e+00 3.64e-02 1.07e+00 3.66e-02 1.32e-08 3.20e+01 3.40e+00 1.90e+00 9.39e-01 1.34e-01
1.77e+00 1.54e+00 7.09e-02 1.56e+00 7.30e-02 1.03e-06 6.73e-03 2.95e-04 1.51e-04 8.88e-05 1.65e-05
1.74e+00 2.48e-01 4.69e-01 8.00e-02 4.98e-01 3.79e-05 6.18e-02 8.55e-03 2.80e-03 1.56e-03 1.08e-04
1.74e+00 1.78e+00 3.05e-02 1.78e+00 3.05e-02 2.44e-06 5.13e-06 4.41e-06 2.07e-06 1.27e-06 1.38e-07
1.74e+00 1.49e+00 5.44e-02 1.45e+00 7.00e-02 9.24e-07 2.67e-02 1.77e-03 8.95e-04 4.87e-04 5.66e-05
1.76e+00 1.67e+00 2.82e-02 1.67e+00 2.83e-02 7.35e-07 4.87e-04 5.64e-05 2.79e-05 1.64e-05 2.09e-06
1.76e+00 1.82e+00 8.96e-03 1.82e+00 1.02e-02 7.84e-15 7.85e-15 8.64e-07 6.38e-07 1.82e-07 3.91e-08
1.74e+00 1.78e+00 1.24e-02 1.78e+00 1.32e-02 2.03e-08 2.12e-08 2.59e-06 1.12e-06 1.00e-06 2.61e-07
1.75e+00 1.78e+00 1.45e-02 1.78e+00 1.45e-02 2.69e-07 3.01e-07 3.41e-06 1.01e-06 9.77e-07 1.20e-07
1.75e+00 1.73e+00 1.48e-02 1.72e+00 1.76e-02 8.31e-06 4.82e-05 1.31e-05 6.34e-06 6.28e-06 4.05e-07
1.78e+00 1.62e+00 4.64e-02 1.63e+00 4.75e-02 2.88e-07 1.50e-03 9.79e-05 4.77e-05 2.94e-05 3.67e-06
1.78e+00 1.73e+00 4.51e-02 1.72e+00 4.63e-02 5.17e-06 8.74e-05 7.23e-06 3.57e-06 1.83e-06 2.75e-07
1.74e+00 1.69e+00 7.46e-02 1.68e+00 7.55e-02 4.25e-06 1.83e-04 1.69e-05 4.96e-06 2.48e-06 4.96e-07
1.79e+00 1.79e+00 1.78e-02 1.78e+00 1.95e-02 2.92e-06 9.89e-06 3.15e-06 1.37e-06 6.93e-07 2.31e-07
1.75e+00 1.75e+00 3.19e-02 1.75e+00 3.19e-02 1.06e-05 4.57e-05 8.61e-06 4.30e-06 2.67e-06 3.81e-07
1.76e+00 1.09e+00 7.09e-02 1.11e+00 7.47e-02 1.97e-07 1.24e+01 7.80e-01 3.64e-01 1.47e-01 1.89e-02
1.77e+00 1.49e+00 3.71e-02 1.48e+00 3.77e-02 4.07e-11 3.14e-02 2.85e-03 1.08e-03 7.47e-04 8.69e-05
1.77e+00 1.39e+00 3.54e-01 1.45e+00 3.60e-01 8.08e-06 1.42e-02 8.08e-04 2.39e-04 1.50e-04 1.67e-05
1.79e+00 1.84e+00 1.06e-02 1.84e+00 1.12e-02 1.36e-16 1.36e-16 4.53e-07 3.77e-07 2.75e-07 2.75e-07
1.77e+00 1.77e+00 1.64e-02 1.78e+00 1.81e-02 3.71e-06 9.13e-06 3.82e-06 2.16e-06 2.16e-06 1.31e-07
1.78e+00 1.78e+00 1.57e-02 1.78e+00 1.63e-02 2.82e-06 8.50e-06 2.46e-06 1.65e-06 7.41e-07 1.81e-07
1.76e+00 1.64e+00 4.25e-02 1.65e+00 4.37e-02 7.01e-07 9.16e-04 7.01e-05 3.17e-05 1.95e-05 2.26e-06
1.78e+00 1.43e+00 1.43e-02 1.42e+00 1.52e-02 3.94e-17 4.48e-02 1.15e-02 6.69e-03 2.81e-03 4.18e-04
1.76e+00 1.50e+00 3.93e-02 1.50e+00 3.94e-02 3.97e-09 2.91e-02 2.76e-03 1.12e-03 6.40e-04 9.15e-05
1.75e+00 1.40e+00 3.02e-01 1.44e+00 3.06e-01 5.81e-06 5.46e-03 6.72e-04 2.59e-04 1.21e-04 8.62e-06
1.76e+00 1.73e+00 2.38e-02 1.73e+00 2.40e-02 7.80e-06 8.66e-05 1.46e-05 6.27e-06 3.25e-06 4.65e-07
1.78e+00 1.07e+00 7.60e-01 7.00e-02 1.26e+00 4.18e-06 1.29e-03 6.52e-05 2.28e-05 1.53e-05 2.19e-06
1.78e+00 1.66e+00 4.22e-02 1.66e+00 4.22e-02 8.38e-07 6.05e-04 4.84e-05 2.20e-05 1.31e-05 1.48e-06
1.77e+00 1.60e+00 4.02e-02 1.60e+00 4.03e-02 3.32e-08 2.49e-03 1.91e-04 9.45e-05 5.70e-05 6.83e-06
1.77e+00 1.48e+00 1.89e-01 1.45e+00 1.91e-01 6.44e-06 2.24e-02 1.01e-03 5.21e-04 2.61e-04 3.52e-05
1.78e+00 1.66e+00 3.03e-02 1.66e+00 3.06e-02 2.18e-08 5.74e-04 6.97e-05 2.38e-05 1.46e-05 2.68e-06
1.75e+00 1.51e+00 1.19e-01 1.45e+00 1.32e-01 4.52e-07 2.65e-04 2.78e-05 7.61e-06 3.90e-06 3.54e-07
1.78e+00 1.66e+00 3.63e-02 1.67e+00 3.67e-02 2.29e-07 5.68e-04 5.22e-05 2.59e-05 1.23e-05 2.27e-06
1.78e+00 1.63e+00 4.45e-02 1.65e+00 4.75e-02 2.19e-07 1.07e-03 7.65e-05 3.18e-05 1.99e-05 3.32e-06
1.77e+00 1.76e+00 3.20e-02 1.75e+00 3.43e-02 6.20e-06 3.72e-05 5.86e-06 3.02e-06 1.77e-06 2.08e-07
1.76e+00 1.51e+00 6.88e-02 1.50e+00 7.00e-02 1.00e-06 2.20e-02 1.19e-03 5.63e-04 3.47e-04 3.85e-05
1.76e+00 1.25e+00 3.48e-02 1.24e+00 3.59e-02 1.69e-12 2.07e+00 1.88e-01 9.42e-02 5.37e-02 5.96e-03
1.76e+00 1.62e+00 5.05e-02 1.62e+00 5.06e-02 1.32e-06 1.53e-03 9.18e-05 4.42e-05 3.10e-05 4.01e-06
1.79e+00 4.31e-01 6.70e-01 7.00e-02 7.61e-01 1.09e-05 6.42e-03 7.87e-04 2.93e-04 9.23e-05 1.09e-05
1.77e+00 1.78e+00 2.27e-02 1.78e+00 2.27e-02 4.16e-06 1.13e-05 4.11e-06 2.28e-06 1.00e-06 2.01e-07
1.79e+00 1.78e+00 3.13e-02 1.78e+00 3.14e-02 4.64e-06 2.22e-05 3.65e-06 1.80e-06 1.03e-06 1.48e-07
1.76e+00 1.75e+00 1.99e-02 1.75e+00 2.04e-02 9.23e-06 4.09e-05 9.88e-06 4.45e-06 2.51e-06 2.86e-07
1.74e+00 1.67e+00 2.98e-01 1.72e+00 3.02e-01 8.66e-06 8.57e-05 7.72e-06 3.18e-06 1.56e-06 1.95e-07
1.75e+00 1.40e+00 4.48e-02 1.43e+00 5.19e-02 2.71e-11 8.82e-02 7.37e-03 3.36e-03 2.23e-03 2.97e-04
1.77e+00 1.57e+00 3.75e-02 1.56e+00 3.97e-02 5.77e-09 5.23e-03 4.50e-04 2.18e-04 1.24e-04 1.76e-05
1.76e+00 1.78e+00 1.61e-02 1.78e+00 1.63e-02 1.74e-06 2.91e-06 2.86e-06 1.20e-06 1.03e-06 1.62e-07
1.76e+00 1.78e+00 3.10e-02 1.78e+00 3.11e-02 4.43e-06 1.34e-05 4.53e-06 1.99e-06 1.19e-06 1.66e-07
1.77e+00 1.28e+00 8.79e-02 1.31e+00 9.22e-02 1.50e-34 3.51e+00 4.96e-01 2.18e-01 1.19e-01 2.27e-02
1.79e+00 1.42e+00 5.14e-01 1.60e+00 5.46e-01 1.97e-06 2.24e-03 9.54e-05 4.01e-05 2.68e-05 3.49e-06
1.75e+00 1.58e+00 4.58e-02 1.56e+00 5.15e-02 7.00e-07 3.64e-03 2.43e-04 1.19e-04 5.97e-05 9.42e-06
1.74e+00 1.78e+00 3.05e-02 1.78e+00 3.08e-02 1.94e-06 3.96e-06 3.91e-06 1.62e-06 9.01e-07 1.55e-07
1.75e+00 1.58e+00 4.98e-02 1.56e+00 5.47e-02 3.44e-06 4.63e-03 3.04e-04 1.39e-04 8.59e-05 9.76e-06
1.77e+00 1.19e+00 7.22e-02 1.17e+00 7.52e-02 7.18e-08 5.37e+00 3.39e-01 9.88e-02 5.61e-02 8.98e-03
1.77e+00 1.75e+00 3.46e-02 1.75e+00 3.47e-02 6.36e-06 5.54e-05 6.39e-06 3.00e-06 1.96e-06 2.61e-07
1.78e+00 1.57e+00 2.84e-01 1.62e+00 2.89e-01 2.21e-06 1.59e-03 7.81e-05 3.95e-05 2.02e-05 3.37e-06
1.76e+00 1.77e+00 2.16e-02 1.77e+00 2.17e-02 5.09e-06 1.39e-05 4.81e-06 2.42e-06 1.09e-06 1.30e-07
1.77e+00 1.57e+00 6.95e-02 1.56e+00 7.11e-02 9.87e-07 2.55e-03 1.33e-04 5.09e-05 3.48e-05 5.09e-06
1.78e+00 1.68e+00 3.74e-02 1.68e+00 3.75e-02 9.53e-07 4.19e-04 3.87e-05 1.70e-05 1.11e-05 1.18e-06
1.78e+00 5.24e-01 7.09e-01 7.00e-02 8.42e-01 4.95e-06 4.88e-03 5.57e-04 1.44e-04 5.71e-05 1.01e-05
1.77e+00 1.60e+00 4.42e-02 1.60e+00 4.42e-02 8.16e-08 2.31e-03 1.58e-04 6.70e-05 4.69e-05 5.74e-06
1.76e+00 1.69e+00 2.53e-02 1.69e+00 2.58e-02 1.54e-06 2.60e-04 3.65e-05 1.62e-05 8.72e-06 1.45e-06
1.77e+00 1.57e+00 3.89e-02 1.56e+00 4.15e-02 6.75e-09 5.02e-03 4.12e-04 2.09e-04 1.22e-04 2.17e-05
1.76e+00 1.77e+00 3.47e-02 1.78e+00 3.58e-02 4.89e-06 1.82e-05 4.32e-06 1.82e-06 1.16e-06 1.54e-07
1.78e+00 1.81e+00 2.15e-02 1.81e+00 2.18e-02 1.29e-06 2.21e-06 1.75e-06 1.01e-06 4.43e-07 6.04e-08
1.76e+00 8.74e-01 7.80e-01 7.00e-02 1.12e+00 1.11e-05 2.54e-03 2.08e-04 4.56e-05 2.34e-05 3.91e-06
1.75e+00 1.73e+00 1.22e-02 1.73e+00 1.22e-02 2.62e-06 3.22e-05 9.02e-06 7.18e-06 3.47e-06 4.82e-07
1.77e+00 1.76e+00 1.73e-02 1.75e+00 1.96e-02 4.79e-06 2.55e-05 6.52e-06 3.57e-06 1.53e-06 4.74e-07
1.75e+00 1.77e+00 5.28e-02 1.77e+00 5.28e-02 3.21e-06 1.31e-05 2.74e-06 1.21e-06 6.38e-07 8.40e-08
1.75e+00 1.70e+00 2.54e-02 1.71e+00 2.60e-02 7.74e-06 2.05e-04 2.79e-05 1.32e-05 7.09e-06 1.32e-06
1.78e+00 1.70e+00 3.44e-02 1.71e+00 3.48e-02 2.10e-06 2.27e-04 2.10e-05 1.11e-05 7.05e-06 6.78e-07
1.74e+00 1.57e+00 5.35e-02 1.56e+00 5.47e-02 1.46e-06 5.46e-03 4.03e-04 1.96e-04 1.15e-04 1.53e-05
1.79e+00 1.66e+00 7.26e-02 1.67e+00 7.35e-02 1.33e-06 5.26e-04 3.23e-05 1.49e-05 8.60e-06 1.26e-06
1.77e+00 1.78e+00 1.28e-02 1.78e+00 1.31e-02 1.18e-06 1.72e-06 2.86e-06 1.25e-06 8.49e-07 1.44e-07
1.76e+00 1.60e+00 4.35e-02 1.60e+00 4.36e-02 3.42e-07 2.60e-03 1.88e-04 9.33e-05 4.72e-05 7.68e-06
1.74e+00 1.47e+00 4.18e-02 1.45e+00 4.54e-02 1.52e-08 5.94e-02 5.55e-03 2.03e-03 1.14e-03 1.38e-04
1.78e+00 1.26e+00 3.12e-02 1.26e+00 3.13e-02 7.28e-06 1.27e+00 2.00e-01 8.21e-02 4.62e-02 5.78e-03
1.74e+00 1.79e+00 9.47e-03 1.78e+00 1.09e-02 2.80e-09 2.82e-09 2.44e-06 1.92e-06 6.00e-07 7.34e-08
1.77e+00 1.61e+00 5.49e-02 1.61e+00 5.50e-02 7.36e-07 1.99e-03 1.16e-04 5.55e-05 3.80e-05 4.38e-06
1.77e+00 1.61e+00 5.09e-02 1.61e+00 5.10e-02 1.58e-06 1.78e-03 1.05e-04 5.16e-05 2.83e-05 4.41e-06
1.76e+00 1.85e+00 4.95e-03 1.85e+00 4.95e-03 1.76e-73 1.76e-73 3.86e-07 3.86e-07 5.82e-08 4.66e-08
1.74e+00 1.68e+00 4.86e-02 1.68e+00 4.86e-02 1.26e-05 3.59e-04 2.71e-05 1.07e-05 6.95e-06 8.48e-07
1.75e+00 1.74e+00 4.52e-02 1.74e+00 4.52e-02 7.42e-06 5.08e-05 6.21e-06 2.84e-06 1.53e-06 1.87e-07
1.77e+00 1.48e+00 6.28e-02 1.45e+00 7.04e-02 3.25e-06 3.48e-02 2.35e-03 7.85e-04 4.74e-04 6.54e-05
1.75e+00 1.74e+00 2.78e-02 1.74e+00 2.79e-02 1.37e-05 6.94e-05 1.20e-05 5.11e-06 2.87e-06 5.60e-07
1.77e+00 1.05e+00 7.13e-01 7.00e-02 1.21e+00 5.69e-06 1.31e-02 6.66e-04 2.32e-04 1.56e-04 2.02e-05
1.74e+00 1.76e+00 3.16e-02 1.75e+00 3.28e-02 7.69e-06 2.52e-05 7.04e-06 3.24e-06 2.12e-06 3.02e-07
1.80e+00 1.16e+00 5.87e-01 1.42e+00 6.40e-01 9.03e-06 1.05e-01 3.12e-03 1.36e-03 8.58e-04 1.46e-04
1.74e+00 1.54e+00 4.22e-02 1.53e+00 4.29e-02 5.10e-08 1.08e-02 8.66e-04 4.15e-04 1.94e-04 3.15e-05
1.75e+00 1.56e+00 4.16e-02 1.55e+00 4.19e-02 7.88e-08 7.74e-03 6.51e-04 2.88e-04 1.59e-04 1.89e-05
1.79e+00 1.62e+00 4.64e-02 1.63e+00 4.69e-02 1.63e-07 1.39e-03 9.24e-05 4.45e-05 2.66e-05 2.89e-06
1.74e+00 1.56e+00 8.53e-02 1.56e+00 8.53e-02 9.51e-06 6.72e-03 3.40e-04 1.39e-04 8.73e-05 1.12e-05
1.76e+00 1.79e+00 1.53e-02 1.79e+00 1.54e-02 4.79e-07 6.49e-07 2.25e-06 1.10e-06 8.01e-07 1.25e-07
1.76e+00 1.73e+00 4.42e-02 1.72e+00 4.46e-02 7.06e-06 9.67e-05 8.98e-06 3.47e-06 2.26e-06 2.76e-07
1.77e+00 1.78e+00 2.05e-02 1.78e+00 2.08e-02 3.64e-06 8.88e-06 3.46e-06 2.06e-06 1.12e-06 1.87e-07
1.74e+00 1.53e+00 6.57e-02 1.54e+00 6.60e-02 2.16e-06 7.57e-03 3.94e-04 2.02e-04 1.26e-04 1.52e-05
1.74e+00 1.25e+00 5.74e-02 1.24e+00 5.78e-02 2.77e-06 2.30e+00 1.38e-01 5.79e-02 3.74e-02 4.45e-03
1.77e+00 1.58e+00 4.30e-02 1.56e+00 4.85e-02 1.00e-07 4.00e-03 2.89e-04 1.42e-04 8.13e-05 1.51e-05
1.77e+00 1.58e+00 1.18e-01 1.56e+00 1.19e-01 8.19e-06 4.34e-03 2.00e-04 8.80e-05 5.14e-05 5.42e-06
1.74e+00 1.19e+00 7.10e-02 1.18e+00 7.24e-02 5.46e-06 5.71e+00 3.51e-01 1.20e-01 5.77e-02 1.20e-02
1.75e+00 1.19e+00 6.41e-01 7.00e-02 1.29e+00 2.20e-05 3.83e-03 1.24e-04 5.02e-05 3.35e-05 4.92e-06
1.74e+00 1.57e+00 7.96e-02 1.56e+00 8.07e-02 5.02e-06 1.62e-03 9.01e-05 3.42e-05 1.94e-05 2.28e-06
1.78e+00 1.79e+00 1.66e-02 1.78e+00 1.87e-02 3.95e-06 7.85e-06 3.89e-06 1.60e-06 7.59e-07 2.00e-07
1.76e+00 1.43e+00 2.21e-01 1.44e+00 2.21e-01 8.23e-06 1.92e-02 1.19e-03 3.82e-04 2.23e-04 2.39e-05
1.80e+00 1.08e+00 8.85e-02 1.04e+00 9.63e-02 1.84e-11 2.73e+01 2.31e+00 7.32e-01 3.09e-01 4.88e-02
1.77e+00 1.50e+00 9.75e-02 1.50e+00 9.75e-02 3.25e-07 3.03e-02 2.16e-03 8.71e-04 4.90e-04 5.45e-05
1.76e+00 1.57e+00 4.20e-02 1.56e+00 4.39e-02 6.38e-08 5.01e-03 3.91e-04 1.59e-04 9.96e-05 1.24e-05
1.74e+00 1.78e+00 3.29e-02 1.78e+00 3.29e-02 2.44e-06 5.87e-06 3.27e-06 1.96e-06 7.90e-07 1.58e-07
1.77e+00 1.60e+00 3.73e-02 1.59e+00 3.77e-02 5.81e-09 3.00e-03 2.55e-04 1.20e-04 7.50e-05 1.15e-05
1.74e+00 1.73e+00 1.46e-02 1.73e+00 1.47e-02 8.39e-06 3.40e-05 9.42e-06 5.44e-06 3.94e-06 3.62e-07
1.79e+00 1.81e+00 9.69e-03 1.81e+00 9.79e-03 9.21e-08 9.91e-08 9.70e-07 8.68e-07 4.19e-07 1.02e-07
1.77e+00 1.64e+00 4.15e-02 1.65e+00 4.22e-02 3.13e-07 8.97e-04 6.86e-05 3.32e-05 2.14e-05 3.18e-06
1.76e+00 1.78e+00 3.23e-02 1.78e+00 3.24e-02 4.27e-06 1.51e-05 3.58e-06 1.99e-06 8.95e-07 1.49e-07
1.75e+00 1.76e+00 4.98e-02 1.75e+00 5.01e-02 4.92e-06 2.75e-05 4.01e-06 1.71e-06 1.16e-06 1.24e-07
1.77e+00 1.49e+00 2.37e-01 1.53e+00 2.40e-01 2.04e-06 1.67e-02 9.41e-04 3.80e-04 2.47e-04 3.02e-05
1.75e+00 1.79e+00 2.54e-02 1.78e+00 2.65e-02 2.03e-06 3.68e-06 3.85e-06 1.83e-06 1.10e-06 1.27e-07
1.88e+00 1.64e+00 2.54e-01 1.68e+00 2.57e-01 3.99e-08 3.87e-04 2.06e-05 8.29e-06 4.49e-06 7.02e-07
1.87e+00 1.75e+00 3.13e-02 1.75e+00 3.15e-02 1.52e-08 9.73e-05 1.07e-05 4.41e-06 2.73e-06 4.54e-07
1.82e+00 1.35e+00 2.57e-01 1.35e+00 2.57e-01 1.62e-06 2.17e-01 8.98e-03 4.02e-03 2.23e-03 2.23e-04
1.83e+00 1.70e+00 2.70e-02 1.70e+00 2.73e-02 3.74e-09 2.29e-04 2.83e-05 1.30e-05 8.00e-06 8.33e-07
1.86e+00 1.79e+00 1.53e-02 1.78e+00 1.78e-02 3.09e-10 1.25e-05 3.34e-06 1.29e-06 1.24e-06 1.17e-07
1.82e+00 1.75e+00 2.76e-02 1.75e+00 2.78e-02 5.31e-07 7.14e-05 9.26e-06 4.18e-06 2.43e-06 3.39e-07
1.84e+00 1.72e+00 2.64e-02 1.72e+00 2.64e-02 4.72e-09 1.59e-04 2.14e-05 7.77e-06 7.39e-06 6.27e-07
1.85e+00 1.25e+00 6.94e-01 1.66e+00 8.04e-01 3.04e-07 8.26e-04 3.08e-05 1.48e-05 8.99e-06 1.20e-06
1.87e+00 1.77e+00 2.85e-02 1.76e+00 2.89e-02 2.52e-08 5.20e-05 6.43e-06 3.15e-06 2.04e-06 1.79e-07
1.82e+00 1.73e+00 1.85e-02 1.72e+00 1.94e-02 1.40e-09 7.97e-05 1.57e-05 7.47e-06 6.40e-06 8.00e-07
1.79e+00 1.74e+00 3.18e-02 1.75e+00 3.29e-02 2.83e-06 8.82e-05 9.76e-06 4.82e-06 3.12e-06 2.94e-07
1.86e+00 1.66e+00 3.11e-01 1.71e+00 3.15e-01 1.66e-07 1.84e-04 1.30e-05 5.67e-06 2.59e-06 4.05e-07
1.87e+00 1.80e+00 1.61e-02 1.79e+00 1.75e-02 1.48e-09 1.18e-05 2.47e-06 1.18e-06 1.18e-06 1.01e-07
1.84e+00 1.75e+00 3.73e-02 1.75e+00 3.74e-02 3.96e-07 6.47e-05 5.92e-06 2.57e-06 1.71e-06 1.86e-07
1.84e+00 1.38e+00 4.92e-02 1.34e+00 6.36e-02 6.85e-11 9.22e-02 9.33e-03 3.46e-03 2.29e-03 4.47e-04
1.83e+00 1.78e+00 1.73e-02 1.78e+00 1.74e-02 9.43e-08 2.08e-05 3.84e-06 1.89e-06 1.57e-06 3.30e-07
1.88e+00 1.41e+00 1.73e-02 1.41e+00 1.74e-02 1.11e-23 6.24e-02 1.40e-02 6.17e-03 3.70e-03 8.71e-04
1.87e+00 1.73e+00 3.70e-02 1.72e+00 3.83e-02 5.98e-08 1.41e-04 1.30e-05 5.77e-06 3.90e-06 5.46e-07
1.84e+00 1.55e+00 2.22e-01 1.56e+00 2.22e-01 1.84e-07 4.41e-03 2.44e-04 1.10e-04 6.18e-05 6.18e-06
1.87e+00 1.45e+00 1.58e-02 1.45e+00 1.59e-02 7.23e-21 3.00e-02 6.68e-03 3.65e-03 2.58e-03 2.87e-04
1.86e+00 1.72e+00 7.51e-02 1.72e+00 7.52e-02 3.20e-07 1.34e-04 9.21e-06 4.05e-06 2.23e-06 2.93e-07
1.82e+00 1.51e+00 5.95e-02 1.48e+00 6.82e-02 1.37e-08 1.48e-02 8.26e-04 3.74e-04 2.36e-04 3.08e-05
1.83e+00 1.54e+00 4.02e-01 1.65e+00 4.17e-01 6.94e-07 7.99e-04 3.79e-05 1.49e-05 8.40e-06 1.20e-06
1.81e+00 1.74e+00 1.99e-02 1.74e+00 1.99e-02 4.01e-08 4.97e-05 8.88e-06 3.48e-06 2.85e-06 3.93e-07
1.88e+00 1.59e+00 5.34e-02 1.58e+00 5.45e-02 7.32e-09 2.75e-03 1.62e-04 7.26e-05 4.57e-05 6.96e-06
1.84e+00 1.68e+00 4.44e-02 1.68e+00 4.44e-02 9.63e-08 4.13e-04 3.09e-05 1.35e-05 7.25e-06 9.79e-07
1.83e+00 1.26e+00 3.68e-01 1.40e+00 3.94e-01 5.20e-06 1.71e-01 8.56e-03 3.34e-03 1.88e-03 2.15e-04
1.84e+00 1.78e+00 1.66e-02 1.78e+00 1.66e-02 2.10e-08 2.00e-05 3.96e-06 1.94e-06 1.23e-06 2.52e-07
1.88e+00 1.63e+00 5.66e-02 1.64e+00 5.79e-02 6.47e-08 1.14e-03 6.69e-05 3.18e-05 1.86e-05 2.97e-06
1.80e+00 3.11e-01 5.77e-01 7.00e-02 6.25e-01 7.88e-06 7.95e-03 1.06e-03 4.43e-04 2.34e-04 1.85e-05
1.87e+00 1.72e+00 4.15e-02 1.72e+00 4.15e-02 6.49e-08 1.57e-04 1.19e-05 5.39e-06 3.25e-06 3.96e-07
1.88e+00 1.74e+00 5.18e-02 1.74e+00 5.18e-02 9.39e-08 9.41e-05 7.27e-06 3.07e-06 1.79e-06 3.30e-07
1.82e+00 1.77e+00 3.36e-02 1.77e+00 3.36e-02 1.87e-06 4.20e-05 5.12e-06 2.01e-06 1.18e-06 1.57e-07
1.84e+00 1.78e+00 2.65e-02 1.78e+00 2.66e-02 5.29e-07 3.48e-05 4.73e-06 1.86e-06 1.55e-06 1.41e-07
1.83e+00 2.48e-01 4.96e-01 7.00e-02 5.27e-01 5.62e-06 1.34e-02 2.28e-03 9.36e-04 5.42e-04 2.46e-05
1.88e+00 2.76e-01 5.58e-01 7.00e-02 5.95e-01 1.49e-07 1.61e-03 2.13e-04 1.22e-04 6.73e-05 4.12e-06
1.86e+00 1.60e+00 4.05e-02 1.61e+00 4.14e-02 1.88e-11 2.59e-03 2.09e-04 9.22e-05 6.07e-05 6.32e-06
1.83e+00 1.77e+00 1.77e-02 1.78e+00 1.98e-02 3.32e-08 1.90e-05 3.94e-06 2.37e-06 1.02e-06 1.43e-07
1.85e+00 1.78e+00 1.75e-02 1.78e+00 1.78e-02 9.85e-09 1.87e-05 3.94e-06 1.65e-06 8.76e-07 1.46e-07
1.85e+00 1.62e+00 1.41e-01 1.64e+00 1.42e-01 1.48e-07 9.74e-04 5.08e-05 2.20e-05 1.47e-05 1.67e-06
1.82e+00 1.20e+00 2.44e-02 1.20e+00 2.44e-02 3.32e-17 7.50e+00 1.11e+00 5.75e-01 3.34e-01 3.71e-02
1.85e+00 1.52e+00 5.82e-02 1.51e+00 5.85e-02 9.15e-08 2.19e-02 1.36e-03 6.04e-04 3.24e-04 5.25e-05
1.84e+00 1.75e+00 4.05e-02 1.75e+00 4.06e-02 8.21e-07 8.31e-05 7.27e-06 3.14e-06 2.05e-06 2.61e-07
1.84e+00 1.51e+00 1.79e-01 1.53e+00 1.80e-01 3.11e-06 1.54e-02 7.39e-04 3.12e-04 1.87e-04 1.92e-05
1.88e+00 1.53e+00 5.16e-01 1.71e+00 5.47e-01 2.01e-07 1.94e-04 1.02e-05 3.76e-06 2.14e-06 3.24e-07
1.82e+00 1.03e+00 7.84e-01 7.00e-02 1.24e+00 1.38e-06 7.85e-04 4.33e-05 1.41e-05 8.65e-06 1.44e-06
1.91e+00 1.65e+00 4.74e-02 1.65e+00 4.74e-02 5.65e-10 7.53e-04 5.53e-05 2.20e-05 1.33e-05 2.00e-06
1.83e+00 8.86e-01 7.85e-01 7.00e-02 1.13e+00 7.06e-07 2.01e-03 1.28e-04 3.55e-05 2.43e-05 3.74e-06
1.84e+00 1.04e+00 2.58e-02 1.04e+00 2.61e-02 1.44e-17 2.71e+01 3.95e+00 1.64e+00 8.44e-01 1.49e-01
1.87e+00 1.77e+00 3.01e-02 1.78e+00 3.11e-02 7.88e-08 4.89e-05 5.63e-06 2.41e-06 1.50e-06 2.93e-07
1.84e+00 1.69e+00 4.66e-02 1.69e+00 4.66e-02 2.15e-07 2.94e-04 2.16e-05 9.59e-06 5.40e-06 6.75e-07
1.87e+00 1.74e+00 3.89e-02 1.74e+00 3.90e-02 7.32e-08 9.61e-05 8.15e-06 3.88e-06 1.99e-06 3.48e-07
1.80e+00 1.77e+00 3.92e-02 1.76e+00 4.01e-02 2.65e-06 3.60e-05 3.62e-06 1.72e-06 8.82e-07 1.29e-07
1.86e+00 1.80e+00 1.36e-02 1.79e+00 1.65e-02 1.64e-09 5.75e-06 1.46e-06 7.55e-07 6.29e-07 9.62e-08
1.81e+00 1.79e+00 1.11e-02 1.79e+00 1.14e-02 6.72e-07 6.19e-06 2.40e-06 1.42e-06 7.34e-07 1.20e-07
1.87e+00 1.66e+00 3.72e-02 1.66e+00 3.72e-02 2.18e-09 8.38e-04 7.69e-05 3.38e-05 2.30e-05 2.81e-06
1.83e+00 1.66e+00 4.05e-02 1.66e+00 4.08e-02 4.45e-08 6.26e-04 5.15e-05 2.32e-05 1.11e-05 1.59e-06
1.83e+00 1.29e+00 6.81e-01 1.66e+00 7.76e-01 5.09e-07 6.68e-04 2.82e-05 1.28e-05 8.25e-06 1.28e-06
1.86e+00 1.77e+00 3.24e-02 1.77e+00 3.24e-02 2.10e-07 5.09e-05 5.75e-06 2.84e-06 1.87e-06 2.19e-07
1.82e+00 2.17e-01 4.77e-01 7.00e-02 4.99e-01 6.48e-06 1.57e-02 2.25e-03 1.01e-03 9.25e-04 4.48e-05
1.88e+00 1.77e+00 2.58e-02 1.78e+00 2.69e-02 8.66e-09 4.12e-05 5.05e-06 2.91e-06 1.57e-06 2.56e-07
1.87e+00 1.77e+00 1.61e-02 1.77e+00 1.65e-02 2.26e-13 2.22e-05 4.23e-06 4.23e-06 1.83e-06 1.66e-07
1.87e+00 1.23e+00 3.00e-02 1.24e+00 3.19e-02 4.17e-11 5.51e+00 6.59e-01 2.98e-01 1.47e-01 2.32e-02
1.85e+00 1.58e+00 3.55e-01 1.66e+00 3.64e-01 2.12e-07 5.59e-04 3.06e-05 1.21e-05 7.31e-06 7.91e-07
1.84e+00 1.54e+00 4.63e-02 1.53e+00 4.70e-02 3.17e-10 1.09e-02 7.66e-04 3.38e-04 2.07e-04 2.82e-05
1.88e+00 1.59e+00 4.67e-02 1.56e+00 5.34e-02 1.30e-10 3.45e-03 2.28e-04 1.19e-04 6.43e-05 1.14e-05
1.82e+00 1.77e+00 1.48e-02 1.78e+00 1.77e-02 2.29e-08 1.87e-05 4.32e-06 2.67e-06 2.06e-06 1.46e-07
1.86e+00 2.14e-01 4.74e-01 7.00e-02 4.95e-01 3.82e-07 1.60e-03 2.20e-04 9.35e-05 5.00e-05 3.84e-06
1.80e+00 1.34e+00 5.88e-02 1.37e+00 6.64e-02 3.56e-09 4.09e-01 2.22e-02 9.76e-03 7.06e-03 1.20e-03
1.79e+00 1.78e+00 3.30e-02 1.78e+00 3.33e-02 4.58e-06 2.83e-05 4.07e-06 1.86e-06 1.20e-06 1.27e-07
1.81e+00 1.72e+00 4.55e-02 1.72e+00 4.56e-02 1.53e-06 1.51e-04 1.17e-05 5.14e-06 2.89e-06 3.52e-07
1.83e+00 1.56e+00 5.46e-02 1.56e+00 5.46e-02 2.46e-08 5.98e-03 3.59e-04 1.43e-04 8.75e-05 1.38e-05
1.81e+00 1.75e+00 2.04e-02 1.75e+00 2.04e-02 1.54e-07 4.76e-05 8.34e-06 3.55e-06 3.14e-06 4.12e-07
1.87e+00 1.76e+00 2.26e-02 1.75e+00 2.38e-02 4.33e-10 5.35e-05 7.52e-06 3.35e-06 2.54e-06 3.05e-07
1.86e+00 1.74e+00 3.98e-02 1.74e+00 3.99e-02 1.15e-07 9.74e-05 8.23e-06 3.60e-06 2.27e-06 2.46e-07
1.84e+00 1.76e+00 2.87e-02 1.75e+00 3.10e-02 2.87e-07 5.64e-05 6.43e-06 2.99e-06 1.86e-06 2.83e-07
1.85e+00 1.25e+00 7.49e-01 1.71e+00 8.81e-01 4.95e-07 2.30e-04 1.02e-05 4.49e-06 3.11e-06 4.84e-07
1.89e+00 9.05e-02 2.12e-01 7.00e-02 2.13e-01 4.87e-07 6.81e-02 1.14e-02 5.25e-03 4.34e-03 6.31e-04
1.83e+00 1.73e+00 3.68e-02 1.72e+00 3.79e-02 3.48e-07 1.22e-04 1.15e-05 5.01e-06 3.32e-06 4.06e-07
1.81e+00 1.11e+00 7.20e-01 7.00e-02 1.26e+00 1.39e-06 2.96e-03 1.05e-04 4.79e-05 3.07e-05 4.52e-06
1.81e+00 1.71e+00 2.43e-02 1.71e+00 2.43e-02 2.11e-08 1.75e-04 2.59e-05 1.32e-05 6.77e-06 1.18e-06
1.84e+00 1.55e+00 8.08e-02 1.53e+00 8.43e-02 1.42e-08 8.23e-03 5.92e-04 2.63e-04 1.59e-04 1.80e-05
1.81e+00 1.20e+00 7.17e-01 1.65e+00 8.45e-01 1.03e-06 1.14e-03 5.07e-05 2.13e-05 1.27e-05 2.47e-06
1.88e+00 1.79e+00 1.55e-02 1.79e+00 1.58e-02 1.30e-11 1.28e-05 2.89e-06 1.71e-06 8.46e-07 2.20e-07
1.81e+00 1.68e+00 1.47e-01 1.69e+00 1.47e-01 1.94e-06 2.36e-04 1.42e-05 6.26e-06 3.67e-06 4.47e-07
1.89e+00 1.71e+00 2.27e-02 1.71e+00 2.29e-02 1.16e-13 1.36e-04 2.05e-05 8.67e-06 6.23e-06 1.22e-06
1.83e+00 1.40e+00 3.81e-02 1.41e+00 4.10e-02 1.44e-09 1.35e-01 1.22e-02 5.62e-03 4.00e-03 3.85e-04
1.85e+00 1.75e+00 3.68e-02 1.75e+00 3.69e-02 2.88e-07 7.55e-05 6.77e-06 2.73e-06 1.82e-06 2.17e-07
1.87e+00 1.78e+00 2.48e-02 1.78e+00 2.49e-02 1.28e-08 3.58e-05 4.94e-06 2.24e-06 1.32e-06 1.23e-07
1.83e+00 1.77e+00 2.35e-02 1.77e+00 2.36e-02 1.94e-07 4.04e-05 5.87e-06 2.53e-06 1.69e-06 2.92e-07
1.87e+00 1.62e+00 4.96e-02 1.62e+00 4.97e-02 4.20e-09 1.69e-03 1.13e-04 4.78e-05 2.97e-05 4.34e-06
1.82e+00 1.65e+00 4.15e-02 1.65e+00 4.15e-02 4.98e-08 8.25e-04 6.60e-05 2.86e-05 1.77e-05 2.52e-06
1.81e+00 1.28e-01 2.90e-01 8.00e-02 2.94e-01 3.06e-06 1.70e-01 3.54e-02 1.63e-02 8.26e-03 7.18e-04
1.86e+00 1.76e+00 3.73e-02 1.75e+00 3.78e-02 2.33e-07 5.65e-05 4.98e-06 2.04e-06 1.42e-06 1.94e-07
1.85e+00 1.76e+00 2.07e-02 1.75e+00 2.14e-02 1.33e-09 5.05e-05 8.97e-06 4.38e-06 2.43e-06 3.78e-07
1.81e+00 1.59e+00 4.98e-02 1.59e+00 4.99e-02 5.24e-08 2.88e-03 1.73e-04 8.36e-05 5.13e-05 6.69e-06
1.89e+00 1.49e-01 3.63e-01 7.00e-02 3.71e-01 2.32e-07 1.44e-02 2.69e-03 1.20e-03 7.87e-04 8.56e-05
1.88e+00 1.61e+00 7.04e-02 1.61e+00 7.05e-02 9.81e-10 2.13e-03 1.43e-04 5.83e-05 4.04e-05 5.38e-06
1.80e+00 1.42e+00 5.57e-01 1.65e+00 6.02e-01 1.25e-06 1.01e-03 4.89e-05 1.83e-05 1.31e-05 2.07e-06
1.85e+00 1.75e+00 1.57e-02 1.75e+00 1.57e-02 5.49e-12 2.51e-05 5.15e-06 2.45e-06 1.21e-06 2.56e-07
1.87e+00 1.24e+00 4.09e-02 1.26e+00 4.54e-02 2.49e-07 5.01e+00 4.12e-01 1.69e-01 1.37e-01 1.43e-02
1.84e+00 1.78e+00 1.30e-02 1.78e+00 1.32e-02 6.01e-10 7.75e-06 2.72e-06 1.46e-06 4.65e-07 1.23e-07
1.83e+00 1.52e+00 3.56e-01 1.61e+00 3.66e-01 6.68e-07 1.99e-03 8.46e-05 3.48e-05 2.09e-05 2.68e-06
1.84e+00 1.75e+00 4.05e-02 1.75e+00 4.06e-02 6.00e-07 6.30e-05 5.05e-06 2.22e-06 1.58e-06 2.02e-07
1.85e+00 1.68e+00 5.56e-02 1.68e+00 5.58e-02 1.30e-07 3.74e-04 2.48e-05 1.04e-05 5.35e-06 9.17e-07
1.85e+00 1.76e+00 3.14e-02 1.75e+00 3.19e-02 1.35e-07 6.83e-05 7.40e-06 3.12e-06 1.91e-06 3.26e-07
1.87e+00 1.06e+00 8.32e-01 6.00e-02 1.30e+00 1.90e-07 4.33e-05 2.14e-06 1.13e-06 5.35e-07 8.45e-08
1.87e+00 1.59e+00 2.04e-01 1.62e+00 2.06e-01 7.41e-07 1.70e-03 8.70e-05 4.32e-05 2.33e-05 2.22e-06
1.81e+00 1.44e+00 4.14e-01 1.55e+00 4.28e-01 4.14e-07 6.65e-03 3.43e-04 1.38e-04 8.23e-05 8.90e-06
1.86e+00 1.74e+00 1.56e-02 1.75e+00 1.69e-02 5.45e-15 2.72e-05 6.53e-06 3.62e-06 2.52e-06 5.68e-07
1.87e+00 1.57e+00 6.44e-02 1.56e+00 6.61e-02 1.53e-08 4.73e-03 2.75e-04 1.12e-04 7.00e-05 1.05e-05
1.88e+00 1.76e+00 2.88e-02 1.75e+00 3.16e-02 1.51e-08 5.56e-05 6.51e-06 3.12e-06 1.99e-06 2.73e-07
1.86e+00 1.82e+00 9.87e-03 1.82e+00 1.01e-02 7.86e-10 1.87e-06 8.81e-07 5.00e-07 2.57e-07 3.10e-08
1.81e+00 1.75e+00 4.18e-02 1.75e+00 4.19e-02 1.98e-06 6.43e-05 5.47e-06 2.49e-06 1.42e-06 2.08e-07
1.82e+00 1.63e+00 1.39e-01 1.65e+00 1.41e-01 4.99e-07 9.35e-04 5.10e-05 2.21e-05 1.22e-05 1.98e-06
1.86e+00 1.80e+00 1.80e-02 1.79e+00 1.89e-02 2.36e-08 1.50e-05 2.74e-06 1.45e-06 1.07e-06 1.34e-07
1.84e+00 1.49e+00 4.93e-01 1.66e+00 5.20e-01 3.49e-07 5.34e-04 2.38e-05 1.05e-05 5.74e-06 9.85e-07
1.85e+00 1.68e+00 4.23e-02 1.68e+00 4.24e-02 1.32e-08 4.08e-04 3.16e-05 1.39e-05 8.21e-06 1.03e-06
1.85e+00 1.71e+00 3.13e-02 1.71e+00 3.13e-02 1.11e-08 2.23e-04 2.44e-05 1.20e-05 7.60e-06 8.77e-07
1.84e+00 1.72e+00 3.14e-02 1.72e+00 3.14e-02 5.15e-08 1.74e-04 1.86e-05 9.29e-06 5.85e-06 6.88e-07
1.88e+00 1.76e+00 2.73e-02 1.75e+00 3.08e-02 4.29e-09 5.20e-05 6.59e-06 2.96e-06 1.83e-06 2.25e-07
1.86e+00 1.66e+00 9.06e-02 1.68e+00 9.23e-02 6.31e-08 4.88e-04 3.02e-05 1.28e-05 7.42e-06 9.27e-07
1.80e+00 1.10e+00 7.47e-02 1.14e+00 8.31e-02 6.21e-12 1.29e+01 5.85e-01 3.02e-01 1.92e-01 2.36e-02
1.83e+00 1.73e+00 4.46e-02 1.72e+00 4.51e-02 5.78e-07 1.16e-04 9.08e-06 4.34e-06 2.40e-06 2.85e-07
1.83e+00 1.28e+00 2.77e-02 1.28e+00 2.77e-02 2.34e-08 2.81e+00 3.99e-01 2.04e-01 1.20e-01 1.33e-02
1.84e+00 1.53e+00 4.09e-02 1.53e+00 4.09e-02 9.74e-09 1.49e-02 1.38e-03 6.19e-04 3.87e-04 4.30e-05
1.87e+00 1.79e+00 1.57e-02 1.78e+00 1.68e-02 1.56e-10 1.42e-05 3.52e-06 1.89e-06 8.25e-07 3.42e-07
1.81e+00 1.20e+00 3.04e-02 1.21e+00 3.14e-02 1.40e-17 1.16e+01 1.31e+00 7.01e-01 4.04e-01 4.13e-02
1.87e+00 1.73e+00 4.79e-02 1.72e+00 4.82e-02 1.51e-07 1.12e-04 8.37e-06 3.49e-06 1.84e-06 2.49e-07
1.87e+00 1.73e+00 4.78e-02 1.72e+00 4.93e-02 2.13e-07 1.14e-04 8.23e-06 4.04e-06 1.94e-06 2.56e-07
1.80e+00 1.75e+00 4.60e-02 1.75e+00 4.60e-02 2.73e-06 5.57e-05 4.69e-06 2.15e-06 1.11e-06 1.49e-07
1.82e+00 1.58e+00 3.94e-01 1.68e+00 4.07e-01 9.31e-07 3.54e-04 1.87e-05 7.85e-06 4.31e-06 5.07e-07
1.86e+00 1.67e+00 2.36e-02 1.67e+00 2.37e-02 7.21e-14 4.00e-04 6.26e-05 2.89e-05 1.70e-05 2.38e-06
1.87e+00 1.69e+00 3.53e-02 1.68e+00 3.63e-02 6.41e-09 3.96e-04 3.63e-05 1.71e-05 1.03e-05 1.41e-06
1.86e+00 1.78e+00 2.68e-02 1.78e+00 2.71e-02 1.05e-07 3.91e-05 5.02e-06 2.33e-06 1.22e-06 2.14e-07
1.85e+00 1.53e+00 1.82e-01 1.53e+00 1.82e-01 5.32e-08 1.09e-02 6.52e-04 2.40e-04 1.50e-04 1.72e-05
1.82e+00 1.64e+00 4.03e-02 1.65e+00 4.12e-02 2.23e-08 1.09e-03 9.12e-05 3.67e-05 2.34e-05 3.34e-06
1.84e+00 1.76e+00 3.38e-02 1.75e+00 3.51e-02 4.00e-07 5.89e-05 5.82e-06 2.43e-06 1.44e-06 1.84e-07
1.84e+00 1.80e+00 1.84e-02 1.81e+00 1.95e-02 2.47e-07 1.10e-05 2.01e-06 1.30e-06 7.70e-07 1.10e-07
1.85e+00 1.74e+00 2.49e-02 1.75e+00 2.54e-02 7.41e-09 7.98e-05 1.07e-05 5.08e-06 2.47e-06 4.01e-07
1.83e+00 1.56e+00 6.18e-02 1.56e+00 6.19e-02 7.51e-08 4.78e-03 2.50e-04 9.56e-05 7.25e-05 9.89e-06
1.81e+00 1.81e+00 1.17e-02 1.81e+00 1.17e-02 8.04e-07 1.41e-06 9.68e-07 5.61e-07 2.68e-07 5.15e-08
1.86e+00 1.73e+00 3.82e-02 1.72e+00 3.98e-02 1.18e-07 1.44e-04 1.31e-05 6.22e-06 2.92e-06 4.61e-07
1.82e+00 1.78e+00 2.15e-02 1.78e+00 2.17e-02 9.31e-07 2.76e-05 4.95e-06 1.95e-06 1.25e-06 2.04e-07
1.88e+00 1.77e+00 2.89e-02 1.77e+00 2.90e-02 1.51e-08 5.31e-05 6.86e-06 3.07e-06 1.98e-06 2.12e-07
1.80e+00 1.76e+00 3.63e-02 1.75e+00 3.92e-02 2.88e-06 4.41e-05 4.51e-06 1.78e-06 1.06e-06 1.39e-07
1.86e+00 1.06e+00 7.64e-01 7.00e-02 1.25e+00 2.76e-07 1.52e-03 6.67e-05 2.68e-05 1.41e-05 2.43e-06
1.88e+00 1.05e+00 8.19e-01 6.00e-02 1.28e+00 2.40e-07 2.07e-04 9.54e-06 4.74e-06 2.20e-06 3.34e-07
1.81e+00 1.69e+00 3.63e-02 1.69e+00 3.64e-02 3.93e-07 3.17e-04 2.88e-05 1.15e-05 7.16e-06 1.25e-06
1.81e+00 1.53e+00 3.80e-02 1.53e+00 3.82e-02 3.30e-10 1.15e-02 1.02e-03 4.37e-04 2.51e-04 4.50e-05
1.85e+00 1.73e+00 2.67e-02 1.73e+00 2.70e-02 4.31e-09 1.07e-04 1.35e-05 5.87e-06 3.60e-06 3.91e-07
1.88e+00 1.25e+00 7.01e-01 1.66e+00 8.12e-01 1.30e-07 7.38e-04 2.67e-05 1.21e-05 8.27e-06 1.23e-06
1.84e+00 2.62e-01 5.44e-01 7.00e-02 5.77e-01 1.13e-06 1.79e-03 2.37e-04 8.80e-05 7.75e-05 5.96e-06
1.80e+00 1.55e+00 5.02e-02 1.55e+00 5.02e-02 9.75e-08 8.16e-03 5.64e-04 2.34e-04 1.36e-04 1.70e-05
1.84e+00 2.16e-01 4.68e-01 7.00e-02 4.90e-01 7.47e-07 9.02e-03 1.35e-03 5.42e-04 2.79e-04 2.39e-05
1.81e+00 9.82e-02 2.10e-01 8.00e-02 2.11e-01 9.36e-06 5.12e-02 7.01e-03 3.95e-03 2.12e-03 2.82e-04
1.88e+00 1.49e+00 2.03e-01 1.45e+00 2.08e-01 1.97e-06 5.21e-03 2.26e-04 1.11e-04 5.64e-05 6.45e-06
1.85e+00 1.74e+00 1.47e-02 1.75e+00 1.67e-02 4.05e-14 2.55e-05 6.52e-06 2.97e-06 2.57e-06 3.38e-07
1.85e+00 1.47e+00 5.68e-02 1.45e+00 6.15e-02 7.25e-07 5.28e-02 3.47e-03 1.48e-03 8.90e-04 1.17e-04
1.86e+00 1.73e+00 2.17e-02 1.73e+00 2.18e-02 4.52e-11 8.74e-05 1.45e-05 6.69e-06 3.46e-06 6.15e-07
1.82e+00 1.74e+00 3.36e-02 1.74e+00 3.36e-02 8.33e-07 1.15e-04 1.12e-05 4.56e-06 2.83e-06 2.77e-07
1.86e+00 1.60e+00 6.91e-02 1.58e+00 7.10e-02 4.20e-08 2.46e-03 1.36e-04 6.30e-05 4.04e-05 5.65e-06
1.82e+00 1.26e+00 4.74e-01 1.44e+00 5.06e-01 2.35e-06 5.19e-02 2.48e-03 7.06e-04 4.13e-04 5.17e-05
1.85e+00 1.80e+00 1.48e-02 1.79e+00 1.72e-02 9.32e-09 7.64e-06 1.77e-06 1.15e-06 8.42e-07 4.73e-08
1.85e+00 1.84e-01 4.30e-01 7.00e-02 4.45e-01 5.10e-07 3.54e-03 5.11e-04 2.56e-04 1.33e-04 9.47e-06
1.86e+00 6.75e-01 7.68e-01 7.00e-02 9.78e-01 3.08e-07 2.16e-03 2.13e-04 4.39e-05 2.51e-05 3.76e-06
1.85e+00 1.75e+00 3.74e-02 1.75e+00 3.77e-02 3.29e-07 7.18e-05 6.48e-06 2.71e-06 1.72e-06 2.46e-07
1.81e+00 1.59e+00 4.19e-02 1.58e+00 4.40e-02 8.61e-10 3.04e-03 2.17e-04 1.15e-04 6.15e-05 1.34e-05
1.81e+00 1.55e+00 3.76e-02 1.53e+00 4.14e-02 8.51e-10 9.45e-03 8.95e-04 4.31e-04 2.38e-04 3.31e-05
1.79e+00 1.80e+00 3.23e-02 1.79e+00 3.36e-02 2.95e-06 1.16e-05 2.66e-06 9.87e-07 8.08e-07 1.05e-07
1.84e+00 1.23e+00 5.70e-01 1.49e+00 6.25e-01 6.27e-07 2.24e-02 7.74e-04 3.41e-04 2.07e-04 2.88e-05
1.87e+00 1.76e+00 3.66e-02 1.75e+00 3.73e-02 1.31e-07 6.04e-05 5.40e-06 2.17e-06 1.51e-06 2.10e-07
1.83e+00 1.78e+00 2.82e-02 1.78e+00 2.83e-02 1.23e-06 3.79e-05 4.67e-06 2.33e-06 1.30e-06 2.66e-07
1.84e+00 1.52e+00 5.88e-02 1.46e+00 8.24e-02 5.92e-09 1.36e-02 7.15e-04 3.76e-04 2.30e-04 2.51e-05
1.85e+00 1.64e+00 7.30e-02 1.65e+00 7.38e-02 2.77e-07 8.55e-04 5.22e-05 2.22e-05 1.17e-05 1.30e-06
1.84e+00 1.59e+00 6.14e-02 1.56e+00 6.78e-02 2.22e-08 3.25e-03 1.96e-04 8.66e-05 5.77e-05 8.42e-06
1.85e+00 1.41e+00 2.04e-02 1.41e+00 2.08e-02 3.93e-20 7.82e-02 1.35e-02 6.48e-03 4.01e-03 5.40e-04
1.87e+00 1.48e+00 5.37e-01 1.68e+00 5.74e-01 7.79e-08 4.02e-04 2.00e-05 7.94e-06 4.87e-06 8.35e-07
1.80e+00 1.59e+00 4.75e-02 1.57e+00 5.27e-02 4.22e-08 2.83e-03 1.87e-04 8.04e-05 5.03e-05 8.93e-06
1.82e+00 1.68e+00 1.87e-01 1.69e+00 1.88e-01 1.19e-06 2.90e-04 2.16e-05 8.51e-06 4.95e-06 5.08e-07
1.82e+00 1.77e+00 2.95e-02 1.78e+00 3.10e-02 1.66e-06 4.72e-05 5.91e-06 2.55e-06 1.60e-06 2.61e-07
1.85e+00 1.42e+00 3.27e-02 1.42e+00 3.27e-02 9.26e-09 7.62e-02 9.42e-03 3.65e-03 2.19e-03 2.24e-04
1.81e+00 1.74e+00 3.16e-02 1.75e+00 3.34e-02 8.53e-07 9.58e-05 1.08e-05 5.26e-06 3.33e-06 4.84e-07
1.88e+00 1.61e+00 5.80e-02 1.61e+00 5.81e-02 1.32e-09 1.68e-03 1.01e-04 4.52e-05 2.59e-05 4.21e-06
1.87e+00 1.63e+00 4.89e-02 1.63e+00 4.89e-02 3.89e-09 1.22e-03 7.88e-05 3.55e-05 2.02e-05 2.96e-06
1.86e+00 1.82e+00 1.04e-02 1.82e+00 1.13e-02 2.34e-09 2.09e-06 8.87e-07 6.37e-07 2.18e-07 5.35e-08
1.85e+00 1.82e+00 7.94e-03 1.82e+00 8.21e-03 1.53e-08 1.43e-06 8.64e-07 2.91e-07 1.74e-07 1.74e-08
1.87e+00 1.57e+00 4.65e-02 1.56e+00 4.75e-02 4.59e-10 5.66e-03 4.23e-04 1.70e-04 9.62e-05 1.52e-05
1.84e+00 1.74e+00 3.70e-02 1.74e+00 3.70e-02 2.52e-07 1.00e-04 8.73e-06 3.91e-06 2.60e-06 2.71e-07
1.86e+00 1.58e+00 9.56e-02 1.57e+00 9.61e-02 8.32e-08 3.24e-03 1.63e-04 6.76e-05 3.69e-05 7.17e-06
1.81e+00 1.68e+00 7.02e-02 1.68e+00 7.02e-02 7.60e-07 4.25e-04 3.10e-05 1.43e-05 7.55e-06 9.93e-07
1.84e+00 1.77e+00 2.16e-02 1.78e+00 2.28e-02 8.25e-08 3.21e-05 4.87e-06 2.40e-06 1.32e-06 2.10e-07
1.83e+00 7.65e-01 7.56e-01 7.00e-02 1.03e+00 7.35e-07 6.26e-03 4.12e-04 1.05e-04 5.70e-05 1.27e-05
1.86e+00 1.61e+00 2.55e-01 1.65e+00 2.58e-01 3.36e-07 8.17e-04 4.36e-05 1.72e-05 9.17e-06 1.43e-06
1.87e+00 1.76e+00 1.82e-02 1.75e+00 2.20e-02 3.78e-12 3.33e-05 6.81e-06 3.32e-06 2.29e-06 2.82e-07
1.85e+00 1.78e+00 3.39e-02 1.78e+00 3.39e-02 5.52e-07 3.20e-05 3.00e-06 1.26e-06 8.02e-07 1.03e-07
1.85e+00 1.77e+00 2.00e-02 1.76e+00 2.07e-02 2.05e-09 3.31e-05 5.86e-06 2.90e-06 1.37e-06 2.14e-07
1.86e+00 1.76e+00 3.43e-02 1.75e+00 3.51e-02 1.28e-07 6.21e-05 5.77e-06 2.92e-06 1.73e-06 2.31e-07
1.84e+00 1.73e+00 3.83e-02 1.72e+00 3.96e-02 4.30e-07 1.35e-04 1.24e-05 5.78e-06 2.56e-06 3.66e-07
1.82e+00 1.79e+00 2.22e-02 1.79e+00 2.24e-02 2.11e-06 2.11e-05 4.00e-06 2.07e-06 1.00e-06 1.71e-07
1.83e+00 1.76e+00 3.10e-02 1.75e+00 3.15e-02 5.84e-07 7.24e-05 8.00e-06 3.27e-06 2.01e-06 3.52e-07
1.84e+00 1.51e+00 7.90e-02 1.49e+00 8.22e-02 1.35e-06 1.93e-02 9.63e-04 4.70e-04 3.00e-04 3.96e-05
1.81e+00 1.78e+00 1.38e-02 1.78e+00 1.42e-02 5.08e-07 1.38e-05 4.74e-06 1.55e-06 8.82e-07 1.91e-07
1.85e+00 1.76e+00 3.24e-02 1.75e+00 3.57e-02 3.67e-07 5.97e-05 6.63e-06 3.04e-06 1.74e-06 1.85e-07
1.84e+00 1.77e+00 4.31e-02 1.78e+00 4.41e-02 8.62e-07 3.98e-05 3.63e-06 1.81e-06 8.61e-07 1.26e-07
1.80e+00 1.59e-01 3.68e-01 7.00e-02 3.79e-01 1.11e-05 3.86e-02 7.08e-03 2.79e-03 1.65e-03 1.15e-04
1.87e+00 1.49e+00 4.80e-02 1.46e+00 5.72e-02 1.85e-11 3.01e-02 2.49e-03 9.65e-04 6.69e-04 7.78e-05
1.81e+00 1.81e+00 1.09e-02 1.82e+00 1.28e-02 8.89e-07 1.77e-06 9.58e-07 3.61e-07 2.07e-07 3.85e-08
1.84e+00 1.72e+00 4.06e-02 1.72e+00 4.07e-02 3.26e-07 1.65e-04 1.34e-05 5.63e-06 3.45e-06 4.20e-07
1.81e+00 1.76e+00 3.47e-02 1.75e+00 3.55e-02 2.00e-06 5.55e-05 5.47e-06 2.72e-06 1.61e-06 2.50e-07
1.87e+00 1.62e+00 5.42e-02 1.63e+00 5.46e-02 7.61e-09 1.30e-03 7.68e-05 3.43e-05 2.27e-05 2.90e-06
1.83e+00 1.70e+00 4.68e-02 1.71e+00 4.74e-02 2.93e-07 2.23e-04 1.66e-05 6.95e-06 4.26e-06 5.19e-07
1.81e+00 1.76e+00 3.33e-02 1.75e+00 3.55e-02 1.84e-06 5.03e-05 5.55e-06 2.16e-06 1.40e-06 2.61e-07
1.94e+00 1.16e+00 6.89e-01 7.00e-02 1.29e+00 9.02e-09 3.56e-03 1.35e-04 6.42e-05 3.58e-05 6.31e-06
1.95e+00 7.11e-01 7.68e-01 7.00e-02 1.00e+00 6.57e-09 2.55e-03 1.85e-04 4.43e-05 3.26e-05 3.91e-06
1.94e+00 1.64e+00 2.35e-02 1.64e+00 2.35e-02 4.20e-23 7.98e-04 1.25e-04 5.78e-05 3.17e-05 5.51e-06
1.90e+00 1.69e+00 4.84e-02 1.69e+00 4.85e-02 2.87e-09 3.43e-04 2.61e-05 1.08e-05 6.44e-06 8.05e-07
1.93e+00 1.79e+00 1.89e-02 1.78e+00 1.97e-02 3.83e-14 2.11e-05 4.38e-06 1.66e-06 9.41e-07 1.98e-07
1.94e+00 1.59e+00 5.09e-02 1.58e+00 5.24e-02 5.37e-11 2.83e-03 1.74e-04 8.28e-05 5.01e-05 5.45e-06
1.91e+00 1.18e+00 5.62e-02 1.17e+00 5.67e-02 1.02e-09 1.37e+01 7.28e-01 3.28e-01 2.23e-01 2.85e-02
1.87e+00 1.55e+00 4.99e-02 1.53e+00 5.52e-02 1.75e-09 9.38e-03 6.60e-04 2.74e-04 1.62e-04 2.49e-05
1.88e+00 1.29e+00 2.13e-02 1.29e+00 2.13e-02 5.78e-10 2.08e+00 3.52e-01 1.41e-01 1.35e-01 1.19e-02
1.94e+00 1.81e+00 1.09e-02 1.81e+00 1.09e-02 1.86e-28 2.88e-06 1.02e-06 5.55e-07 2.41e-07 3.60e-08
1.95e+00 1.64e+00 1.12e-01 1.65e+00 1.13e-01 1.26e-09 7.90e-04 4.29e-05 2.12e-05 1.16e-05 1.45e-06
1.91e+00 1.62e+00 5.51e-02 1.63e+00 5.57e-02 7.43e-10 1.36e-03 7.33e-05 3.64e-05 1.99e-05 3.31e-06
1.89e+00 1.71e+00 2.86e-02 1.71e+00 2.88e-02 1.21e-11 2.24e-04 2.72e-05 1.35e-05 7.92e-06 7.92e-07
1.94e+00 7.26e-01 7.60e-01 7.00e-02 1.00e+00 3.58e-08 5.38e-03 5.10e-04 9.27e-05 5.87e-05 9.27e-06
1.93e+00 1.58e+00 7.45e-02 1.56e+00 7.61e-02 3.36e-09 4.87e-03 3.08e-04 1.39e-04 8.36e-05 9.50e-06
1.91e+00 1.80e+00 1.28e-02 1.81e+00 1.39e-02 1.64e-18 4.16e-06 1.05e-06 7.50e-07 7.50e-07 1.37e-07
1.95e+00 1.72e+00 2.16e-02 1.72e+00 2.16e-02 3.47e-19 1.06e-04 1.67e-05 7.75e-06 3.57e-06 6.12e-07
1.93e+00 3.59e-01 5.99e-01 8.00e-02 6.61e-01 4.40e-08 1.03e-02 1.15e-03 3.90e-04 1.99e-04 1.47e-05
1.89e+00 1.28e+00 6.31e-01 1.61e+00 7.13e-01 6.66e-08 2.61e-03 1.04e-04 4.27e-05 2.51e-05 3.77e-06
1.90e+00 1.55e+00 1.33e-01 1.54e+00 1.34e-01 3.13e-08 8.02e-03 4.79e-04 1.91e-04 1.16e-04 1.25e-05
1.93e+00 1.61e+00 2.60e-01 1.65e+00 2.63e-01 1.03e-08 6.64e-04 3.66e-05 1.62e-05 9.52e-06 9.52e-07
1.91e+00 1.15e+00 6.69e-01 7.00e-02 1.27e+00 5.22e-07 5.67e-03 2.25e-04 8.81e-05 5.76e-05 8.99e-06
1.90e+00 1.69e+00 4.42e-02 1.69e+00 4.42e-02 5.25e-09 3.00e-04 2.25e-05 9.22e-06 5.53e-06 7.09e-07
1.87e+00 1.70e+00 3.43e-02 1.70e+00 3.43e-02 9.02e-09 2.94e-04 2.82e-05 1.16e-05 7.53e-06 1.05e-06
1.88e+00 1.41e+00 4.23e-02 1.42e+00 4.29e-02 1.15e-08 1.40e-01 1.22e-02 4.33e-03 2.79e-03 2.93e-04
1.93e+00 5.77e-01 7.26e-01 7.00e-02 8.85e-01 3.87e-08 5.01e-03 5.30e-04 1.60e-04 5.34e-05 1.00e-05
1.94e+00 1.60e+00 4.91e-02 1.60e+00 4.93e-02 1.38e-11 2.14e-03 1.35e-04 6.84e-05 4.10e-05 6.44e-06
1.90e+00 2.92e-01 5.38e-01 8.00e-02 5.78e-01 9.75e-07 2.57e-02 3.13e-03 1.26e-03 5.21e-04 3.59e-05
1.96e+00 1.49e+00 3.62e-01 1.56e+00 3.68e-01 5.14e-09 4.15e-03 2.23e-04 9.18e-05 4.32e-05 6.75e-06
1.94e+00 1.79e+00 1.59e-02 1.79e+00 1.63e-02 3.48e-18 1.29e-05 2.76e-06 1.80e-06 9.10e-07 8.27e-08
1.88e+00 1.75e+00 2.43e-02 1.75e+00 2.46e-02 2.20e-10 6.11e-05 8.64e-06 4.16e-06 1.97e-06 3.83e-07
1.88e+00 1.46e+00 4.71e-01 1.62e+00 4.96e-01 1.42e-06 1.77e-03 7.54e-05 2.94e-05 1.62e-05 2.45e-06
1.91e+00 1.79e+00 1.27e-02 1.79e+00 1.27e-02 2.97e-18 6.28e-06 1.67e-06 1.27e-06 6.59e-07 6.08e-08
1.94e+00 5.81e-01 7.30e-01 7.00e-02 8.91e-01 1.46e-08 3.45e-03 2.72e-04 7.54e-05 3.57e-05 5.95e-06
1.93e+00 1.56e+00 5.26e-02 1.56e+00 5.28e-02 4.05e-10 6.41e-03 4.09e-04 1.70e-04 1.05e-04 1.57e-05
1.95e+00 1.37e+00 6.55e-01 1.69e+00 7.29e-01 9.25e-09 2.58e-04 1.06e-05 4.47e-06 2.68e-06 4.47e-07
1.91e+00 1.59e+00 1.04e-01 1.56e+00 1.08e-01 2.73e-09 3.07e-03 1.69e-04 7.27e-05 4.41e-05 7.72e-06
1.95e+00 1.75e+00 3.78e-02 1.75e+00 3.80e-02 2.39e-10 7.19e-05 6.33e-06 2.60e-06 1.60e-06 2.40e-07
1.93e+00 1.59e+00 1.55e-01 1.60e+00 1.55e-01 1.85e-09 2.00e-03 1.13e-04 5.03e-05 2.52e-05 2.65e-06
1.93e+00 1.63e+00 1.02e-01 1.64e+00 1.03e-01 8.90e-10 1.11e-03 5.76e-05 2.60e-05 1.67e-05 1.86e-06
1.95e+00 1.66e+00 3.83e-02 1.66e+00 3.84e-02 1.03e-11 6.52e-04 5.69e-05 2.51e-05 1.27e-05 2.47e-06
1.90e+00 1.25e+00 6.76e-02 1.22e+00 7.59e-02 1.90e-11 1.80e+00 7.66e-02 3.58e-02 2.37e-02 3.86e-03
1.88e+00 1.71e+00 2.61e-02 1.71e+00 2.62e-02 1.25e-11 1.88e-04 2.40e-05 1.00e-05 7.57e-06 8.73e-07
1.93e+00 1.75e+00 3.76e-02 1.75e+00 3.77e-02 1.69e-09 7.31e-05 6.28e-06 2.83e-06 1.44e-06 2.46e-07
1.93e+00 1.86e+00 1.01e-02 1.86e+00 1.04e-02 8.54e-15 7.30e-07 2.94e-07 1.68e-07 1.68e-07 1.48e-08
1.91e+00 1.77e+00 2.52e-02 1.78e+00 2.58e-02 1.21e-10 3.82e-05 4.83e-06 2.40e-06 1.22e-06 1.87e-07
1.93e+00 1.58e+00 6.53e-02 1.57e+00 6.55e-02 1.25e-09 3.65e-03 1.90e-04 7.44e-05 5.04e-05 8.40e-06
1.90e+00 1.76e+00 3.67e-02 1.75e+00 3.78e-02 2.18e-08 6.83e-05 6.20e-06 2.63e-06 1.80e-06 2.75e-07
1.93e+00 1.43e+00 4.09e-01 1.53e+00 4.22e-01 1.12e-08 8.88e-03 3.69e-04 1.26e-04 8.00e-05 1.03e-05
1.89e+00 1.74e+00 3.45e-02 1.75e+00 3.54e-02 9.94e-09 9.54e-05 9.27e-06 4.04e-06 2.58e-06 2.81e-07
1.90e+00 1.47e+00 6.54e-02 1.45e+00 6.93e-02 9.90e-08 4.35e-02 2.98e-03 1.03e-03 5.55e-04 6.17e-05
1.90e+00 1.67e+00 1.73e-01 1.68e+00 1.73e-01 3.99e-08 2.97e-04 1.70e-05 6.84e-06 3.58e-06 4.21e-07
1.88e+00 1.67e+00 3.77e-02 1.67e+00 3.78e-02 5.99e-10 6.74e-04 5.92e-05 2.50e-05 1.62e-05 2.21e-06
1.90e+00 1.79e+00 1.87e-02 1.79e+00 1.91e-02 1.46e-11 1.31e-05 2.51e-06 1.15e-06 1.10e-06 1.58e-07
1.90e+00 1.79e+00 2.48e-02 1.78e+00 2.58e-02 2.16e-09 2.91e-05 3.74e-06 1.93e-06 1.00e-06 1.00e-07
1.95e+00 1.80e+00 1.76e-02 1.79e+00 1.84e-02 3.52e-17 1.46e-05 2.73e-06 1.39e-06 1.00e-06 1.17e-07
1.93e+00 1.78e+00 1.34e-02 1.78e+00 1.35e-02 4.29e-23 1.07e-05 3.80e-06 2.16e-06 7.45e-07 2.29e-07
1.91e+00 1.58e+00 2.05e-01 1.58e+00 2.05e-01 8.76e-08 2.44e-03 1.12e-04 5.76e-05 3.23e-05 3.51e-06
1.90e+00 1.54e+00 7.83e-02 1.53e+00 7.85e-02 6.12e-09 1.50e-02 1.05e-03 4.52e-04 2.26e-04 3.32e-05
1.95e+00 1.61e+00 5.09e-02 1.62e+00 5.14e-02 1.60e-11 1.68e-03 1.05e-04 5.08e-05 3.05e-05 3.81e-06
1.90e+00 1.80e+00 1.40e-02 1.79e+00 1.56e-02 1.48e-15 9.47e-06 2.20e-06 1.64e-06 8.60e-07 1.69e-07
1.90e+00 1.58e+00 2.04e-02 1.58e+00 2.08e-02 2.26e-46 1.96e-03 3.55e-04 1.96e-04 1.31e-04 1.25e-05
1.94e+00 1.66e+00 3.68e-02 1.66e+00 3.71e-02 2.24e-12 7.30e-04 6.72e-05 2.62e-05 1.64e-05 2.05e-06
1.93e+00 1.58e+00 7.71e-02 1.56e+00 7.87e-02 1.89e-08 4.26e-03 2.47e-04 1.04e-04 6.29e-05 9.44e-06
1.94e+00 1.45e+00 4.97e-01 1.63e+00 5.27e-01 1.31e-07 2.03e-03 8.20e-05 3.59e-05 2.13e-05 3.37e-06
1.92e+00 1.75e+00 4.76e-02 1.75e+00 4.76e-02 2.52e-08 5.98e-05 4.12e-06 1.64e-06 1.08e-06 1.61e-07
1.93e+00 1.54e+00 4.75e-02 1.53e+00 4.86e-02 1.39e-10 1.12e-02 8.38e-04 3.78e-04 1.86e-04 3.10e-05
1.93e+00 1.81e+00 1.24e-02 1.81e+00 1.30e-02 1.82e-23 3.80e-06 9.23e-07 6.08e-07 6.08e-07 1.40e-07
1.89e+00 1.73e+00 3.12e-02 1.73e+00 3.15e-02 8.62e-10 1.26e-04 1.43e-05 6.21e-06 3.66e-06 5.57e-07
1.94e+00 1.76e+00 4.80e-02 1.75e+00 4.87e-02 1.29e-08 4.84e-05 3.19e-06 1.44e-06 8.73e-07 1.31e-07
1.88e+00 1.57e+00 8.76e-02 1.57e+00 8.77e-02 1.44e-08 3.60e-03 1.85e-04 8.55e-05 4.94e-05 6.02e-06
1.90e+00 1.56e+00 1.97e-01 1.56e+00 1.97e-01 1.10e-08 4.60e-03 2.82e-04 1.20e-04 6.66e-05 6.83e-06
1.92e+00 1.51e+00 4.56e-01 1.65e+00 4.78e-01 1.39e-08 8.02e-04 3.65e-05 1.55e-05 8.38e-06 1.48e-06
1.88e+00 1.77e+00 1.53e-02 1.77e+00 1.57e-02 7.78e-16 2.48e-05 5.09e-06 4.84e-06 1.96e-06 2.72e-07
1.91e+00 1.82e+00 9.48e-03 1.82e+00 1.00e-02 7.32e-16 1.68e-06 8.83e-07 3.82e-07 2.17e-07 2.22e-08
1.91e+00 1.63e+00 9.90e-02 1.65e+00 1.01e-01 5.01e-09 1.05e-03 5.78e-05 2.79e-05 1.59e-05 1.89e-06
1.89e+00 1.77e+00 1.55e-02 1.78e+00 1.73e-02 9.95e-16 1.30e-05 2.98e-06 1.52e-06 1.52e-06 1.98e-07
1.92e+00 1.60e+00 3.75e-02 1.60e+00 3.75e-02 4.86e-13 2.56e-03 2.09e-04 1.13e-04 5.41e-05 9.02e-06
1.89e+00 1.69e+00 1.48e-02 1.69e+00 1.53e-02 1.79e-26 9.16e-05 2.21e-05 1.36e-05 6.44e-06 1.46e-06
1.91e+00 1.53e+00 1.97e-01 1.56e+00 1.99e-01 4.21e-07 4.81e-03 1.88e-04 9.09e-05 5.93e-05 6.59e-06
1.90e+00 1.73e+00 6.92e-02 1.72e+00 6.98e-02 7.79e-09 1.27e-04 1.16e-05 5.72e-06 2.69e-06 3.94e-07
1.91e+00 1.56e+00 7.65e-02 1.53e+00 8.06e-02 2.13e-09 9.40e-03 6.69e-04 2.93e-04 1.82e-04 2.48e-05
1.95e+00 1.59e+00 4.84e-02 1.58e+00 4.94e-02 8.08e-12 3.01e-03 1.94e-04 9.12e-05 4.74e-05 7.10e-06
1.89e+00 1.76e+00 8.11e-02 1.75e+00 8.14e-02 8.41e-08 5.08e-05 3.84e-06 1.67e-06 8.37e-07 9.85e-08
1.92e+00 1.86e+00 8.53e-03 1.85e+00 1.01e-02 7.35e-14 8.03e-07 3.86e-07 2.76e-07 7.77e-08 1.75e-08
1.93e+00 1.66e+00 2.83e-01 1.71e+00 2.88e-01 1.03e-08 1.91e-04 1.14e-05 4.80e-06 2.61e-06 2.82e-07
1.89e+00 1.05e+00 7.48e-02 1.03e+00 7.75e-02 2.23e-11 2.92e+01 2.47e+00 8.85e-01 3.63e-01 4.35e-02
1.93e+00 1.64e+00 4.97e-02 1.65e+00 5.13e-02 1.37e-10 9.66e-04 6.19e-05 2.68e-05 1.89e-05 2.37e-06
1.94e+00 1.62e+00 3.65e-02 1.62e+00 3.65e-02 1.43e-13 1.96e-03 1.81e-04 8.15e-05 5.18e-05 6.61e-06
1.93e+00 1.65e+00 1.33e-01 1.66e+00 1.34e-01 1.64e-08 6.17e-04 3.77e-05 1.46e-05 8.68e-06 1.14e-06
1.89e+00 1.78e+00 1.55e-02 1.78e+00 1.61e-02 8.37e-13 1.10e-05 2.62e-06 1.43e-06 6.99e-07 2.70e-07
1.88e+00 1.53e+00 4.82e-02 1.53e+00 4.82e-02 1.01e-08 1.67e-02 1.23e-03 4.56e-04 3.19e-04 3.80e-05
1.91e+00 1.81e+00 1.24e-02 1.81e+00 1.29e-02 3.53e-17 4.19e-06 9.76e-07 6.44e-07 6.44e-07 1.63e-07
1.92e+00 1.78e+00 2.33e-02 1.78e+00 2.33e-02 8.83e-12 2.64e-05 4.03e-06 1.83e-06 1.05e-06 1.46e-07
1.92e+00 1.79e+00 1.96e-02 1.79e+00 1.98e-02 2.47e-12 1.99e-05 3.90e-06 1.62e-06 9.24e-07 1.05e-07
1.91e+00 1.54e+00 1.34e-01 1.53e+00 1.34e-01 1.94e-08 1.06e-02 7.10e-04 2.99e-04 1.73e-04 1.87e-05
1.93e+00 1.67e+00 1.11e-01 1.68e+00 1.12e-01 4.30e-09 3.41e-04 2.15e-05 8.30e-06 5.06e-06 6.48e-07
1.94e+00 1.61e+00 6.59e-02 1.61e+00 6.60e-02 6.28e-10 1.89e-03 1.07e-04 4.79e-05 2.84e-05 3.78e-06
1.93e+00 1.63e+00 4.19e-02 1.63e+00 4.21e-02 3.86e-13 1.43e-03 1.06e-04 4.68e-05 3.01e-05 5.35e-06
1.91e+00 1.73e+00 2.53e-02 1.72e+00 2.60e-02 3.87e-13 1.26e-04 1.72e-05 7.54e-06 4.23e-06 6.20e-07
1.94e+00 1.56e+00 2.46e-01 1.60e+00 2.49e-01 5.05e-09 2.33e-03 1.11e-04 5.16e-05 2.71e-05 3.39e-06
1.90e+00 1.60e+00 2.15e-01 1.65e+00 2.20e-01 3.63e-08 1.05e-03 5.26e-05 2.40e-05 1.38e-05 1.64e-06
1.91e+00 5.78e-01 7.19e-01 7.00e-02 8.80e-01 5.89e-07 2.21e-02 2.34e-03 8.44e-04 2.11e-04 3.24e-05
1.93e+00 1.66e+00 3.97e-02 1.66e+00 3.97e-02 1.61e-12 6.47e-04 5.50e-05 2.60e-05 1.35e-05 2.02e-06
1.92e+00 1.66e+00 5.33e-02 1.67e+00 5.38e-02 2.87e-10 5.31e-04 3.40e-05 1.41e-05 9.20e-06 1.07e-06
1.88e+00 1.48e+00 1.97e-01 1.46e+00 1.98e-01 7.98e-08 1.24e-02 6.13e-04 2.46e-04 1.17e-04 1.67e-05
1.92e+00 1.60e+00 3.71e-02 1.60e+00 3.72e-02 5.06e-14 2.52e-03 2.08e-04 1.08e-04 6.93e-05 8.98e-06
1.89e+00 1.62e+00 4.19e-01 1.72e+00 4.29e-01 1.24e-07 9.05e-05 5.32e-06 2.15e-06 1.21e-06 1.96e-07
1.92e+00 1.81e+00 1.10e-02 1.82e+00 1.34e-02 6.56e-21 2.73e-06 9.68e-07 4.28e-07 1.95e-07 3.41e-08
1.90e+00 1.77e+00 2.20e-02 1.76e+00 2.27e-02 1.78e-11 3.92e-05 6.47e-06 3.64e-06 1.84e-06 2.67e-07
1.94e+00 1.77e+00 2.61e-02 1.76e+00 2.68e-02 2.96e-12 4.79e-05 6.57e-06 2.70e-06 1.62e-06 2.46e-07
1.94e+00 1.60e+00 1.43e-01 1.62e+00 1.44e-01 1.87e-08 1.53e-03 7.67e-05 3.78e-05 2.13e-05 2.43e-06
1.95e+00 1.66e+00 8.79e-02 1.67e+00 8.83e-02 1.90e-09 4.91e-04 3.09e-05 1.30e-05 7.07e-06 9.31e-07
1.89e+00 1.41e+00 4.69e-02 1.42e+00 4.77e-02 2.73e-09 1.60e-01 1.20e-02 4.46e-03 2.80e-03 2.88e-04
1.99e+00 1.65e+00 1.38e-01 1.68e+00 1.40e-01 2.14e-10 4.93e-04 2.63e-05 1.15e-05 6.18e-06 8.59e-07
1.99e+00 1.79e+00 1.75e-02 1.79e+00 1.77e-02 5.91e-23 1.67e-05 3.51e-06 1.42e-06 1.28e-06 1.38e-07
1.98e+00 1.56e+00 2.52e-01 1.58e+00 2.53e-01 7.97e-10 2.43e-03 1.17e-04 5.17e-05 3.20e-05 2.91e-06
2.01e+00 1.78e+00 4.19e-02 1.78e+00 4.21e-02 2.04e-10 3.43e-05 2.67e-06 1.22e-06 6.18e-07 8.83e-08
1.96e+00 1.60e+00 1.25e-01 1.60e+00 1.25e-01 1.46e-09 1.95e-03 1.02e-04 4.76e-05 3.21e-05 4.16e-06
1.98e+00 1.73e+00 2.92e-02 1.72e+00 2.96e-02 2.39e-14 1.44e-04 1.64e-05 8.80e-06 5.63e-06 6.14e-07
1.99e+00 1.78e+00 3.06e-02 1.78e+00 3.10e-02 5.94e-13 4.69e-05 5.32e-06 2.06e-06 1.23e-06 1.90e-07
1.99e+00 1.48e+00 5.02e-01 1.67e+00 5.37e-01 6.97e-10 6.53e-04 2.64e-05 1.07e-05 6.90e-06 1.21e-06
2.01e+00 1.34e+00 7.10e-01 1.73e+00 8.08e-01 1.69e-10 1.64e-04 8.88e-06 3.62e-06 2.66e-06 4.53e-07
1.99e+00 1.31e+00 4.54e-02 1.31e+00 4.54e-02 5.69e-10 2.40e+00 2.07e-01 9.89e-02 5.33e-02 6.34e-03
2.00e+00 1.70e+00 6.80e-02 1.71e+00 6.83e-02 1.12e-10 1.79e-04 1.09e-05 4.81e-06 2.55e-06 4.24e-07
1.99e+00 1.78e+00 2.65e-02 1.78e+00 2.65e-02 8.26e-15 3.61e-05 4.97e-06 1.75e-06 1.69e-06 1.46e-07
1.99e+00 1.79e+00 1.92e-02 1.79e+00 1.92e-02 1.26e-20 1.48e-05 3.06e-06 1.62e-06 7.80e-07 1.43e-07
1.98e+00 1.71e+00 5.95e-02 1.72e+00 5.98e-02 1.49e-10 1.50e-04 9.92e-06 4.76e-06 2.41e-06 3.26e-07
1.97e+00 1.77e+00 3.14e-02 1.77e+00 3.14e-02 2.89e-12 4.59e-05 5.43e-06 2.37e-06 1.60e-06 2.00e-07
1.99e+00 1.73e+00 1.59e-01 1.74e+00 1.59e-01 2.77e-10 8.20e-05 5.90e-06 2.34e-06 1.55e-06 1.38e-07
2.00e+00 1.71e+00 4.39e-02 1.71e+00 4.41e-02 6.01e-12 2.16e-04 1.66e-05 6.40e-06 3.96e-06 5.08e-07
1.99e+00 1.72e+00 4.33e-02 1.72e+00 4.33e-02 8.50e-12 1.53e-04 1.18e-05 5.17e-06 3.32e-06 4.63e-07
2.01e+00 1.76e+00 2.73e-02 1.75e+00 2.80e-02 1.26e-16 6.49e-05 8.07e-06 4.24e-06 2.30e-06 3.07e-07
1.97e+00 1.75e+00 3.41e-02 1.75e+00 3.42e-02 5.28e-12 8.54e-05 7.76e-06 3.69e-06 2.32e-06 3.17e-07
2.01e+00 1.76e+00 4.48e-02 1.75e+00 4.69e-02 5.35e-11 5.51e-05 4.11e-06 1.97e-06 1.04e-06 1.64e-07
2.01e+00 1.75e+00 3.18e-02 1.75e+00 3.18e-02 7.94e-15 9.08e-05 9.70e-06 4.67e-06 2.97e-06 4.25e-07
1.98e+00 1.72e+00 4.11e-02 1.72e+00 4.11e-02 1.02e-11 1.52e-04 1.21e-05 5.30e-06 3.23e-06 4.61e-07
2.00e+00 1.77e+00 3.00e-02 1.75e+00 3.38e-02 3.66e-14 5.60e-05 6.76e-06 2.48e-06 1.50e-06 2.19e-07
2.00e+00 5.70e-01 7.35e-01 7.00e-02 8.89e-01 7.50e-09 4.72e-03 4.78e-04 1.63e-04 5.42e-05 1.02e-05
2.00e+00 1.75e+00 2.47e-02 1.75e+00 2.47e-02 3.46e-18 5.61e-05 8.08e-06 4.30e-06 2.27e-06 2.90e-07
1.99e+00 1.77e+00 2.63e-02 1.77e+00 2.64e-02 3.99e-15 3.70e-05 4.53e-06 2.72e-06 1.48e-06 2.75e-07
1.98e+00 1.27e+00 2.90e-01 1.33e+00 2.97e-01 3.85e-08 2.15e+00 1.41e-01 6.44e-02 2.86e-02 2.68e-03
2.01e+00 1.77e+00 2.57e-02 1.78e+00 2.74e-02 7.53e-17 4.27e-05 5.54e-06 3.11e-06 1.82e-06 2.27e-07
1.96e+00 1.57e+00 1.68e-01 1.56e+00 1.69e-01 8.77e-10 3.21e-03 1.69e-04 7.66e-05 5.00e-05 4.26e-06
1.99e+00 1.76e+00 3.75e-02 1.75e+00 3.94e-02 2.21e-11 5.87e-05 5.47e-06 2.49e-06 1.52e-06 1.62e-07
2.01e+00 1.62e+00 5.85e-02 1.62e+00 5.85e-02 1.25e-11 1.63e-03 1.05e-04 4.85e-05 2.46e-05 3.41e-06
2.01e+00 1.34e+00 9.67e-02 1.35e+00 9.68e-02 1.14e-09 1.45e+00 9.19e-02 3.92e-02 2.22e-02 2.34e-03
2.02e+00 1.78e+00 2.52e-02 1.78e+00 2.53e-02 1.21e-17 3.56e-05 4.93e-06 2.34e-06 1.41e-06 1.50e-07
1.99e+00 1.78e+00 1.92e-02 1.78e+00 1.95e-02 3.36e-21 2.16e-05 4.30e-06 1.70e-06 1.14e-06 2.79e-07
2.01e+00 1.75e+00 4.36e-02 1.75e+00 4.39e-02 5.81e-11 6.13e-05 4.71e-06 1.84e-06 1.24e-06 1.51e-07
1.96e+00 1.62e+00 1.48e-01 1.64e+00 1.50e-01 3.27e-10 1.10e-03 5.67e-05 2.71e-05 1.45e-05 1.76e-06
1.98e+00 1.77e+00 3.32e-02 1.77e+00 3.32e-02 8.66e-12 4.53e-05 5.15e-06 1.90e-06 1.07e-06 1.88e-07
1.99e+00 1.76e+00 3.73e-02 1.75e+00 3.84e-02 1.51e-11 5.79e-05 5.32e-06 2.30e-06 1.58e-06 1.64e-07
1.98e+00 1.64e+00 2.87e-02 1.65e+00 2.93e-02 1.69e-18 9.22e-04 1.12e-04 5.75e-05 3.46e-05 4.57e-06
1.98e+00 2.19e-01 4.81e-01 7.00e-02 5.04e-01 5.50e-09 2.21e-03 3.06e-04 1.48e-04 8.10e-05 5.28e-06
2.00e+00 1.72e+00 2.93e-02 1.72e+00 2.94e-02 5.55e-17 1.78e-04 2.04e-05 1.08e-05 6.03e-06 7.54e-07
1.98e+00 1.77e+00 2.52e-02 1.78e+00 2.70e-02 1.15e-15 4.11e-05 5.44e-06 2.96e-06 1.73e-06 1.89e-07
2.01e+00 1.81e+00 1.58e-02 1.81e+00 1.59e-02 1.70e-27 4.99e-06 1.09e-06 6.98e-07 2.93e-07 4.36e-08
2.00e+00 3.20e-01 5.45e-01 8.00e-02 5.95e-01 5.19e-08 1.73e-01 2.09e-02 6.71e-03 2.76e-03 2.63e-04
1.99e+00 1.73e+00 2.63e-02 1.72e+00 2.73e-02 7.69e-18 1.28e-04 1.64e-05 7.24e-06 4.96e-06 5.95e-07
1.97e+00 1.75e+00 4.06e-02 1.75e+00 4.06e-02 1.49e-10 7.18e-05 5.79e-06 2.60e-06 1.45e-06 1.85e-07
1.95e+00 1.79e+00 2.55e-02 1.78e+00 2.71e-02 4.23e-12 2.82e-05 3.72e-06 2.11e-06 1.14e-06 1.39e-07
1.99e+00 1.73e+00 4.53e-02 1.72e+00 4.60e-02 6.34e-11 1.06e-04 7.86e-06 3.54e-06 2.04e-06 2.91e-07
1.97e+00 1.51e+00 2.10e-01 1.53e+00 2.10e-01 1.10e-09 1.09e-02 6.00e-04 2.35e-04 1.49e-04 1.49e-05
1.99e+00 1.75e+00 4.13e-02 1.75e+00 4.16e-02 7.59e-11 6.27e-05 5.03e-06 2.25e-06 1.62e-06 1.99e-07
1.97e+00 1.77e+00 3.45e-02 1.78e+00 3.57e-02 4.29e-11 4.40e-05 4.25e-06 1.81e-06 1.12e-06 1.27e-07
1.98e+00 1.55e+00 7.53e-02 1.56e+00 7.60e-02 4.78e-09 5.79e-03 2.65e-04 1.36e-04 8.29e-05 1.06e-05
1.98e+00 1.74e+00 5.82e-02 1.74e+00 5.82e-02 4.92e-10 8.19e-05 6.01e-06 2.86e-06 1.50e-06 2.15e-07
1.99e+00 1.72e+00 3.93e-02 1.72e+00 3.94e-02 2.46e-12 1.50e-04 1.16e-05 6.50e-06 3.17e-06 4.76e-07
1.97e+00 1.57e+00 2.76e-01 1.64e+00 2.84e-01 8.46e-10 1.19e-03 6.20e-05 2.23e-05 1.19e-05 1.54e-06
2.00e+00 6.26e-01 7.56e-01 8.00e-02 9.33e-01 8.49e-10 1.85e-03 1.55e-04 4.61e-05 2.31e-05 3.01e-06
1.97e+00 1.71e+00 4.62e-02 1.71e+00 4.63e-02 6.87e-11 1.91e-04 1.44e-05 6.02e-06 3.78e-06 5.16e-07
1.98e+00 1.31e+00 2.62e-01 1.34e+00 2.64e-01 8.28e-10 2.32e-01 1.66e-02 6.34e-03 3.40e-03 3.40e-04
1.98e+00 1.77e+00 4.40e-02 1.76e+00 4.47e-02 7.98e-10 4.33e-05 3.43e-06 1.66e-06 9.20e-07 1.23e-07
1.97e+00 1.57e+00 2.09e-01 1.56e+00 2.10e-01 2.74e-09 2.88e-03 1.44e-04 7.44e-05 3.50e-05 4.48e-06
1.99e+00 1.72e+00 1.01e-01 1.72e+00 1.01e-01 2.57e-10 1.16e-04 7.66e-06 3.63e-06 1.96e-06 1.96e-07
1.97e+00 1.78e+00 4.95e-02 1.78e+00 4.96e-02 2.37e-09 3.55e-05 2.60e-06 1.04e-06 6.55e-07 6.71e-08
1.97e+00 1.71e+00 5.87e-02 1.71e+00 5.87e-02 3.86e-10 1.57e-04 1.06e-05 4.77e-06 2.48e-06 3.27e-07
1.97e+00 1.79e+00 1.13e-02 1.79e+00 1.16e-02 1.49e-40 6.26e-06 2.28e-06 1.38e-06 7.23e-07 1.49e-07
2.00e+00 1.80e+00 1.90e-02 1.80e+00 1.90e-02 3.75e-21 9.97e-06 1.79e-06 1.31e-06 4.93e-07 1.06e-07
1.99e+00 1.53e+00 1.15e-01 1.53e+00 1.15e-01 8.80e-10 1.13e-02 6.32e-04 2.67e-04 1.49e-04 1.96e-05
1.96e+00 1.23e+00 4.73e-02 1.25e+00 5.22e-02 1.16e-08 6.68e+00 4.71e-01 2.18e-01 1.52e-01 1.79e-02
1.98e+00 1.71e+00 3.17e-02 1.71e+00 3.17e-02 2.15e-14 2.32e-04 2.55e-05 1.26e-05 7.94e-06 7.49e-07
2.01e+00 1.65e+00 2.05e-01 1.68e+00 2.06e-01 1.85e-10 3.44e-04 1.83e-05 7.52e-06 4.11e-06 5.88e-07
1.97e+00 1.77e+00 2.85e-02 1.78e+00 2.92e-02 1.28e-12 4.34e-05 5.02e-06 2.54e-06 1.64e-06 1.55e-07
1.99e+00 1.74e+00 3.27e-02 1.74e+00 3.29e-02 1.06e-13 1.20e-04 1.38e-05 5.48e-06 3.32e-06 4.33e-07
1.96e+00 1.53e+00 1.03e-01 1.54e+00 1.03e-01 2.68e-09 9.68e-03 4.94e-04 2.09e-04 1.28e-04 1.56e-05
1.99e+00 1.70e+00 1.04e-01 1.71e+00 1.04e-01 8.60e-11 2.29e-04 1.77e-05 9.00e-06 4.77e-06 5.42e-07
1.99e+00 1.78e+00 3.21e-02 1.78e+00 3.21e-02 3.68e-12 4.17e-05 4.49e-06 2.20e-06 1.38e-06 1.65e-07
1.96e+00 1.44e+00 4.67e-02 1.44e+00 4.69e-02 1.27e-09 8.18e-02 8.74e-03 3.12e-03 2.03e-03 1.56e-04
1.95e+00 1.59e+00 5.12e-02 1.59e+00 5.13e-02 1.20e-10 3.07e-03 1.85e-04 9.16e-05 4.81e-05 7.04e-06
1.96e+00 1.64e+00 4.27e-01 1.75e+00 4.41e-01 2.44e-09 6.39e-05 4.32e-06 1.67e-06 8.75e-07 1.69e-07
2.00e+00 1.71e+00 4.62e-02 1.71e+00 4.64e-02 1.20e-11 1.56e-04 1.06e-05 5.01e-06 3.41e-06 4.18e-07
2.00e+00 1.74e+00 4.28e-02 1.73e+00 4.36e-02 6.87e-11 1.30e-04 1.01e-05 4.93e-06 2.69e-06 3.84e-07
2.01e+00 1.58e+00 2.93e-01 1.65e+00 3.02e-01 8.13e-11 9.52e-04 4.67e-05 1.70e-05 9.40e-06 1.52e-06
1.99e+00 1.25e+00 1.57e-01 1.26e+00 1.57e-01 3.33e-09 2.10e+00 1.26e-01 4.42e-02 2.42e-02 3.46e-03
1.99e+00 1.77e+00 3.02e-02 1.75e+00 3.40e-02 1.11e-13 5.70e-05 6.81e-06 2.55e-06 1.52e-06 2.22e-07
2.00e+00 1.06e+00 7.28e-01 7.00e-02 1.23e+00 2.12e-09 3.55e-03 1.39e-04 5.29e-05 3.07e-05 5.29e-06
1.98e+00 1.72e+00 1.94e-02 1.72e+00 1.94e-02 1.97e-27 1.00e-04 1.81e-05 7.49e-06 5.51e-06 1.10e-06
1.97e+00 7.58e-01 7.81e-01 8.00e-02 1.03e+00 3.71e-09 1.49e-03 1.05e-04 2.58e-05 1.72e-05 2.65e-06
2.01e+00 1.72e+00 4.16e-02 1.72e+00 4.18e-02 1.01e-11 1.67e-04 1.26e-05 5.96e-06 3.19e-06 5.88e-07
2.00e+00 1.75e+00 4.33e-02 1.75e+00 4.33e-02 6.01e-11 6.41e-05 4.98e-06 2.13e-06 1.53e-06 1.88e-07
2.00e+00 1.81e+00 1.39e-02 1.81e+00 1.42e-02 2.76e-33 4.20e-06 9.37e-07 6.27e-07 2.69e-07 7.03e-08
1.97e+00 1.69e+00 2.94e-02 1.69e+00 2.95e-02 1.35e-14 3.27e-04 3.53e-05 1.72e-05 9.29e-06 1.81e-06
1.96e+00 1.67e+00 6.23e-02 1.67e+00 6.24e-02 9.80e-11 4.67e-04 3.01e-05 1.31e-05 6.83e-06 9.22e-07
1.97e+00 1.71e+00 4.35e-02 1.71e+00 4.35e-02 2.78e-11 1.85e-04 1.41e-05 6.55e-06 4.34e-06 4.43e-07
1.99e+00 1.76e+00 3.73e-02 1.75e+00 3.90e-02 2.67e-11 5.67e-05 5.35e-06 2.40e-06 1.52e-06 1.58e-07
1.99e+00 1.73e+00 2.81e-02 1.73e+00 2.82e-02 2.99e-16 1.17e-04 1.36e-05 6.12e-06 3.84e-06 4.90e-07
1.98e+00 1.72e+00 4.01e-02 1.71e+00 4.05e-02 5.25e-12 1.72e-04 1.37e-05 6.42e-06 4.40e-06 5.28e-07
2.01e+00 1.43e+00 5.87e-02 1.45e+00 6.09e-02 4.83e-14 4.99e-02 6.38e-03 2.71e-03 1.04e-03 1.16e-04
2.00e+00 1.58e+00 2.83e-02 1.59e+00 2.90e-02 9.46e-25 3.33e-03 4.05e-04 2.16e-04 1.21e-04 2.13e-05
1.95e+00 1.77e+00 2.59e-02 1.78e+00 2.70e-02 4.05e-13 4.16e-05 5.10e-06 2.94e-06 1.58e-06 2.58e-07
1.96e+00 1.54e+00 4.37e-01 1.68e+00 4.58e-01 8.45e-10 4.69e-04 2.64e-05 1.00e-05 5.35e-06 8.36e-07
1.98e+00 1.28e+00 7.46e-01 1.72e+00 8.69e-01 3.01e-09 1.32e-04 5.68e-06 2.64e-06 1.63e-06 2.23e-07
2.00e+00 1.68e+00 4.86e-02 1.68e+00 4.87e-02 1.82e-11 4.54e-04 3.40e-05 1.33e-05 7.65e-06 1.01e-06
1.96e+00 1.64e+00 6.91e-02 1.65e+00 6.93e-02 1.39e-10 7.88e-04 4.48e-05 1.96e-05 1.22e-05 1.78e-06
2.01e+00 1.77e+00 2.85e-02 1.76e+00 2.92e-02 7.28e-16 5.14e-05 6.57e-06 3.11e-06 1.99e-06 1.75e-07
1.98e+00 1.73e+00 2.89e-02 1.72e+00 3.07e-02 2.88e-15 1.25e-04 1.44e-05 6.76e-06 3.81e-06 6.06e-07
1.98e+00 1.69e+00 2.34e-01 1.72e+00 2.37e-01 3.55e-10 1.63e-04 1.20e-05 4.57e-06 2.75e-06 2.90e-07
2.00e+00 1.71e+00 3.68e-02 1.71e+00 3.69e-02 4.85e-14 2.27e-04 1.98e-05 8.28e-06 5.52e-06 7.53e-07
2.00e+00 1.68e+00 1.19e-01 1.69e+00 1.20e-01 1.93e-11 2.82e-04 1.87e-05 7.74e-06 4.74e-06 5.78e-07
2.01e+00 1.76e+00 3.17e-02 1.75e+00 3.37e-02 3.47e-14 6.13e-05 6.51e-06 3.36e-06 2.08e-06 2.40e-07
1.97e+00 1.72e+00 3.81e-02 1.72e+00 3.81e-02 6.45e-12 1.53e-04 1.39e-05 6.47e-06 3.11e-06 4.20e-07
1.99e+00 1.37e+00 1.44e-01 1.34e+00 1.47e-01 1.37e-10 8.56e-02 5.69e-03 2.21e-03 1.16e-03 1.60e-04
2.00e+00 1.60e+00 5.89e-02 1.57e+00 6.42e-02 2.03e-11 2.83e-03 1.61e-04 8.10e-05 5.00e-05 7.00e-06
2.02e+00 1.78e+00 2.79e-02 1.78e+00 2.83e-02 4.93e-16 4.17e-05 5.09e-06 2.57e-06 1.52e-06 2.48e-07
1.99e+00 1.75e+00 4.39e-02 1.75e+00 4.39e-02 1.42e-10 6.55e-05 5.15e-06 2.09e-06 1.51e-06 1.93e-07
2.06e+00 5.84e-01 7.61e-01 9.00e-02 9.08e-01 1.15e-10 3.82e-04 3.31e-05 8.08e-06 5.13e-06 7.89e-07
2.02e+00 1.24e+00 5.46e-02 1.26e+00 5.71e-02 3.65e-09 2.76e+00 2.48e-01 1.09e-01 6.27e-02 9.18e-03
2.02e+00 1.77e+00 3.17e-02 1.77e+00 3.17e-02 2.78e-14 5.17e-05 6.02e-06 2.72e-06 1.82e-06 2.24e-07
2.07e+00 1.82e+00 1.12e-02 1.82e+00 1.13e-02 1.70e-59 2.25e-06 1.00e-06 4.32e-07 1.71e-07 2.51e-08
2.06e+00 1.73e+00 4.80e-02 1.72e+00 4.85e-02 5.84e-13 1.39e-04 1.11e-05 5.34e-06 2.97e-06 4.05e-07
2.03e+00 1.82e+00 1.01e-02 1.82e+00 1.11e-02 7.05e-52 1.83e-06 8.64e-07 4.69e-07 2.00e-07 2.17e-08
2.05e+00 1.73e+00 3.79e-02 1.72e+00 3.95e-02 1.52e-15 1.08e-04 1.01e-05 4.70e-06 2.12e-06 2.87e-07
2.06e+00 1.75e+00 3.50e-02 1.75e+00 3.52e-02 1.43e-15 9.71e-05 9.06e-06 4.59e-06 2.98e-06 4.02e-07
2.06e+00 1.76e+00 3.40e-02 1.75e+00 3.58e-02 8.02e-16 6.49e-05 6.45e-06 2.57e-06 1.70e-06 1.98e-07
2.04e+00 1.76e+00 3.70e-02 1.75e+00 3.86e-02 1.70e-13 5.68e-05 5.38e-06 2.37e-06 1.51e-06 2.56e-07
2.06e+00 3.18e-01 5.82e-01 9.00e-02 6.25e-01 3.39e-10 5.92e-04 5.89e-05 2.23e-05 1.36e-05 9.99e-07
2.03e+00 1.78e+00 3.33e-02 1.78e+00 3.33e-02 8.39e-14 3.56e-05 3.31e-06 1.91e-06 8.85e-07 1.59e-07
2.03e+00 1.52e+00 3.42e-01 1.61e+00 3.53e-01 9.59e-11 2.10e-03 1.01e-04 3.63e-05 1.98e-05 2.55e-06
2.02e+00 1.76e+00 4.09e-02 1.75e+00 4.34e-02 1.52e-11 4.53e-05 3.85e-06 1.66e-06 8.19e-07 1.37e-07
2.08e+00 2.25e-01 4.63e-01 8.00e-02 4.85e-01 1.04e-10 5.68e-03 6.26e-04 3.11e-04 1.29e-04 1.24e-05
2.04e+00 1.70e+00 3.89e-02 1.69e+00 3.96e-02 3.53e-16 2.71e-04 2.37e-05 1.09e-05 5.83e-06 7.11e-07
2.02e+00 1.72e+00 4.55e-02 1.72e+00 4.55e-02 1.98e-12 1.29e-04 9.48e-06 4.38e-06 2.40e-06 3.00e-07
2.04e+00 1.75e+00 9.09e-02 1.75e+00 9.09e-02 2.66e-11 5.58e-05 3.93e-06 1.63e-06 9.89e-07 1.24e-07
2.08e+00 1.77e+00 3.87e-02 1.76e+00 3.94e-02 7.50e-14 6.07e-05 5.20e-06 2.33e-06 1.24e-06 1.60e-07
2.06e+00 5.67e-01 6.76e-01 8.00e-02 8.33e-01 1.85e-09 4.48e-02 3.41e-03 9.43e-04 3.63e-04 7.26e-05
2.10e+00 1.71e+00 2.43e-02 1.71e+00 2.44e-02 4.78e-28 1.54e-04 2.30e-05 1.13e-05 5.46e-06 7.80e-07
2.07e+00 1.51e+00 4.24e-01 1.64e+00 4.44e-01 1.21e-11 1.12e-03 5.02e-05 2.00e-05 1.15e-05 1.56e-06
2.05e+00 1.75e+00 4.04e-02 1.75e+00 4.06e-02 2.47e-13 7.66e-05 6.56e-06 2.86e-06 1.95e-06 1.99e-07
2.05e+00 1.76e+00 3.31e-02 1.76e+00 3.34e-02 1.25e-14 5.62e-05 5.87e-06 2.95e-06 1.65e-06 2.06e-07
2.05e+00 1.78e+00 4.14e-02 1.78e+00 4.15e-02 3.85e-12 2.88e-05 2.29e-06 9.73e-07 5.60e-07 8.85e-08
2.05e+00 1.55e+00 2.47e-01 1.58e+00 2.49e-01 9.14e-12 3.18e-03 1.69e-04 7.41e-05 4.38e-05 4.18e-06
2.10e+00 1.64e+00 2.32e-02 1.64e+00 2.34e-02 1.01e-32 7.44e-04 1.08e-04 4.49e-05 3.53e-05 3.85e-06
2.05e+00 1.82e+00 1.05e-02 1.82e+00 1.07e-02 5.74e-55 2.11e-06 9.57e-07 5.58e-07 3.03e-07 4.33e-08
2.05e+00 1.54e+00 3.66e-01 1.64e+00 3.79e-01 3.43e-11 1.18e-03 5.18e-05 2.59e-05 1.21e-05 2.29e-06
2.07e+00 1.75e+00 3.27e-02 1.75e+00 3.28e-02 1.28e-16 8.00e-05 7.92e-06 4.38e-06 2.03e-06 3.13e-07
2.01e+00 1.79e+00 2.24e-02 1.79e+00 2.29e-02 9.28e-19 1.88e-05 3.01e-06 1.75e-06 9.11e-07 1.20e-07
2.06e+00 1.69e+00 5.13e-02 1.69e+00 5.15e-02 1.56e-13 2.41e-04 1.52e-05 7.62e-06 4.17e-06 5.08e-07
2.09e+00 1.61e+00 1.45e-01 1.62e+00 1.45e-01 3.53e-13 1.40e-03 7.60e-05 3.45e-05 2.19e-05 3.26e-06
2.03e+00 1.56e+00 5.54e-01 1.75e+00 5.85e-01 8.19e-11 4.94e-05 3.14e-06 1.24e-06 6.52e-07 1.38e-07
2.08e+00 1.64e+00 2.52e-01 1.68e+00 2.56e-01 7.74e-12 3.52e-04 1.92e-05 7.87e-06 4.05e-06 4.77e-07
