2.30e-02 1.40e-01 7.27e-04 1.40e-01 7.28e-04 1.17e-76 2.31e-56 2.25e+01 2.25e+01 2.25e+01 2.25e+01
2.19e-02 1.48e-01 4.10e-03 1.50e-01 4.50e-03 5.43e-58 1.13e-32 1.04e+00 1.04e+00 1.04e+00 2.57e-01
4.42e-02 1.00e-02 9.34e-13 1.00e-02 9.34e-13 1.34e-71 5.16e+00 5.16e+00 5.16e+00 5.16e+00 5.16e+00
3.65e-02 1.51e-01 3.11e-03 1.50e-01 3.29e-03 5.50e-111 1.99e-35 9.73e-01 9.73e-01 9.73e-01 1.22e-01
4.84e-02 1.30e-01 1.54e-05 1.30e-01 1.54e-05 0.00e+00 0.00e+00 3.33e+00 3.33e+00 3.33e+00 3.33e+00
3.84e-02 1.60e-01 1.33e-03 1.60e-01 1.34e-03 1.68e-30 6.93e-13 2.09e+01 2.09e+01 2.09e+01 2.09e+01
3.76e-02 4.92e-02 2.67e-03 5.00e-02 2.77e-03 3.80e-01 3.80e-01 5.96e+00 5.96e+00 5.96e+00 5.09e-01
3.47e-02 1.53e-01 5.03e-03 1.50e-01 6.11e-03 3.13e-28 1.19e-26 2.87e+01 1.60e+01 1.60e+01 1.60e+01
3.01e-02 4.97e-02 1.09e-02 5.00e-02 1.09e-02 5.53e-01 6.36e-01 3.86e+00 1.81e+00 1.81e+00 1.94e-01
4.74e-02 8.49e-02 5.05e-03 8.00e-02 7.04e-03 1.93e-13 1.93e-13 1.76e+01 1.73e+01 1.73e+01 1.73e+01
3.22e-02 1.19e-01 3.40e-03 1.20e-01 3.65e-03 3.60e-148 5.54e-116 4.99e+00 4.99e+00 4.99e+00 7.78e-01
3.51e-02 7.48e-02 1.66e-02 8.00e-02 1.74e-02 1.34e-01 1.46e-01 3.21e+00 1.99e+00 1.03e+00 1.45e-01
4.55e-02 1.28e-01 6.41e-03 1.30e-01 6.63e-03 1.96e-18 3.88e-10 6.90e+00 3.47e+00 3.47e+00 1.35e+00
4.84e-02 5.30e-02 9.05e-03 5.00e-02 9.54e-03 2.55e+00 3.67e+00 2.82e+00 1.22e+00 1.22e+00 1.13e-01
2.96e-02 1.00e-01 1.91e-03 1.00e-01 1.91e-03 1.14e-16 1.14e-16 7.45e+00 7.45e+00 7.45e+00 1.87e-01
3.11e-02 1.00e-02 5.22e-04 1.00e-02 5.22e-04 7.51e-09 1.89e+00 1.88e+00 1.88e+00 1.88e+00 1.88e+00
3.02e-02 1.63e-02 5.00e-03 2.00e-02 6.25e-03 2.06e-02 2.71e+00 1.65e+00 1.65e+00 1.04e+00 1.04e+00
4.36e-02 1.68e-01 4.90e-03 1.70e-01 5.44e-03 5.00e-13 2.19e-03 7.93e+00 7.93e+00 2.55e+00 2.55e+00
2.54e-02 4.00e-02 2.70e-04 4.00e-02 2.70e-04 1.73e-03 1.73e-03 2.01e+01 2.01e+01 2.01e+01 2.01e+01
4.63e-02 1.10e-01 2.89e-03 1.10e-01 2.89e-03 1.50e-37 1.50e-37 2.19e+01 2.19e+01 2.19e+01 8.81e-01
4.57e-02 2.27e-02 4.50e-03 2.00e-02 5.23e-03 3.24e-04 4.10e+00 2.98e+00 2.98e+00 1.11e+00 1.11e+00
6.19e-02 8.88e-02 3.22e-03 9.00e-02 3.43e-03 5.96e-13 5.96e-13 6.22e+00 6.22e+00 6.22e+00 8.44e-01
6.85e-02 4.98e-02 1.53e-03 5.00e-02 1.54e-03 1.91e-03 2.19e+01 2.14e+01 2.14e+01 2.14e+01 2.14e+01
5.21e-02 3.00e-02 1.63e-06 3.00e-02 1.63e-06 6.37e-53 6.87e+00 6.87e+00 6.87e+00 6.87e+00 6.87e+00
5.37e-02 2.01e-01 2.46e-03 2.00e-01 2.54e-03 5.47e-10 8.69e-10 2.68e+01 2.68e+01 2.68e+01 1.88e+00
5.15e-02 1.30e-01 1.59e-03 1.30e-01 1.60e-03 3.16e-84 1.25e-49 8.47e+00 8.47e+00 8.47e+00 8.47e+00
5.28e-02 1.46e-01 5.08e-03 1.50e-01 6.63e-03 2.66e-81 2.66e-23 7.24e+00 5.57e+00 5.57e+00 5.57e+00
6.88e-02 2.10e-01 9.52e-04 2.10e-01 9.55e-04 5.40e-09 1.81e-08 1.88e+01 1.88e+01 1.88e+01 1.88e+01
6.62e-02 1.30e-01 2.29e-07 1.30e-01 2.29e-07 0.00e+00 0.00e+00 2.57e+01 2.57e+01 2.57e+01 2.57e+01
6.87e-02 3.00e-02 3.20e-04 3.00e-02 3.20e-04 2.16e-32 1.05e+01 1.05e+01 1.05e+01 1.05e+01 1.05e+01
5.07e-02 1.23e-01 4.71e-03 1.20e-01 5.75e-03 8.44e-57 3.86e-23 6.94e+00 6.94e+00 3.42e+00 3.42e+00
5.31e-02 5.00e-02 2.85e-04 5.00e-02 2.85e-04 1.42e+01 2.06e+01 2.05e+01 2.05e+01 2.05e+01 2.05e+01
7.14e-02 6.01e-02 1.03e-03 6.00e-02 1.03e-03 1.45e-01 1.58e+01 1.57e+01 1.57e+01 1.57e+01 1.57e+01
7.30e-02 1.60e-01 7.21e-03 1.60e-01 7.21e-03 5.38e-64 1.77e-02 8.03e+00 8.03e+00 8.03e+00 2.42e-01
5.09e-02 6.24e-02 4.26e-03 6.00e-02 4.87e-03 1.53e+00 1.53e+00 1.69e+01 1.69e+01 5.25e+00 5.25e+00
5.75e-02 1.00e-02 1.95e-13 1.00e-02 1.95e-13 1.64e-143 2.99e+00 2.99e+00 2.99e+00 2.99e+00 2.99e+00
5.23e-02 1.29e-01 7.09e-03 1.30e-01 7.16e-03 3.59e-18 2.99e-06 4.42e+00 1.98e+00 1.35e+00 1.33e-01
5.85e-02 1.43e-02 4.96e-03 1.00e-02 6.59e-03 6.27e-23 3.20e+00 1.81e+00 1.81e+00 1.81e+00 1.39e+00
7.17e-02 1.02e-01 4.11e-03 1.00e-01 4.63e-03 1.70e-09 1.70e-09 2.41e+01 2.41e+01 6.67e+00 6.67e+00
5.33e-02 1.36e-02 4.81e-03 1.00e-02 6.02e-03 3.12e-19 3.15e+00 2.01e+00 2.01e+00 2.01e+00 1.14e+00
6.68e-02 2.29e-01 1.73e-02 2.30e-01 1.73e-02 7.56e-03 8.66e-03 1.99e+01 7.92e+00 7.79e+00 1.51e+00
5.25e-02 1.74e-01 2.14e-02 1.70e-01 2.17e-02 2.47e-03 4.79e-02 3.88e+00 2.24e+00 1.35e+00 4.20e-01
6.87e-02 1.27e-01 6.25e-02 1.60e-01 7.07e-02 4.69e-10 4.46e+00 5.67e+00 3.65e+00 2.96e+00 6.84e-01
6.75e-02 1.39e-01 1.18e-02 1.40e-01 1.18e-02 2.53e-09 2.97e-04 3.73e+00 2.30e+00 1.08e+00 2.40e-01
6.87e-02 1.90e-02 3.65e-03 2.00e-02 3.79e-03 1.53e-18 1.91e+00 1.64e+00 1.64e+00 1.64e+00 2.39e-01
6.36e-02 4.97e-02 1.12e-02 5.00e-02 1.12e-02 9.18e-01 5.43e+00 1.70e+00 1.19e+00 4.49e-01 8.98e-02
7.17e-02 1.00e-02 1.81e-05 1.00e-02 1.81e-05 9.88e-35 3.32e+00 3.32e+00 3.32e+00 3.32e+00 3.32e+00
5.88e-02 1.30e-01 4.94e-03 1.30e-01 4.96e-03 9.09e-27 7.40e-15 7.43e+00 7.43e+00 1.42e+00 9.34e-01
6.35e-02 1.36e-02 5.07e-03 1.00e-02 6.24e-03 2.01e-12 4.31e+00 2.80e+00 2.80e+00 2.80e+00 1.46e+00
7.14e-02 5.49e-02 5.04e-03 5.00e-02 7.05e-03 1.50e-02 2.14e+01 1.08e+01 1.05e+01 1.05e+01 1.05e+01
5.65e-02 1.73e-01 2.16e-02 1.80e-01 2.28e-02 4.62e-15 3.76e-01 1.02e+01 7.37e+00 7.37e+00 7.37e+00
6.93e-02 1.29e-01 3.16e-03 1.30e-01 3.31e-03 1.64e-43 7.76e-32 7.70e+00 7.70e+00 7.70e+00 9.29e-01
5.78e-02 7.87e-02 9.98e-03 8.00e-02 1.01e-02 9.74e-01 1.08e+00 6.67e+00 3.72e+00 3.72e+00 6.37e-01
6.53e-02 2.45e-02 1.00e-02 2.00e-02 1.10e-02 2.86e-04 4.50e+00 1.83e+00 1.69e+00 5.90e-01 3.78e-01
6.97e-02 8.17e-02 6.37e-03 8.00e-02 6.58e-03 2.15e+00 2.19e+00 1.10e+01 5.18e+00 5.18e+00 2.26e+00
5.20e-02 1.36e-01 5.73e-03 1.40e-01 6.74e-03 1.02e-38 1.89e-13 6.67e+00 4.86e+00 4.86e+00 5.70e-01
6.91e-02 7.27e-02 8.63e-03 7.00e-02 9.05e-03 5.78e+00 8.06e+00 6.13e+00 4.78e+00 2.28e+00 2.47e-01
5.15e-02 8.07e-02 2.58e-03 8.00e-02 2.68e-03 2.26e-12 2.26e-12 2.52e+01 2.52e+01 2.52e+01 2.03e+00
6.18e-02 1.96e-01 4.28e-02 2.10e-01 4.52e-02 3.30e-01 4.82e-01 7.50e+00 2.75e+00 2.56e+00 1.51e-01
8.73e-02 5.48e-02 6.05e-03 6.00e-02 7.97e-03 4.44e-05 7.33e+00 3.50e+00 3.42e+00 3.42e+00 1.59e-01
9.40e-02 1.51e-01 1.26e-02 1.50e-01 1.26e-02 4.38e-05 6.65e-03 4.10e+00 2.37e+00 2.37e+00 5.77e-01
8.98e-02 5.25e-02 4.33e-03 5.00e-02 5.01e-03 3.52e-16 8.48e+00 6.36e+00 6.36e+00 2.14e+00 2.14e+00
8.94e-02 7.12e-02 3.69e-03 7.00e-02 3.87e-03 1.40e-01 1.81e+01 1.54e+01 1.54e+01 1.54e+01 2.47e+00
9.09e-02 1.09e-01 3.01e-03 1.10e-01 3.16e-03 2.47e-01 2.47e-01 2.53e+01 2.53e+01 2.53e+01 2.80e+00
9.13e-02 1.57e-01 5.39e-02 1.80e-01 5.86e-02 4.23e-91 1.25e+00 6.84e+00 6.84e+00 6.84e+00 1.27e+00
9.97e-02 2.15e-02 5.05e-03 2.00e-02 5.26e-03 7.19e-18 2.28e+00 1.67e+00 1.67e+00 4.62e-01 1.43e-01
9.62e-02 3.00e-02 3.99e-04 3.00e-02 3.99e-04 2.35e-242 4.68e+00 4.68e+00 4.68e+00 4.68e+00 4.68e+00
1.01e-01 1.20e-01 2.13e-03 1.20e-01 2.18e-03 1.66e-01 1.66e-01 3.91e+01 3.91e+01 3.91e+01 1.97e+00
9.71e-02 1.30e-01 6.47e-07 1.30e-01 6.47e-07 7.22e-83 7.22e-83 3.49e+01 3.49e+01 3.49e+01 3.49e+01
9.06e-02 1.19e-01 3.01e-03 1.20e-01 3.17e-03 1.24e-07 1.24e-07 3.78e+01 3.78e+01 3.78e+01 4.37e+00
8.92e-02 2.11e-02 3.31e-03 2.00e-02 3.51e-03 9.23e-55 3.25e+00 2.85e+00 2.85e+00 2.85e+00 3.87e-01
9.07e-02 1.21e-01 2.63e-03 1.20e-01 2.74e-03 2.66e-18 2.66e-18 8.33e+00 8.33e+00 8.33e+00 7.12e-01
9.10e-02 1.00e-01 1.13e-04 1.00e-01 1.13e-04 8.23e-01 8.23e-01 8.19e+00 8.19e+00 8.19e+00 8.19e+00
8.02e-02 9.17e-02 3.78e-03 9.00e-02 4.15e-03 4.11e-01 4.11e-01 2.34e+01 2.34e+01 2.34e+01 4.93e+00
9.03e-02 7.40e-02 1.38e-02 7.00e-02 1.44e-02 8.68e-06 1.71e+01 1.60e+01 1.60e+01 1.60e+01 7.23e-01
9.14e-02 1.04e-01 8.47e-03 1.00e-01 9.54e-03 3.58e+00 4.15e+00 9.59e+00 9.06e+00 2.60e+00 1.98e+00
9.11e-02 8.07e-02 1.17e-02 8.00e-02 1.17e-02 4.27e+00 1.58e+01 4.63e+00 3.77e+00 1.52e+00 2.30e-01
9.91e-02 1.57e-01 3.08e-02 1.60e-01 3.09e-02 2.49e-07 9.75e-01 6.26e+00 3.16e+00 3.16e+00 4.42e-01
9.07e-02 6.41e-02 1.29e-02 6.00e-02 1.35e-02 6.48e-02 5.92e+00 5.56e+00 5.56e+00 5.56e+00 2.52e-01
9.44e-02 1.77e-01 1.97e-02 1.80e-01 2.00e-02 5.80e-06 4.92e-02 4.93e+00 2.49e+00 1.37e+00 2.74e-01
8.78e-02 1.89e-01 1.36e-02 1.90e-01 1.37e-02 2.22e-09 4.96e-02 4.91e+00 2.30e+00 2.30e+00 2.96e-01
8.92e-02 2.53e-01 6.06e-02 2.90e-01 7.09e-02 1.17e-10 2.06e-02 1.37e+01 6.95e+00 4.27e+00 1.10e+00
8.15e-02 7.61e-02 4.92e-03 8.00e-02 6.29e-03 1.44e+01 2.80e+01 1.70e+01 1.10e+01 1.10e+01 1.10e+01
8.46e-02 2.20e-01 6.51e-02 2.50e-01 7.18e-02 1.33e-02 1.07e-01 6.84e+00 2.72e+00 1.50e+00 1.46e-01
9.14e-02 2.05e-01 5.00e-03 2.00e-01 7.06e-03 1.20e-24 2.76e-06 1.25e+01 1.24e+01 1.24e+01 1.24e+01
9.49e-02 4.90e-02 6.82e-03 5.00e-02 6.90e-03 1.46e-08 8.49e+00 4.98e+00 2.03e+00 1.33e+00 1.50e-01
7.84e-02 1.61e-01 5.40e-03 1.60e-01 5.48e-03 3.05e-75 2.67e-08 8.97e+00 8.97e+00 2.39e+00 1.26e+00
9.83e-02 1.79e-01 4.40e-02 1.60e-01 4.81e-02 1.30e-02 1.64e-02 1.09e+01 5.90e+00 3.09e+00 4.01e-01
8.48e-02 1.35e-01 1.66e-02 1.30e-01 1.72e-02 7.76e-03 8.76e-03 2.68e+00 1.58e+00 8.56e-01 1.65e-01
8.43e-02 9.67e-02 1.51e-02 1.00e-01 1.55e-02 1.71e+00 3.12e+00 4.05e+00 2.61e+00 6.92e-01 1.02e-01
8.91e-02 1.27e-01 6.19e-02 9.00e-02 7.21e-02 3.49e+00 3.54e+00 3.81e+00 3.81e+00 3.81e+00 1.40e+00
8.74e-02 5.09e-02 1.90e-02 5.00e-02 1.91e-02 6.69e-01 1.50e+01 2.64e+00 1.12e+00 1.02e+00 3.57e-01
9.88e-02 2.35e-01 2.47e-02 2.40e-01 2.53e-02 8.03e-01 8.11e-01 2.56e+01 2.56e+01 2.56e+01 2.06e+00
9.80e-02 3.77e-01 9.27e-02 4.20e-01 1.02e-01 1.41e-02 3.77e-02 9.90e+00 3.32e+00 2.00e+00 1.72e-01
8.89e-02 6.79e-02 6.31e-03 7.00e-02 6.66e-03 1.52e-01 1.35e+01 8.12e+00 3.84e+00 3.84e+00 1.35e+00
8.93e-02 1.38e-01 1.23e-02 1.30e-01 1.48e-02 4.06e-05 1.69e-04 3.61e+00 2.07e+00 1.36e+00 1.11e-01
9.47e-02 1.37e-01 5.90e-03 1.40e-01 6.53e-03 5.91e-09 5.15e-06 2.23e+01 1.22e+01 1.22e+01 2.36e+00
7.78e-02 3.45e-02 6.82e-03 3.00e-02 8.17e-03 3.13e-06 3.35e+00 1.76e+00 1.25e+00 1.25e+00 1.50e-01
8.81e-02 1.55e-01 1.33e-02 1.60e-01 1.43e-02 4.97e-47 1.02e-01 7.46e+00 7.27e+00 7.27e+00 5.25e-01
8.93e-02 5.69e-02 1.13e-02 6.00e-02 1.18e-02 7.27e-02 9.25e+00 2.63e+00 1.71e+00 1.26e+00 1.38e-01
9.01e-02 9.42e-02 6.20e-03 9.00e-02 7.51e-03 1.10e+01 1.21e+01 1.10e+01 9.53e+00 9.53e+00 4.99e-01
8.15e-02 2.03e-02 8.34e-03 2.00e-02 8.34e-03 2.54e-12 4.02e+00 2.06e+00 9.84e-01 9.84e-01 9.22e-01
8.55e-02 6.22e-02 1.10e-02 6.00e-02 1.12e-02 5.39e-01 1.01e+01 3.68e+00 1.91e+00 1.02e+00 1.67e-01
8.27e-02 1.12e-01 5.59e-03 1.10e-01 6.08e-03 2.38e-03 2.38e-03 1.60e+01 7.32e+00 7.32e+00 1.53e+00
8.42e-02 2.14e-01 6.00e-03 2.10e-01 7.04e-03 7.68e-05 2.38e-04 7.55e+00 5.24e+00 5.24e+00 6.45e-01
8.51e-02 9.18e-02 4.54e-03 9.00e-02 4.88e-03 7.67e+00 7.96e+00 1.44e+01 1.44e+01 3.91e+00 5.79e-01
9.77e-02 8.86e-02 1.68e-02 9.00e-02 1.69e-02 3.67e+00 1.42e+01 3.81e+00 2.03e+00 1.62e+00 3.16e-01
9.77e-02 1.71e-01 1.57e-02 1.70e-01 1.58e-02 3.95e-08 1.93e-02 5.78e+00 2.94e+00 2.94e+00 2.64e-01
9.76e-02 4.31e-02 9.19e-03 4.00e-02 9.69e-03 2.89e-06 4.30e+00 1.93e+00 6.80e-01 6.80e-01 5.83e-02
9.68e-02 1.40e-01 1.53e-03 1.40e-01 1.54e-03 7.11e-33 8.06e-25 4.04e+01 4.04e+01 4.04e+01 4.04e+01
1.13e-01 7.45e-02 5.05e-03 7.00e-02 6.79e-03 1.63e-18 2.76e+01 1.49e+01 1.26e+01 1.26e+01 1.26e+01
1.20e-01 3.00e-02 4.26e-07 3.00e-02 4.26e-07 0.00e+00 5.38e+00 5.38e+00 5.38e+00 5.38e+00 5.38e+00
1.14e-01 1.80e-01 2.71e-08 1.80e-01 2.71e-08 0.00e+00 0.00e+00 1.58e+00 1.58e+00 1.58e+00 1.58e+00
1.14e-01 1.38e-01 3.94e-03 1.40e-01 4.38e-03 3.02e-05 3.02e-05 3.94e+01 3.94e+01 3.94e+01 9.51e+00
1.02e-01 1.00e-01 1.47e-03 1.00e-01 1.48e-03 2.26e+01 2.77e+01 2.76e+01 2.76e+01 2.76e+01 2.76e+01
1.23e-01 1.10e-01 1.93e-03 1.10e-01 1.94e-03 1.39e-01 2.68e+01 2.58e+01 2.58e+01 2.58e+01 9.08e-01
1.15e-01 1.38e-01 5.88e-03 1.40e-01 6.30e-03 4.47e-03 4.47e-03 6.85e+00 3.48e+00 3.48e+00 9.29e-01
1.11e-01 9.00e-02 3.55e-05 9.00e-02 3.55e-05 3.30e-20 1.82e+01 1.82e+01 1.82e+01 1.82e+01 1.82e+01
1.07e-01 1.16e-01 4.81e-03 1.20e-01 6.03e-03 4.05e+00 4.05e+00 9.80e+00 5.62e+00 5.62e+00 5.62e+00
1.19e-01 1.51e-01 2.63e-03 1.50e-01 2.73e-03 4.66e-22 1.96e-04 4.16e+01 4.16e+01 4.16e+01 3.35e+00
1.12e-01 4.30e-02 4.66e-03 4.00e-02 5.55e-03 1.21e-57 2.65e+00 1.84e+00 1.84e+00 8.04e-01 8.04e-01
1.17e-01 1.00e-02 4.88e-04 1.00e-02 4.89e-04 0.00e+00 1.51e+00 1.51e+00 1.51e+00 1.51e+00 1.51e+00
1.20e-01 1.88e-01 3.67e-03 1.90e-01 4.01e-03 4.04e-107 1.54e-50 3.94e+01 3.94e+01 3.94e+01 7.73e+00
1.13e-01 5.07e-02 3.65e-03 5.00e-02 3.71e-03 1.17e-42 9.94e+00 8.58e+00 8.58e+00 8.58e+00 3.45e-01
1.16e-01 1.10e-01 1.26e-05 1.10e-01 1.26e-05 8.05e+00 2.12e+01 2.12e+01 2.12e+01 2.12e+01 2.12e+01
1.17e-01 4.65e-02 2.50e-02 4.00e-02 2.59e-02 3.13e-02 4.97e+00 1.66e+00 9.52e-01 4.59e-01 5.01e-02
1.17e-01 1.30e-01 1.65e-03 1.30e-01 1.68e-03 6.52e-01 6.52e-01 3.02e+01 3.02e+01 3.02e+01 3.02e+01
1.09e-01 9.95e-02 2.19e-03 1.00e-01 2.24e-03 3.92e+00 3.84e+01 3.65e+01 3.65e+01 3.65e+01 2.02e+00
1.19e-01 1.56e-01 6.49e-03 1.60e-01 7.61e-03 4.46e-11 4.46e-11 8.37e+00 7.65e+00 7.65e+00 1.22e+00
1.14e-01 9.00e-02 3.13e-04 9.00e-02 3.13e-04 1.28e-12 3.51e+01 3.51e+01 3.51e+01 3.51e+01 3.51e+01
1.07e-01 1.10e-01 1.22e-03 1.10e-01 1.23e-03 2.61e+01 2.65e+01 3.57e+01 3.57e+01 3.57e+01 3.57e+01
1.16e-01 1.49e-01 2.49e-03 1.50e-01 2.58e-03 3.08e-37 3.08e-37 1.87e+01 1.87e+01 1.87e+01 1.41e+00
1.21e-01 2.27e-01 7.09e-03 2.30e-01 7.63e-03 3.11e-33 3.44e-02 1.67e+01 1.67e+01 5.97e+00 5.97e+00
1.16e-01 5.86e-02 7.45e-02 2.00e-02 8.39e-02 6.43e-22 3.42e+00 1.90e+00 1.14e+00 1.14e+00 8.60e-02
1.09e-01 1.00e-02 8.98e-12 1.00e-02 8.98e-12 0.00e+00 1.51e+00 1.51e+00 1.51e+00 1.51e+00 1.51e+00
1.24e-01 1.10e-01 2.63e-03 1.10e-01 2.66e-03 2.70e-01 2.44e+01 2.26e+01 2.26e+01 2.26e+01 1.37e+00
1.17e-01 2.20e-01 3.13e-03 2.20e-01 3.13e-03 5.87e-26 8.75e-10 1.10e+01 1.10e+01 1.10e+01 6.08e-01
1.24e-01 1.50e-01 1.88e-02 1.50e-01 1.88e-02 2.67e+00 3.19e+00 1.17e+01 8.81e+00 5.04e+00 5.59e-01
1.13e-01 1.29e-01 1.92e-02 1.20e-01 2.14e-02 2.61e+00 4.11e+00 3.31e+00 2.07e+00 6.96e-01 1.13e-01
1.21e-01 1.59e-01 7.31e-03 1.60e-01 7.33e-03 1.27e-05 2.49e-05 7.35e+00 3.66e+00 2.62e+00 1.85e-01
1.15e-01 1.47e-01 5.01e-03 1.50e-01 6.06e-03 1.46e-06 1.49e-05 3.04e+01 1.68e+01 1.68e+01 1.68e+01
1.15e-01 1.67e-01 1.05e-02 1.70e-01 1.09e-02 2.21e-04 2.30e-04 1.89e+01 8.92e+00 5.69e+00 7.59e-01
1.15e-01 1.01e-01 1.85e-02 1.00e-01 1.85e-02 4.65e+00 2.28e+01 6.08e+00 3.11e+00 2.43e+00 3.38e-01
1.11e-01 8.13e-02 5.36e-03 8.00e-02 5.51e-03 1.50e-06 1.60e+01 1.12e+01 1.12e+01 3.38e+00 1.41e+00
1.01e-01 8.12e-02 9.10e-03 8.00e-02 9.18e-03 2.05e-01 4.55e+00 2.01e+00 9.37e-01 9.37e-01 1.41e-01
1.14e-01 1.42e-01 1.01e-02 1.40e-01 1.02e-02 1.34e-01 1.35e-01 6.44e+00 3.89e+00 3.89e+00 2.59e-01
1.09e-01 1.52e-01 4.68e-03 1.50e-01 5.25e-03 8.19e-20 8.19e-20 2.93e+01 2.93e+01 1.03e+01 1.03e+01
1.22e-01 8.91e-02 2.23e-02 1.00e-01 2.48e-02 7.66e-01 1.48e+01 2.80e+00 9.12e-01 8.77e-01 1.20e-01
1.11e-01 1.49e-01 4.34e-03 1.50e-01 4.43e-03 3.04e-09 3.04e-09 2.85e+01 2.85e+01 2.85e+01 1.86e+00
1.07e-01 1.04e-01 1.14e-02 1.00e-01 1.21e-02 7.18e+00 1.68e+01 7.08e+00 3.52e+00 2.92e+00 5.62e-01
1.07e-01 1.67e-01 9.53e-03 1.70e-01 1.01e-02 4.15e-18 6.07e-03 6.74e+00 5.86e+00 2.64e+00 3.39e-01
1.12e-01 2.31e-01 6.27e-03 2.30e-01 6.37e-03 3.88e-06 5.41e-03 8.82e+00 8.82e+00 2.75e+00 1.29e+00
1.14e-01 5.22e-02 2.65e-02 5.00e-02 2.65e-02 1.41e-05 5.55e+00 1.68e+00 1.03e+00 4.57e-01 5.49e-02
1.15e-01 3.52e-02 2.46e-02 3.00e-02 2.51e-02 1.81e-12 4.13e+00 1.74e+00 7.41e-01 7.41e-01 1.13e-01
1.07e-01 6.38e-02 9.76e-03 6.00e-02 1.05e-02 6.53e-04 1.05e+01 4.03e+00 1.50e+00 1.11e+00 2.83e-01
1.02e-01 6.86e-02 7.15e-03 7.00e-02 7.28e-03 1.70e-16 3.42e+00 2.83e+00 2.83e+00 2.83e+00 5.70e-01
1.09e-01 1.48e-01 6.70e-03 1.50e-01 7.00e-03 4.18e-13 6.70e-07 7.63e+00 4.25e+00 4.25e+00 1.61e+00
1.23e-01 1.88e-01 1.73e-02 1.90e-01 1.74e-02 2.13e-03 1.06e-02 6.07e+00 3.21e+00 1.86e+00 3.79e-01
1.05e-01 1.76e-01 4.94e-03 1.80e-01 6.51e-03 1.30e-115 9.28e-10 3.51e+01 2.59e+01 2.59e+01 2.59e+01
1.07e-01 1.85e-01 2.86e-02 1.90e-01 2.89e-02 2.30e-18 4.78e-01 6.70e+00 4.35e+00 1.28e+00 1.68e-01
1.08e-01 2.03e-01 1.07e-02 2.00e-01 1.10e-02 1.63e-05 1.65e-03 2.28e+01 1.14e+01 6.31e+00 1.03e+00
1.16e-01 1.57e-01 5.39e-02 1.40e-01 5.65e-02 2.24e+00 2.91e+00 8.42e+00 3.38e+00 1.92e+00 2.02e-01
1.18e-01 1.26e-01 6.07e-02 1.60e-01 6.97e-02 7.83e-03 7.50e+00 5.06e+00 1.87e+00 1.64e+00 3.29e-01
1.27e-01 2.36e-01 6.22e-03 2.40e-01 7.46e-03 3.32e-11 2.90e-03 8.95e+00 6.93e+00 6.93e+00 6.30e-01
1.20e-01 1.71e-01 2.20e-02 1.70e-01 2.20e-02 1.58e-01 2.13e-01 3.76e+00 1.72e+00 8.27e-01 1.65e-01
1.16e-01 1.23e-01 8.20e-03 1.20e-01 8.74e-03 8.87e+00 1.13e+01 1.25e+01 9.28e+00 3.70e+00 1.57e+00
1.22e-01 6.60e-02 9.26e-03 7.00e-02 1.01e-02 5.08e-09 1.37e+01 5.39e+00 4.74e+00 1.95e+00 1.90e-01
1.15e-01 9.46e-02 1.16e-02 1.00e-01 1.28e-02 1.67e+00 1.92e+01 6.08e+00 2.93e+00 2.86e+00 5.67e-01
1.14e-01 1.66e-01 1.34e-02 1.70e-01 1.39e-02 3.76e-04 4.06e-04 6.78e+00 3.99e+00 1.75e+00 3.85e-01
1.00e-01 1.20e-01 2.96e-02 1.60e-01 4.95e-02 2.67e+00 7.91e+00 5.48e+00 2.67e+00 9.64e-01 1.65e-01
1.01e-01 1.46e-01 1.55e-02 1.40e-01 1.65e-02 2.92e-02 3.06e-02 1.12e+01 5.50e+00 5.50e+00 1.45e+00
1.45e-01 1.96e-01 1.64e-02 2.00e-01 1.70e-02 3.76e-03 8.02e-02 6.31e+00 3.19e+00 3.19e+00 2.08e-01
1.33e-01 1.10e-01 1.70e-03 1.10e-01 1.72e-03 1.76e-09 8.14e+00 7.90e+00 7.90e+00 7.90e+00 7.90e+00
1.37e-01 1.30e-01 2.66e-03 1.30e-01 2.66e-03 9.75e+00 2.79e+01 2.62e+01 2.62e+01 2.62e+01 9.21e-01
1.40e-01 1.38e-01 3.92e-03 1.40e-01 4.32e-03 3.50e+01 4.29e+01 3.50e+01 3.50e+01 3.50e+01 8.09e+00
1.33e-01 1.35e-01 6.56e-03 1.30e-01 8.14e-03 6.22e+00 8.90e+00 6.80e+00 5.09e+00 5.09e+00 3.76e-01
1.43e-01 1.19e-01 2.38e-03 1.20e-01 2.46e-03 7.01e-12 4.01e+01 3.77e+01 3.77e+01 3.77e+01 2.46e+00
1.47e-01 2.58e-01 3.26e-02 2.70e-01 3.47e-02 2.05e-15 1.65e+00 1.77e+01 1.55e+01 1.55e+01 1.16e+00
1.45e-01 3.81e-02 4.78e-02 2.00e-02 5.12e-02 1.84e-02 8.07e+00 2.43e+00 1.16e+00 1.16e+00 3.16e-01
1.37e-01 1.46e-01 9.03e-03 1.50e-01 9.73e-03 4.15e+00 4.15e+00 9.20e+00 6.10e+00 6.10e+00 6.10e+00
1.36e-01 7.97e-02 4.90e-03 8.00e-02 4.91e-03 1.11e-24 1.54e+01 1.17e+01 1.17e+01 2.06e+00 1.65e+00
1.43e-01 8.76e-02 4.32e-03 9.00e-02 4.93e-03 9.44e-23 2.77e+01 2.09e+01 2.09e+01 6.74e+00 6.74e+00
1.55e-01 6.76e-02 4.41e-03 7.00e-02 5.03e-03 2.48e-08 2.52e+01 1.89e+01 1.89e+01 6.25e+00 6.25e+00
1.36e-01 1.80e-01 9.09e-08 1.80e-01 9.09e-08 1.10e-189 1.10e-189 8.49e+00 8.49e+00 8.49e+00 8.49e+00
1.48e-01 2.31e-01 4.22e-02 2.50e-01 4.61e-02 8.96e-01 3.56e+00 1.86e+01 1.86e+01 1.86e+01 6.54e-01
1.47e-01 1.53e-01 4.53e-03 1.50e-01 5.38e-03 1.78e+01 1.78e+01 2.58e+01 2.58e+01 1.06e+01 1.06e+01
1.40e-01 2.37e-01 4.63e-03 2.40e-01 5.57e-03 2.75e-62 1.73e-04 2.27e+01 2.27e+01 1.03e+01 1.03e+01
1.30e-01 2.92e-02 5.18e-03 3.00e-02 5.24e-03 1.25e-54 4.26e+00 3.10e+00 3.10e+00 7.48e-01 4.21e-01
1.37e-01 1.70e-01 1.13e-04 1.70e-01 1.13e-04 4.52e-75 4.52e-75 3.09e+01 3.09e+01 3.09e+01 3.09e+01
1.36e-01 1.10e-01 7.33e-04 1.10e-01 7.34e-04 1.32e-11 7.08e+00 7.04e+00 7.04e+00 7.04e+00 7.04e+00
1.54e-01 1.90e-01 5.99e-05 1.90e-01 5.99e-05 1.57e-73 1.57e-73 1.90e+01 1.90e+01 1.90e+01 1.90e+01
1.36e-01 2.00e-01 2.89e-04 2.00e-01 2.89e-04 0.00e+00 0.00e+00 2.46e+01 2.46e+01 2.46e+01 2.46e+01
1.51e-01 1.36e-01 2.16e-02 1.30e-01 2.24e-02 3.14e+00 3.30e+01 1.20e+01 6.35e+00 3.51e+00 6.05e-01
1.38e-01 1.21e-01 1.27e-02 1.20e-01 1.27e-02 3.53e+00 2.74e+01 6.97e+00 6.27e+00 2.71e+00 4.68e-01
1.52e-01 1.88e-01 1.30e-02 1.90e-01 1.32e-02 2.43e-01 2.69e-01 6.16e+00 2.95e+00 1.77e+00 3.69e-01
1.52e-01 3.77e-01 5.87e-02 3.90e-01 6.01e-02 2.34e-02 2.94e-01 2.80e+00 1.10e+00 1.10e+00 4.23e-02
1.35e-01 1.67e-01 9.60e-03 1.70e-01 9.99e-03 1.58e-01 1.62e-01 2.03e+01 8.68e+00 8.68e+00 1.33e+00
1.50e-01 1.22e-01 1.92e-02 1.20e-01 1.93e-02 7.63e-01 1.43e+01 3.06e+00 1.41e+00 7.55e-01 7.95e-02
1.36e-01 2.00e-01 1.16e-02 2.00e-01 1.16e-02 1.24e-06 1.40e-06 2.28e+01 1.49e+01 4.36e+00 6.89e-01
1.31e-01 3.24e-01 3.87e-02 3.10e-01 4.13e-02 6.50e-03 1.93e-02 7.37e+00 4.79e+00 3.03e+00 2.71e-01
1.38e-01 1.08e-01 5.98e-03 1.10e-01 6.19e-03 2.91e-03 2.36e+01 1.52e+01 5.81e+00 5.81e+00 2.45e+00
1.35e-01 5.34e-02 8.70e-03 5.00e-02 9.33e-03 2.02e-20 4.03e+00 1.68e+00 1.42e+00 5.65e-01 5.90e-02
1.37e-01 1.52e-01 8.36e-02 1.10e-01 9.35e-02 1.36e+00 2.24e+01 3.09e+00 1.10e+00 6.45e-01 7.82e-02
1.38e-01 1.03e-01 1.36e-02 1.00e-01 1.39e-02 2.36e-01 2.37e+01 6.49e+00 3.28e+00 1.64e+00 4.78e-01
1.32e-01 1.85e-01 2.48e-02 1.90e-01 2.53e-02 1.21e-01 4.55e-01 5.08e+00 2.62e+00 1.45e+00 3.47e-01
1.46e-01 6.25e-02 7.36e-03 6.00e-02 7.78e-03 4.87e-11 1.10e+01 5.51e+00 3.68e+00 1.44e+00 3.32e-01
1.35e-01 3.18e-02 6.84e-03 3.00e-02 7.07e-03 7.26e-11 2.85e+00 1.72e+00 6.99e-01 6.99e-01 8.63e-02
1.34e-01 7.69e-02 7.09e-03 8.00e-02 7.75e-03 2.88e-17 2.13e+01 1.08e+01 7.49e+00 7.49e+00 7.60e-01
1.40e-01 2.27e-01 7.91e-02 1.90e-01 8.73e-02 4.53e-02 9.22e-01 3.96e+00 1.05e+00 5.74e-01 8.20e-02
1.37e-01 6.64e-02 6.66e-02 3.00e-02 7.59e-02 5.02e-05 5.02e+00 1.67e+00 8.23e-01 5.06e-01 8.14e-02
1.46e-01 1.24e-01 5.20e-03 1.20e-01 6.59e-03 8.51e-02 3.62e+01 2.11e+01 1.46e+01 1.46e+01 1.46e+01
1.33e-01 3.93e-02 8.47e-03 4.00e-02 8.50e-03 5.13e-06 5.66e+00 2.51e+00 1.21e+00 1.21e+00 1.39e-01
1.47e-01 5.60e-02 1.11e-02 6.00e-02 1.18e-02 3.81e-17 4.72e+00 1.64e+00 8.17e-01 5.78e-01 1.40e-01
1.45e-01 1.61e-01 9.63e-03 1.60e-01 9.70e-03 2.43e+00 2.71e+00 7.70e+00 4.34e+00 4.34e+00 5.81e-01
1.52e-01 2.17e-01 3.99e-02 2.10e-01 4.06e-02 1.12e-02 3.25e-01 1.67e+01 9.44e+00 7.25e+00 3.97e-01
1.32e-01 4.64e-02 1.15e-02 4.00e-02 1.32e-02 1.25e-07 4.74e+00 1.71e+00 7.12e-01 5.40e-01 6.86e-02
1.50e-01 1.51e-01 8.89e-03 1.50e-01 8.97e-03 1.78e+01 2.70e+01 1.79e+01 8.27e+00 8.27e+00 1.08e+00
1.85e-01 2.70e-01 2.43e-04 2.70e-01 2.43e-04 1.75e-291 6.77e-102 8.02e+00 8.02e+00 8.02e+00 8.02e+00
1.77e-01 1.19e-01 3.53e-03 1.20e-01 3.82e-03 1.74e-38 4.31e+01 3.68e+01 3.68e+01 3.68e+01 6.30e+00
1.80e-01 2.10e-01 2.63e-08 2.10e-01 2.63e-08 2.00e-154 2.00e-154 3.67e+00 3.67e+00 3.67e+00 3.67e+00
1.62e-01 3.61e-02 7.15e-03 4.00e-02 8.15e-03 4.29e-105 3.16e+00 1.57e+00 1.18e+00 1.18e+00 1.58e-01
1.80e-01 1.56e-01 3.36e-02 1.50e-01 3.42e-02 2.94e-01 4.23e+01 1.25e+01 7.88e+00 4.73e+00 7.16e-01
1.64e-01 2.00e-01 2.70e-02 2.00e-01 2.70e-02 6.38e-06 2.84e-01 7.42e+00 3.92e+00 3.92e+00 1.49e-01
1.64e-01 1.60e-01 3.66e-04 1.60e-01 3.66e-04 1.64e+01 2.57e+01 2.57e+01 2.57e+01 2.57e+01 2.57e+01
1.64e-01 2.50e-01 2.28e-02 2.60e-01 2.49e-02 5.26e-01 1.53e+00 1.56e+01 1.54e+01 1.54e+01 7.85e-01
1.81e-01 9.32e-02 9.22e-03 9.00e-02 9.78e-03 4.55e-11 2.02e+01 1.05e+01 6.83e+00 6.83e+00 4.77e-01
1.65e-01 2.14e-01 7.55e-02 2.80e-01 1.00e-01 4.55e-52 1.04e+01 1.07e+01 1.04e+01 1.04e+01 2.42e+00
1.85e-01 2.10e-01 4.56e-04 2.10e-01 4.56e-04 3.16e-14 3.16e-14 7.10e+00 7.10e+00 7.10e+00 7.10e+00
1.62e-01 1.89e-01 1.07e-02 1.90e-01 1.07e-02 2.06e-14 4.08e-02 1.14e+01 1.14e+01 1.14e+01 1.14e+01
1.83e-01 9.10e-02 4.94e-03 9.00e-02 5.04e-03 1.11e-71 7.58e+00 5.68e+00 5.68e+00 1.34e+00 5.99e-01
1.61e-01 1.32e-01 6.29e-03 1.30e-01 6.54e-03 2.00e-03 2.87e+01 1.76e+01 7.70e+00 7.70e+00 3.10e+00
1.81e-01 2.13e-01 4.53e-03 2.10e-01 5.38e-03 1.86e-16 6.69e-12 3.11e+01 3.11e+01 1.27e+01 1.27e+01
1.83e-01 1.60e-01 1.21e-03 1.60e-01 1.22e-03 1.37e-10 1.40e+01 1.38e+01 1.38e+01 1.38e+01 1.38e+01
1.60e-01 1.05e-02 2.19e-03 1.00e-02 2.25e-03 7.01e-27 2.25e+00 2.14e+00 2.14e+00 2.14e+00 2.14e+00
1.81e-01 2.98e-01 4.63e-03 3.00e-01 5.21e-03 7.45e-14 7.08e-11 4.53e+01 4.53e+01 1.59e+01 1.59e+01
1.61e-01 6.27e-02 1.76e-02 6.00e-02 1.78e-02 7.11e-07 1.02e+01 3.57e+00 2.03e+00 1.02e+00 1.98e-01
1.81e-01 1.82e-01 4.09e-03 1.80e-01 4.61e-03 2.32e+01 2.53e+01 2.48e+01 2.48e+01 2.48e+01 6.72e+00
1.83e-01 1.20e-01 2.25e-03 1.20e-01 2.28e-03 1.58e-62 4.16e+00 4.00e+00 4.00e+00 4.00e+00 1.61e-01
1.80e-01 1.90e-01 4.38e-03 1.90e-01 4.39e-03 6.16e+00 6.23e+00 4.06e+01 4.06e+01 4.06e+01 3.88e+00
1.79e-01 2.00e-01 5.04e-04 2.00e-01 5.05e-04 2.90e-55 2.90e-55 3.07e+01 3.07e+01 3.07e+01 3.07e+01
1.83e-01 1.36e-01 3.23e-02 1.30e-01 3.29e-02 1.86e-05 3.20e+01 1.26e+01 6.04e+00 2.41e+00 1.08e+00
1.81e-01 1.89e-01 2.83e-03 1.90e-01 2.97e-03 6.11e+00 6.39e+00 3.66e+01 3.66e+01 3.66e+01 3.68e+00
1.81e-01 1.97e-01 2.67e-02 2.00e-01 2.68e-02 1.98e+00 2.87e+00 4.96e+00 4.66e+00 1.72e+00 3.37e-01
1.81e-01 1.39e-01 4.53e-03 1.40e-01 4.59e-03 3.59e-10 8.49e+00 6.71e+00 6.71e+00 6.71e+00 5.73e-01
1.80e-01 1.90e-01 4.57e-03 1.90e-01 4.57e-03 6.28e-01 6.45e-01 9.93e+00 9.93e+00 9.93e+00 3.49e-01
1.83e-01 3.77e-01 1.21e-01 4.80e-01 1.59e-01 2.47e-05 6.56e+00 7.74e+00 4.04e+00 2.02e+00 2.94e-01
1.80e-01 1.24e-01 9.88e-03 1.30e-01 1.13e-02 6.97e-07 9.73e+00 3.48e+00 1.30e+00 1.16e+00 2.28e-01
1.80e-01 1.45e-01 6.87e-03 1.40e-01 8.63e-03 1.33e-03 4.23e+01 1.91e+01 1.87e+01 1.87e+01 1.92e+00
1.82e-01 2.10e-01 6.15e-09 2.10e-01 6.15e-09 7.39e-80 7.39e-80 1.66e+00 1.66e+00 1.66e+00 1.66e+00
1.59e-01 2.08e-01 3.57e-03 2.10e-01 3.87e-03 2.54e-194 2.54e-194 4.15e+01 4.15e+01 4.15e+01 7.50e+00
1.75e-01 1.40e-01 5.40e-04 1.40e-01 5.41e-04 9.35e-89 2.57e+01 2.56e+01 2.56e+01 2.56e+01 2.56e+01
1.61e-01 1.51e-01 2.63e-03 1.50e-01 2.71e-03 2.77e+00 4.36e+01 4.04e+01 4.04e+01 4.04e+01 3.04e+00
1.79e-01 5.76e-02 2.20e-02 5.00e-02 2.33e-02 4.63e-08 9.71e+00 2.62e+00 1.59e+00 1.59e+00 1.42e-01
1.80e-01 1.90e-01 5.00e-07 1.90e-01 5.00e-07 1.71e-01 1.71e-01 1.55e+01 1.55e+01 1.55e+01 1.55e+01
1.81e-01 1.49e-01 6.42e-03 1.50e-01 6.44e-03 3.82e-04 3.63e+01 2.22e+01 7.93e+00 5.92e+00 5.92e+00
1.80e-01 2.00e-01 1.17e-05 2.00e-01 1.17e-05 8.64e-15 8.64e-15 3.37e+01 3.37e+01 3.37e+01 3.37e+01
1.81e-01 2.98e-01 3.65e-03 3.00e-01 3.98e-03 1.25e-81 1.00e-04 3.11e+01 3.11e+01 3.11e+01 5.93e+00
1.55e-01 1.70e-01 2.52e-03 1.70e-01 2.56e-03 2.68e-01 2.68e-01 9.47e+00 9.47e+00 9.47e+00 6.19e-01
1.81e-01 1.00e-02 6.47e-04 1.00e-02 6.49e-04 3.60e-89 2.49e+00 2.47e+00 2.47e+00 2.47e+00 2.47e+00
1.82e-01 3.21e-01 3.14e-03 3.20e-01 3.23e-03 1.25e-19 2.54e-03 2.73e+01 2.73e+01 2.73e+01 2.33e+00
1.57e-01 6.01e-02 6.38e-03 6.00e-02 6.38e-03 2.27e-11 1.09e+01 6.77e+00 2.08e+00 1.97e+00 1.97e+00
1.57e-01 1.45e-01 5.00e-03 1.40e-01 6.99e-03 1.05e+01 6.38e+01 3.26e+01 3.13e+01 3.13e+01 3.13e+01
1.63e-01 1.22e-01 1.12e-02 1.20e-01 1.14e-02 3.18e-03 2.68e+01 1.12e+01 5.33e+00 5.33e+00 9.53e-01
1.81e-01 2.79e-01 3.87e-03 2.80e-01 4.01e-03 4.80e-75 9.82e-07 1.90e+01 1.90e+01 1.90e+01 6.67e-01
1.77e-01 1.70e-01 1.34e-03 1.70e-01 1.35e-03 1.28e+00 4.19e+00 4.13e+00 4.13e+00 4.13e+00 4.13e+00
1.77e-01 1.69e-01 6.92e-02 1.10e-01 9.07e-02 4.99e-81 8.18e+00 7.85e+00 7.85e+00 5.88e+00 5.88e+00
1.63e-01 2.17e-01 5.27e-03 2.20e-01 6.01e-03 1.63e-18 1.94e-18 4.54e+01 2.21e+01 2.21e+01 2.51e+00
1.83e-01 1.90e-01 4.82e-04 1.90e-01 4.82e-04 4.42e+00 4.42e+00 1.53e+01 1.53e+01 1.53e+01 1.53e+01
1.63e-01 2.24e-01 6.71e-02 2.60e-01 7.61e-02 2.55e-01 8.47e+00 3.69e+00 1.40e+00 8.91e-01 1.27e-01
1.56e-01 2.27e-01 1.59e-02 2.30e-01 1.62e-02 2.49e-04 5.70e-03 2.14e+01 1.28e+01 6.57e+00 1.00e+00
1.66e-01 2.20e-01 7.37e-02 2.60e-01 8.41e-02 2.34e-01 1.39e+01 1.00e+01 2.37e+00 1.56e+00 1.51e-01
1.75e-01 3.31e-01 2.58e-03 3.30e-01 2.68e-03 2.01e-114 2.62e-107 2.77e+01 2.77e+01 2.77e+01 2.23e+00
1.56e-01 1.69e-01 2.71e-03 1.70e-01 2.82e-03 2.40e+00 2.40e+00 4.42e+01 4.42e+01 4.42e+01 3.78e+00
1.68e-01 4.06e-01 1.25e-01 5.10e-01 1.62e-01 6.74e-02 2.37e+00 9.00e+00 3.27e+00 2.34e+00 3.08e-01
1.59e-01 3.82e-02 5.55e-03 4.00e-02 5.84e-03 6.57e-25 7.64e+00 5.16e+00 5.16e+00 1.89e+00 5.70e-01
1.56e-01 1.13e-01 1.21e-02 1.10e-01 1.24e-02 1.19e-21 4.97e+00 4.06e+00 4.06e+00 4.06e+00 9.18e-01
1.61e-01 5.66e-02 6.12e-03 6.00e-02 7.00e-03 4.62e-41 1.32e+01 7.36e+00 4.92e+00 4.92e+00 7.77e-01
1.77e-01 5.50e-02 8.96e-03 6.00e-02 1.02e-02 7.21e-15 8.03e+00 3.06e+00 3.05e+00 9.08e-01 7.70e-02
1.54e-01 2.60e-01 4.08e-02 2.70e-01 4.21e-02 1.02e-07 1.39e+00 8.58e+00 4.18e+00 4.18e+00 6.46e-01
1.65e-01 4.60e-02 7.71e-03 5.00e-02 8.66e-03 4.55e-16 7.93e+00 3.71e+00 2.97e+00 2.97e+00 5.04e-01
1.77e-01 1.85e-01 1.12e-02 1.90e-01 1.21e-02 1.70e+01 2.43e+01 2.05e+01 8.75e+00 8.23e+00 1.35e+00
1.65e-01 1.88e-01 5.36e-02 2.50e-01 8.17e-02 4.56e+00 2.65e+01 1.15e+01 3.53e+00 3.41e+00 4.05e-01
1.74e-01 1.92e-01 6.08e-02 2.50e-01 8.41e-02 6.48e-01 1.97e+01 9.96e+00 3.20e+00 1.75e+00 1.50e-01
1.80e-01 6.06e-02 9.30e-03 6.00e-02 9.32e-03 2.21e-07 3.74e+00 1.60e+00 8.23e-01 8.23e-01 1.53e-01
1.70e-01 9.71e-02 3.39e-02 1.00e-01 3.41e-02 3.18e-03 2.52e+01 5.17e+00 2.24e+00 1.24e+00 1.38e-01
1.54e-01 9.87e-02 1.69e-02 1.00e-01 1.70e-02 1.22e-02 1.30e+01 3.18e+00 1.30e+00 1.10e+00 7.34e-02
1.74e-01 1.81e-01 1.97e-02 1.80e-01 1.98e-02 1.53e+01 3.09e+01 1.41e+01 7.01e+00 5.40e+00 4.22e-01
1.64e-01 1.73e-01 1.81e-02 1.70e-01 1.83e-02 5.39e+00 1.17e+01 5.52e+00 2.93e+00 1.96e+00 2.41e-01
1.81e-01 3.22e-01 9.50e-03 3.20e-01 9.66e-03 1.81e-08 2.19e-08 4.70e+01 2.27e+01 2.27e+01 3.55e+00
1.76e-01 1.08e-01 5.87e-02 7.00e-02 7.02e-02 1.79e-01 1.39e+01 1.70e+00 6.57e-01 3.39e-01 4.24e-02
1.67e-01 4.91e-02 2.53e-02 5.00e-02 2.53e-02 1.42e-03 5.33e+00 1.66e+00 7.10e-01 7.10e-01 7.60e-02
1.58e-01 2.92e-01 2.04e-02 2.90e-01 2.05e-02 1.21e-06 4.15e-01 1.53e+01 1.15e+01 1.15e+01 9.22e-01
1.67e-01 8.23e-02 9.10e-03 8.00e-02 9.39e-03 2.92e-04 1.92e+01 7.96e+00 6.24e+00 3.28e+00 5.20e-01
1.69e-01 1.04e-01 2.30e-02 1.00e-01 2.33e-02 3.06e-01 2.36e+01 6.02e+00 3.63e+00 2.46e+00 1.78e-01
1.64e-01 1.86e-01 5.41e-03 1.90e-01 6.97e-03 2.35e-01 2.35e-01 3.84e+01 3.12e+01 3.12e+01 3.12e+01
1.64e-01 9.38e-02 1.81e-02 1.00e-01 1.91e-02 3.30e-03 2.10e+01 5.16e+00 3.26e+00 1.17e+00 2.09e-01
2.08e-01 2.32e-01 7.98e-03 2.30e-01 8.30e-03 5.56e-01 5.63e-01 3.55e+01 2.34e+01 1.14e+01 3.21e+00
1.90e-01 1.03e-01 1.18e-02 1.00e-01 1.21e-02 2.49e-08 2.42e+01 7.14e+00 4.28e+00 2.78e+00 4.44e-01
2.01e-01 2.40e-01 4.24e-08 2.40e-01 4.24e-08 9.68e-120 9.68e-120 2.22e+01 2.22e+01 2.22e+01 2.22e+01
1.82e-01 2.73e-01 6.25e-03 2.70e-01 6.88e-03 3.37e-50 1.05e-06 1.25e+01 7.16e+00 7.16e+00 1.63e+00
2.07e-01 1.05e-02 2.09e-03 1.00e-02 2.14e-03 1.32e-30 2.68e+00 2.56e+00 2.56e+00 2.56e+00 2.56e+00
1.88e-01 2.10e-01 2.44e-03 2.10e-01 2.44e-03 2.16e-05 2.16e-05 4.57e+01 4.57e+01 4.57e+01 1.38e+00
2.01e-01 1.32e-01 4.27e-03 1.30e-01 4.90e-03 2.89e-121 3.89e+01 2.96e+01 2.96e+01 9.36e+00 9.36e+00
2.05e-01 2.19e-01 2.49e-03 2.20e-01 2.57e-03 1.43e+00 1.43e+00 4.09e+01 4.09e+01 4.09e+01 2.88e+00
2.00e-01 2.30e-01 5.55e-06 2.30e-01 5.55e-06 1.06e-123 1.06e-123 2.74e+01 2.74e+01 2.74e+01 2.74e+01
2.11e-01 2.20e-01 7.88e-04 2.20e-01 7.90e-04 1.14e+00 1.14e+00 7.75e+00 7.75e+00 7.75e+00 7.75e+00
1.90e-01 2.04e-01 9.82e-03 2.00e-01 1.05e-02 9.96e+00 1.14e+01 2.52e+01 1.02e+01 6.83e+00 1.39e+00
1.97e-01 1.09e-01 2.73e-03 1.10e-01 2.85e-03 3.39e-176 4.15e+01 3.81e+01 3.81e+01 3.81e+01 3.45e+00
1.84e-01 3.03e-01 5.91e-03 3.00e-01 6.69e-03 9.91e-31 1.30e-02 2.00e+01 9.85e+00 9.85e+00 9.85e+00
1.88e-01 7.68e-02 7.62e-03 8.00e-02 8.24e-03 3.63e-32 2.30e+01 1.09e+01 8.09e+00 2.90e+00 1.09e+00
1.85e-01 2.55e-01 3.09e-02 2.60e-01 3.12e-02 1.23e-01 1.10e+00 1.19e+01 4.00e+00 2.86e+00 1.79e-01
2.11e-01 7.30e-02 2.33e-02 7.00e-02 2.35e-02 2.04e-22 1.94e+01 9.50e+00 4.34e+00 4.34e+00 7.63e-01
2.02e-01 2.40e-01 2.39e-08 2.40e-01 2.39e-08 3.03e-106 3.03e-106 4.16e+01 4.16e+01 4.16e+01 4.16e+01
1.99e-01 2.87e-01 5.20e-03 2.90e-01 6.25e-03 4.99e-43 2.06e-29 4.52e+01 2.64e+01 2.64e+01 2.64e+01
1.83e-01 3.18e-01 6.67e-03 3.20e-01 6.99e-03 8.63e-07 2.14e-06 4.59e+01 2.44e+01 2.44e+01 9.68e+00
1.90e-01 1.33e-01 4.66e-03 1.30e-01 5.52e-03 1.44e-47 1.05e+01 7.28e+00 7.28e+00 3.15e+00 3.15e+00
2.02e-01 2.30e-01 2.98e-04 2.30e-01 2.98e-04 5.51e-14 5.51e-14 1.03e+01 1.03e+01 1.03e+01 1.03e+01
2.00e-01 2.40e-01 4.69e-07 2.40e-01 4.69e-07 1.16e-93 1.16e-93 4.19e+01 4.19e+01 4.19e+01 4.19e+01
1.86e-01 2.20e-01 1.00e-03 2.20e-01 1.01e-03 9.70e-24 2.77e-16 2.51e+01 2.51e+01 2.51e+01 2.51e+01
1.83e-01 6.97e-02 9.51e-03 7.00e-02 9.51e-03 1.01e-14 3.83e+00 1.62e+00 9.22e-01 9.22e-01 1.55e-01
1.99e-01 9.52e-02 8.02e-03 1.00e-01 9.33e-03 1.77e-14 2.50e+01 1.09e+01 9.67e+00 2.24e+00 2.13e+00
1.79e-01 1.39e-01 2.42e-03 1.40e-01 2.49e-03 5.29e-19 3.96e+01 3.72e+01 3.72e+01 3.72e+01 2.43e+00
2.03e-01 2.60e-01 3.78e-04 2.60e-01 3.78e-04 2.42e-102 4.25e-75 1.81e+01 1.81e+01 1.81e+01 1.81e+01
1.89e-01 1.78e-01 9.34e-03 1.80e-01 9.60e-03 1.08e+01 5.15e+01 2.22e+01 9.72e+00 9.72e+00 1.45e+00
1.98e-01 3.20e-01 3.84e-03 3.20e-01 3.84e-03 1.61e-35 1.37e-09 2.19e+01 2.19e+01 2.19e+01 1.87e+00
1.90e-01 1.69e-01 3.79e-03 1.70e-01 3.94e-03 4.30e-02 4.62e+01 3.91e+01 3.91e+01 3.91e+01 6.28e+00
1.84e-01 1.09e-01 1.52e-02 1.10e-01 1.53e-02 1.48e-05 2.72e+01 6.10e+00 2.86e+00 2.66e+00 3.48e-01
2.09e-01 3.27e-01 7.14e-03 3.30e-01 7.73e-03 1.35e-12 3.43e-11 4.57e+01 3.08e+01 3.08e+01 2.98e+00
1.83e-01 2.38e-01 8.67e-03 2.40e-01 8.95e-03 6.12e-13 1.32e-01 4.50e+01 2.37e+01 2.37e+01 9.50e+00
1.85e-01 2.21e-01 3.70e-03 2.20e-01 3.93e-03 2.46e-13 2.46e-13 4.66e+01 4.66e+01 4.66e+01 7.97e+00
2.01e-01 1.29e-01 3.47e-03 1.30e-01 3.67e-03 1.25e-73 4.73e+00 4.17e+00 4.17e+00 4.17e+00 5.65e-01
2.00e-01 2.36e-01 3.39e-02 2.50e-01 3.65e-02 5.55e-06 2.43e+00 1.44e+01 1.44e+01 1.44e+01 2.89e-01
2.12e-01 2.18e-01 3.63e-03 2.20e-01 3.94e-03 3.56e+00 3.94e+00 1.03e+01 1.03e+01 1.03e+01 1.91e+00
1.91e-01 2.30e-01 7.99e-06 2.30e-01 7.99e-06 8.04e-88 8.04e-88 3.75e+01 3.75e+01 3.75e+01 3.75e+01
1.83e-01 1.76e-01 4.79e-03 1.80e-01 5.96e-03 2.26e+01 4.72e+01 3.05e+01 1.68e+01 1.68e+01 1.68e+01
2.00e-01 2.50e-01 9.27e-03 2.50e-01 9.27e-03 4.31e-06 4.32e-06 3.64e+01 1.96e+01 1.96e+01 3.11e+00
1.86e-01 1.10e-01 1.36e-03 1.10e-01 1.37e-03 8.23e-118 3.77e+01 3.70e+01 3.70e+01 3.70e+01 3.70e+01
2.09e-01 2.01e-01 2.24e-03 2.00e-01 2.30e-03 1.81e+00 1.36e+01 1.29e+01 1.29e+01 1.29e+01 7.79e-01
2.08e-01 2.69e-01 3.10e-03 2.70e-01 3.21e-03 1.27e-63 5.09e-50 4.32e+01 4.32e+01 4.32e+01 4.56e+00
1.83e-01 1.60e-01 6.53e-04 1.60e-01 6.54e-04 1.56e-42 3.03e+01 3.02e+01 3.02e+01 3.02e+01 3.02e+01
2.04e-01 1.45e-01 5.03e-03 1.50e-01 7.05e-03 1.69e-47 1.45e+01 7.34e+00 7.19e+00 7.19e+00 7.19e+00
2.07e-01 1.06e-01 3.64e-02 1.60e-01 6.47e-02 5.87e-05 2.57e+01 6.96e+00 3.01e+00 2.73e+00 2.80e-01
1.79e-01 6.15e-02 5.03e-03 6.00e-02 5.26e-03 5.65e-65 1.29e+01 9.45e+00 9.45e+00 2.71e+00 8.07e-01
1.84e-01 1.52e-01 3.18e-02 1.40e-01 3.41e-02 1.16e-02 3.63e+01 1.42e+01 6.58e+00 3.36e+00 4.29e-01
1.88e-01 9.12e-02 7.62e-03 9.00e-02 7.72e-03 1.36e-30 2.15e+01 1.10e+01 6.18e+00 3.59e+00 3.86e-01
1.84e-01 2.40e-01 1.29e-09 2.40e-01 1.29e-09 0.00e+00 0.00e+00 2.36e+01 2.36e+01 2.36e+01 2.36e+01
1.81e-01 2.91e-01 2.95e-03 2.90e-01 3.00e-03 9.97e-61 1.19e-08 2.29e+01 2.29e+01 2.29e+01 1.84e+00
1.80e-01 2.00e-01 3.84e-04 2.00e-01 3.85e-04 8.40e-04 8.40e-04 4.12e+01 4.12e+01 4.12e+01 4.12e+01
1.84e-01 2.63e-01 8.03e-02 3.30e-01 1.05e-01 1.45e-09 1.89e+01 2.66e+01 2.66e+01 1.35e+01 5.49e+00
1.86e-01 1.72e-01 1.58e-02 1.70e-01 1.59e-02 1.85e-01 6.19e+00 5.54e+00 5.54e+00 5.54e+00 2.23e-01
1.89e-01 1.50e-01 5.75e-02 1.80e-01 6.47e-02 3.89e+00 2.69e+01 1.17e+01 6.61e+00 3.07e+00 5.90e-01
2.12e-01 2.70e-01 8.63e-06 2.70e-01 8.63e-06 8.53e-241 8.53e-241 5.00e+01 5.00e+01 5.00e+01 5.00e+01
2.07e-01 1.89e-01 1.28e-02 1.90e-01 1.28e-02 7.48e+00 5.79e+01 1.48e+01 1.34e+01 5.62e+00 9.86e-01
1.81e-01 2.12e-01 7.34e-02 1.70e-01 8.45e-02 3.47e-02 7.10e+00 6.99e+00 6.99e+00 6.99e+00 1.76e-01
1.99e-01 2.09e-01 1.00e-02 2.10e-01 1.01e-02 1.55e+01 1.93e+01 2.56e+01 1.39e+01 1.39e+01 3.09e+00
1.98e-01 2.50e-01 3.93e-04 2.50e-01 3.93e-04 1.42e-240 1.42e-240 3.99e+01 3.99e+01 3.99e+01 3.99e+01
2.05e-01 3.72e-01 2.99e-02 3.80e-01 3.08e-02 7.38e-09 1.73e-01 7.48e+00 2.71e+00 2.71e+00 1.13e-01
1.88e-01 1.80e-01 1.92e-03 1.80e-01 1.96e-03 7.71e+00 3.70e+01 3.58e+01 3.58e+01 3.58e+01 1.44e+00
1.93e-01 3.19e-01 7.44e-03 3.20e-01 7.50e-03 5.00e-10 1.63e-09 4.66e+01 2.29e+01 1.64e+01 1.87e+00
2.02e-01 4.79e-01 7.58e-02 5.00e-01 7.86e-02 7.49e-03 2.42e+00 1.16e+01 5.77e+00 2.37e+00 1.92e-01
2.01e-01 3.00e-01 6.31e-04 3.00e-01 6.31e-04 1.09e-224 3.67e-04 2.60e+01 2.60e+01 2.60e+01 2.60e+01
2.08e-01 2.07e-01 7.06e-03 2.10e-01 7.49e-03 3.27e+01 5.22e+01 3.50e+01 2.16e+01 2.16e+01 1.76e+00
1.97e-01 2.00e-01 8.98e-04 2.00e-01 9.02e-04 2.47e+01 2.49e+01 3.47e+01 3.47e+01 3.47e+01 3.47e+01
1.83e-01 1.92e-01 4.60e-02 1.60e-01 5.63e-02 1.13e+00 4.38e+01 2.00e+01 1.04e+01 9.62e+00 1.40e+00
2.00e-01 1.70e-01 1.16e-02 1.70e-01 1.16e-02 6.22e-01 5.07e+01 1.76e+01 1.19e+01 4.07e+00 7.08e-01
2.02e-01 2.37e-01 4.76e-03 2.40e-01 5.88e-03 9.50e-75 9.50e-75 3.07e+01 1.63e+01 1.63e+01 1.63e+01
2.06e-01 1.34e-01 7.10e-02 1.60e-01 7.57e-02 3.69e-01 1.61e+01 1.71e+00 4.17e-01 3.13e-01 4.17e-02
1.83e-01 3.13e-01 2.01e-02 3.20e-01 2.11e-02 1.74e-10 4.37e-01 1.63e+01 1.35e+01 1.35e+01 7.37e-01
2.09e-01 1.86e-01 5.36e-02 2.50e-01 8.34e-02 5.12e-04 3.08e+01 1.20e+01 7.28e+00 4.93e+00 3.61e-01
2.09e-01 2.19e-01 2.46e-03 2.20e-01 2.54e-03 2.03e+00 2.03e+00 3.30e+01 3.30e+01 3.30e+01 2.32e+00
2.05e-01 2.57e-01 4.36e-03 2.60e-01 5.05e-03 5.16e-19 1.16e-05 1.82e+01 1.82e+01 6.21e+00 6.21e+00
2.02e-01 9.97e-02 6.49e-03 1.00e-01 6.49e-03 1.90e-30 2.13e+01 1.31e+01 4.15e+00 3.83e+00 3.83e+00
1.81e-01 2.60e-01 1.93e-03 2.60e-01 1.97e-03 1.70e-250 5.30e-33 1.02e+01 1.02e+01 1.02e+01 4.62e-01
2.08e-01 1.30e-01 6.95e-02 1.90e-01 9.20e-02 3.98e-01 1.40e+01 2.59e+00 1.43e+00 6.72e-01 1.34e-01
2.06e-01 2.29e-01 8.47e-02 1.60e-01 1.09e-01 6.22e-07 6.15e+00 3.43e+00 1.48e+00 6.21e-01 1.38e-01
1.96e-01 3.10e-01 1.84e-03 3.10e-01 1.87e-03 9.76e-153 2.96e-07 2.70e+01 2.70e+01 2.70e+01 1.08e+00
2.08e-01 1.55e-01 2.11e-02 1.50e-01 2.17e-02 3.62e-24 5.97e+00 4.22e+00 4.22e+00 1.70e+00 1.70e+00
1.84e-01 7.40e-02 4.91e-02 6.00e-02 5.11e-02 3.20e-11 1.31e+01 5.05e+00 2.69e+00 1.09e+00 1.78e-01
2.11e-01 2.60e-01 1.41e-03 2.60e-01 1.42e-03 4.33e-47 4.33e-47 4.78e+00 4.78e+00 4.78e+00 4.78e+00
1.95e-01 1.34e-01 4.91e-03 1.30e-01 6.39e-03 6.95e-77 5.52e+01 3.27e+01 2.27e+01 2.27e+01 2.27e+01
1.84e-01 3.29e-01 1.49e-02 3.30e-01 1.50e-02 1.75e-21 2.03e-01 2.58e+01 2.58e+01 2.58e+01 2.58e+01
2.12e-01 3.17e-01 9.92e-02 2.30e-01 1.32e-01 1.02e+01 2.02e+01 1.38e+01 5.40e+00 4.37e+00 6.36e-01
1.87e-01 2.08e-01 6.10e-02 2.50e-01 7.43e-02 3.40e-01 9.22e+00 1.27e+01 2.62e+00 1.47e+00 2.56e-01
1.86e-01 2.40e-01 8.62e-02 2.50e-01 8.68e-02 1.45e-02 4.92e+00 2.31e+00 4.64e-01 2.32e-01 5.80e-02
1.93e-01 2.42e-01 2.72e-02 2.50e-01 2.83e-02 1.10e-18 1.25e+00 1.48e+01 1.48e+01 1.48e+01 1.04e+00
1.95e-01 1.35e-01 4.69e-02 1.30e-01 4.72e-02 1.39e-06 3.02e+01 1.11e+01 5.40e+00 3.06e+00 5.57e-01
2.10e-01 1.83e-01 7.14e-03 1.80e-01 7.70e-03 8.66e-02 5.09e+01 2.64e+01 1.74e+01 1.74e+01 1.59e+00
1.85e-01 1.29e-01 1.33e-02 1.30e-01 1.34e-02 6.98e-09 3.16e+01 1.56e+01 9.78e+00 4.93e+00 1.09e+00
2.10e-01 2.55e-01 6.58e-02 2.60e-01 6.60e-02 1.91e-01 1.08e+01 6.12e+00 2.23e+00 1.14e+00 2.07e-01
2.03e-01 2.76e-01 5.15e-03 2.80e-01 6.32e-03 4.68e-53 1.25e-23 4.49e+01 2.80e+01 2.80e+01 2.80e+01
1.98e-01 3.81e-01 1.18e-01 4.40e-01 1.32e-01 9.66e-01 5.16e+00 3.26e+00 1.00e+00 8.41e-01 8.01e-02
2.08e-01 1.45e-01 5.94e-02 1.10e-01 6.92e-02 2.35e-05 2.72e+01 7.41e+00 4.96e+00 3.39e+00 4.55e-01
1.89e-01 1.92e-01 8.11e-02 2.40e-01 9.42e-02 8.14e-01 1.17e+01 2.30e+00 8.95e-01 5.77e-01 1.01e-01
2.07e-01 2.51e-01 1.32e-02 2.50e-01 1.33e-02 7.10e-03 2.71e-02 7.93e+00 4.94e+00 2.11e+00 4.38e-01
2.06e-01 4.90e-01 2.19e-02 4.90e-01 2.19e-02 6.19e-18 3.78e-02 6.24e+00 3.10e+00 1.79e+00 2.19e-01
2.08e-01 3.43e-01 1.12e-01 3.80e-01 1.18e-01 2.89e+00 1.54e+01 2.87e+00 1.57e+00 9.15e-01 1.42e-01
1.95e-01 4.22e-02 1.01e-02 4.00e-02 1.04e-02 1.55e-07 5.12e+00 1.93e+00 9.99e-01 9.99e-01 1.94e-01
2.03e-01 3.35e-01 9.69e-02 4.10e-01 1.23e-01 3.92e+00 6.49e+00 1.23e+01 5.86e+00 3.18e+00 3.35e-01
1.87e-01 1.80e-01 4.53e-03 1.80e-01 4.53e-03 1.41e+01 4.53e+01 3.71e+01 3.71e+01 3.71e+01 4.48e+00
1.84e-01 1.12e-01 1.25e-02 1.10e-01 1.26e-02 7.17e-06 2.63e+01 7.09e+00 5.15e+00 2.91e+00 4.22e-01
1.85e-01 8.97e-02 1.65e-02 9.00e-02 1.65e-02 4.04e-06 2.08e+01 4.51e+00 2.24e+00 1.04e+00 1.78e-01
1.93e-01 1.75e-01 4.14e-02 1.80e-01 4.18e-02 5.50e+00 2.54e+01 5.04e+00 2.43e+00 1.32e+00 3.15e-01
1.95e-01 3.55e-01 2.37e-02 3.60e-01 2.42e-02 5.97e-02 4.91e-01 1.23e+01 6.18e+00 2.97e+00 3.09e-01
2.09e-01 3.10e-01 5.16e-04 3.10e-01 5.17e-04 5.38e-135 6.56e-06 3.07e+01 3.07e+01 3.07e+01 3.07e+01
1.88e-01 1.89e-01 5.65e-02 2.50e-01 8.35e-02 3.09e-06 1.93e+01 1.57e+01 8.89e+00 6.85e+00 1.02e+00
1.86e-01 1.37e-01 4.99e-03 1.40e-01 6.02e-03 3.27e-17 3.92e+01 2.52e+01 1.37e+01 1.37e+01 1.37e+01
2.15e-01 1.70e-01 2.11e-05 1.70e-01 2.11e-05 9.96e-102 2.22e+01 2.22e+01 2.22e+01 2.22e+01 2.22e+01
2.30e-01 1.90e-01 4.39e-03 1.90e-01 4.40e-03 1.80e-13 5.02e+01 4.05e+01 4.05e+01 4.05e+01 4.07e+00
2.22e-01 1.61e-01 1.83e-02 1.60e-01 1.84e-02 6.89e-14 4.08e+01 2.43e+01 1.16e+01 1.16e+01 1.59e+00
2.28e-01 3.85e-01 1.32e-02 3.90e-01 1.42e-02 1.37e-07 2.35e-01 2.85e+01 2.34e+01 2.34e+01 2.34e+01
2.33e-01 2.80e-01 6.62e-04 2.80e-01 6.63e-04 2.31e-136 2.31e-136 4.84e+01 4.84e+01 4.84e+01 4.84e+01
2.28e-01 2.20e-01 1.22e-03 2.20e-01 1.23e-03 6.15e+00 2.40e+01 2.37e+01 2.37e+01 2.37e+01 2.37e+01
2.29e-01 2.72e-01 7.19e-03 2.70e-01 7.58e-03 4.20e-08 4.20e-08 4.80e+01 2.82e+01 2.82e+01 2.89e+00
2.29e-01 2.64e-01 8.67e-03 2.60e-01 9.51e-03 4.03e-03 4.03e-03 4.19e+01 3.35e+01 1.29e+01 8.43e+00
2.16e-01 2.60e-01 2.27e-04 2.60e-01 2.27e-04 4.49e-225 4.49e-225 5.78e+00 5.78e+00 5.78e+00 5.78e+00
2.16e-01 2.08e-01 3.63e-03 2.10e-01 3.95e-03 7.98e+00 2.58e+01 2.18e+01 2.18e+01 2.18e+01 4.04e+00
2.27e-01 2.01e-01 4.23e-03 2.00e-01 4.32e-03 5.51e-04 1.08e+01 8.79e+00 8.79e+00 8.79e+00 5.74e-01
2.27e-01 2.70e-01 6.26e-04 2.70e-01 6.27e-04 2.01e-56 2.66e-20 2.77e+01 2.77e+01 2.77e+01 2.77e+01
2.30e-01 2.44e-01 7.08e-03 2.40e-01 8.28e-03 7.38e+00 7.66e+00 4.27e+01 3.58e+01 3.58e+01 4.50e+00
2.30e-01 3.57e-01 7.98e-02 3.90e-01 8.64e-02 7.47e-11 1.59e+00 6.44e+00 6.08e+00 6.08e+00 2.27e-01
2.26e-01 1.92e-01 1.88e-02 1.90e-01 1.89e-02 5.49e-42 2.30e+01 2.27e+01 2.27e+01 2.27e+01 2.27e+01
2.34e-01 2.30e-01 1.70e-06 2.30e-01 1.70e-06 2.70e+01 4.42e+01 4.42e+01 4.42e+01 4.42e+01 4.42e+01
2.15e-01 2.13e-01 7.03e-03 2.10e-01 7.77e-03 3.05e+01 5.47e+01 3.57e+01 2.53e+01 2.53e+01 2.51e+00
2.40e-01 2.60e-01 5.51e-04 2.60e-01 5.52e-04 1.69e-04 1.69e-04 8.37e+00 8.37e+00 8.37e+00 8.37e+00
2.28e-01 5.96e-02 1.53e-02 6.00e-02 1.53e-02 1.11e-06 7.02e+00 1.53e+00 7.91e-01 7.91e-01 8.18e-02
2.27e-01 2.83e-01 4.83e-03 2.80e-01 5.79e-03 8.45e-39 8.45e-39 4.45e+01 4.45e+01 2.17e+01 2.17e+01
2.27e-01 2.79e-01 2.77e-03 2.80e-01 2.82e-03 7.16e-42 7.16e-42 4.09e+01 4.09e+01 4.09e+01 3.08e+00
2.29e-01 2.00e-01 4.85e-07 2.00e-01 4.85e-07 2.42e-39 3.67e+01 3.67e+01 3.67e+01 3.67e+01 3.67e+01
2.25e-01 2.30e-01 2.10e-03 2.30e-01 2.15e-03 1.57e+01 1.64e+01 2.88e+01 2.88e+01 2.88e+01 1.45e+00
2.27e-01 2.00e-01 3.32e-06 2.00e-01 3.32e-06 2.66e-34 3.49e+01 3.49e+01 3.49e+01 3.49e+01 3.49e+01
2.33e-01 2.35e-01 6.66e-02 2.50e-01 6.82e-02 4.25e-01 1.14e+01 1.10e+01 1.77e+00 1.22e+00 1.66e-01
2.40e-01 1.87e-01 8.96e-03 1.90e-01 9.49e-03 1.88e-07 5.63e+01 2.58e+01 1.93e+01 7.66e+00 3.11e+00
2.16e-01 2.00e-01 1.50e-03 2.00e-01 1.52e-03 2.01e-01 2.49e+01 2.43e+01 2.43e+01 2.43e+01 2.43e+01
2.31e-01 2.51e-01 4.00e-03 2.50e-01 4.11e-03 3.25e-05 1.56e-02 1.65e+01 1.65e+01 1.65e+01 1.91e+00
2.23e-01 2.50e-01 3.74e-03 2.50e-01 3.74e-03 4.79e-04 4.79e-04 4.71e+01 4.71e+01 4.71e+01 3.79e+00
2.38e-01 2.71e-01 2.28e-03 2.70e-01 2.34e-03 4.79e-97 4.79e-97 3.13e+01 3.13e+01 3.13e+01 1.89e+00
2.34e-01 1.88e-01 4.07e-03 1.90e-01 4.58e-03 9.74e-39 4.94e+01 3.90e+01 3.90e+01 3.90e+01 1.04e+01
2.34e-01 1.84e-01 3.85e-02 1.60e-01 4.55e-02 2.09e-01 5.02e+01 1.57e+01 7.90e+00 6.82e+00 1.41e+00
2.22e-01 2.17e-01 4.44e-03 2.20e-01 5.19e-03 2.39e+01 4.06e+01 2.96e+01 2.96e+01 1.10e+01 1.10e+01
2.33e-01 2.47e-01 5.13e-03 2.50e-01 6.09e-03 8.67e+00 8.72e+00 4.79e+01 2.60e+01 2.60e+01 2.60e+01
2.19e-01 1.41e-01 1.41e-02 1.40e-01 1.42e-02 0.00e+00 2.20e+01 2.20e+01 2.20e+01 2.20e+01 2.20e+01
2.25e-01 1.31e-01 2.26e-03 1.30e-01 2.32e-03 6.84e-77 4.74e+00 4.48e+00 4.48e+00 4.48e+00 2.70e-01
2.19e-01 2.20e-01 1.30e-03 2.20e-01 1.30e-03 3.53e+01 3.55e+01 4.03e+01 4.03e+01 4.03e+01 4.03e+01
2.18e-01 3.41e-01 3.02e-03 3.40e-01 3.15e-03 7.60e-44 1.16e-05 2.84e+01 2.84e+01 2.84e+01 3.14e+00
2.34e-01 1.21e-01 3.08e-02 1.10e-01 3.27e-02 1.94e-06 7.08e+00 3.62e+00 3.45e+00 3.45e+00 3.45e+00
2.35e-01 2.56e-01 4.90e-03 2.60e-01 6.31e-03 5.52e-19 5.52e-19 3.55e+01 2.36e+01 2.36e+01 2.36e+01
2.13e-01 1.96e-01 4.94e-03 2.00e-01 6.45e-03 6.95e-06 3.62e+01 2.12e+01 1.50e+01 1.50e+01 1.50e+01
2.19e-01 2.60e-01 1.45e-06 2.60e-01 1.45e-06 3.12e-167 3.12e-167 4.55e+01 4.55e+01 4.55e+01 4.55e+01
2.29e-01 2.99e-01 7.60e-03 3.00e-01 7.62e-03 1.76e-19 1.79e-19 6.96e+00 3.22e+00 2.76e+00 2.80e-01
2.13e-01 2.83e-01 4.68e-03 2.80e-01 5.69e-03 1.30e-97 4.91e-46 1.51e+01 1.51e+01 7.29e+00 7.29e+00
2.40e-01 2.36e-01 4.84e-03 2.40e-01 6.12e-03 2.87e+01 4.66e+01 2.92e+01 1.74e+01 1.74e+01 1.74e+01
2.27e-01 2.10e-01 9.04e-05 2.10e-01 9.04e-05 1.43e-06 2.46e+01 2.46e+01 2.46e+01 2.46e+01 2.46e+01
2.27e-01 2.02e-01 1.58e-02 2.00e-01 1.59e-02 2.12e+00 6.23e+01 2.38e+01 1.17e+01 5.51e+00 8.39e-01
2.18e-01 1.87e-01 5.25e-02 2.40e-01 7.47e-02 6.16e-06 2.05e+01 1.34e+01 6.12e+00 4.50e+00 1.14e+00
2.38e-01 2.61e-01 2.98e-03 2.60e-01 3.13e-03 2.87e-13 2.87e-13 4.21e+00 4.21e+00 4.21e+00 4.65e-01
2.35e-01 1.34e-01 4.74e-02 1.20e-01 4.93e-02 1.06e+00 2.88e+01 6.26e+00 2.68e+00 2.68e+00 2.06e-01
2.40e-01 6.93e-02 3.94e-02 7.00e-02 3.94e-02 3.33e-10 4.24e+00 1.70e+00 1.64e+00 4.27e-01 3.42e-02
2.29e-01 2.80e-01 5.66e-04 2.80e-01 5.67e-04 3.05e-92 3.05e-92 6.83e+00 6.83e+00 6.83e+00 6.83e+00
2.32e-01 2.40e-01 1.03e-03 2.40e-01 1.03e-03 5.24e+00 5.24e+00 2.29e+01 2.29e+01 2.29e+01 2.29e+01
2.16e-01 2.10e-01 1.18e-02 2.10e-01 1.18e-02 6.42e+00 1.85e+01 7.91e+00 5.17e+00 1.79e+00 2.78e-01
2.39e-01 1.90e-01 6.34e-03 1.90e-01 6.36e-03 1.46e-08 5.19e+01 3.39e+01 9.88e+00 9.88e+00 7.84e+00
2.24e-01 2.12e-01 4.35e-03 2.10e-01 4.64e-03 6.55e+00 5.88e+01 4.62e+01 4.62e+01 1.12e+01 1.63e+00
2.29e-01 2.66e-01 6.52e-03 2.70e-01 7.64e-03 2.86e-07 2.86e-07 4.83e+01 4.08e+01 4.08e+01 2.43e+00
2.16e-01 2.23e-01 6.50e-03 2.20e-01 7.34e-03 2.73e+01 3.08e+01 3.92e+01 2.74e+01 2.74e+01 1.77e+00
2.14e-01 1.80e-01 6.46e-05 1.80e-01 6.46e-05 4.05e-85 3.36e+01 3.36e+01 3.36e+01 3.36e+01 3.36e+01
2.23e-01 1.08e-01 3.10e-02 1.10e-01 3.11e-02 1.38e-08 3.78e+00 1.28e+00 5.67e-01 5.15e-01 7.73e-02
2.18e-01 2.16e-01 4.96e-02 2.50e-01 6.01e-02 4.00e-11 1.10e+01 1.54e+01 5.03e+00 5.03e+00 4.64e-01
2.34e-01 2.50e-01 7.80e-03 2.50e-01 7.80e-03 1.19e-01 1.19e-01 1.77e+01 1.77e+01 1.77e+01 1.77e+01
2.34e-01 3.19e-01 5.71e-03 3.20e-01 5.83e-03 1.94e-41 3.94e-08 1.70e+01 1.70e+01 5.54e+00 2.73e+00
2.35e-01 3.08e-01 4.34e-03 3.10e-01 4.94e-03 3.58e-66 1.93e-30 3.87e+01 3.87e+01 1.22e+01 1.22e+01
2.14e-01 2.30e-01 1.17e-06 2.30e-01 1.17e-06 9.47e-11 9.47e-11 4.15e+01 4.15e+01 4.15e+01 4.15e+01
2.13e-01 2.68e-01 7.06e-03 2.70e-01 7.34e-03 3.32e-12 3.32e-12 4.79e+01 2.79e+01 2.79e+01 1.68e+00
2.16e-01 2.21e-01 2.49e-03 2.20e-01 2.58e-03 1.36e+01 1.36e+01 2.44e+01 2.44e+01 2.44e+01 1.84e+00
2.32e-01 2.00e-01 6.35e-06 2.00e-01 6.35e-06 3.43e-58 3.16e+01 3.16e+01 3.16e+01 3.16e+01 3.16e+01
2.12e-01 3.69e-02 4.88e-03 4.00e-02 5.79e-03 3.26e-19 3.19e+00 2.13e+00 1.04e+00 1.04e+00 1.04e+00
2.17e-01 1.81e-01 4.02e-03 1.80e-01 4.26e-03 1.86e-08 5.04e+01 4.13e+01 4.13e+01 4.13e+01 8.30e+00
2.33e-01 2.80e-01 9.38e-07 2.80e-01 9.38e-07 9.77e-169 9.77e-169 3.30e+01 3.30e+01 3.30e+01 3.30e+01
2.27e-01 2.50e-01 1.93e-05 2.50e-01 1.93e-05 3.71e-52 3.71e-52 4.41e+00 4.41e+00 4.41e+00 4.41e+00
2.17e-01 2.60e-01 1.45e-06 2.60e-01 1.45e-06 6.14e-207 6.14e-207 1.84e+01 1.84e+01 1.84e+01 1.84e+01
2.17e-01 2.19e-01 2.77e-03 2.20e-01 2.83e-03 3.27e+01 3.50e+01 4.48e+01 4.48e+01 4.48e+01 3.38e+00
2.32e-01 1.07e-01 4.59e-03 1.10e-01 5.49e-03 1.19e-10 5.83e+00 4.07e+00 4.07e+00 1.76e+00 1.76e+00
2.31e-01 2.50e-01 6.41e-07 2.50e-01 6.41e-07 1.12e-08 1.12e-08 4.85e+01 4.85e+01 4.85e+01 4.85e+01
2.14e-01 2.84e-01 4.10e-02 2.90e-01 4.14e-02 5.32e-30 2.61e-01 3.29e+00 2.08e+00 2.08e+00 1.16e-01
2.27e-01 2.10e-01 1.86e-03 2.10e-01 1.89e-03 3.72e-02 3.40e+00 3.28e+00 3.28e+00 3.28e+00 1.32e-01
2.31e-01 2.40e-01 1.75e-03 2.40e-01 1.75e-03 1.52e+00 1.52e+00 2.55e+01 2.55e+01 2.55e+01 2.55e+01
2.16e-01 2.30e-01 1.85e-07 2.30e-01 1.85e-07 9.42e-09 9.42e-09 4.33e+01 4.33e+01 4.33e+01 4.33e+01
2.27e-01 2.20e-01 1.02e-03 2.20e-01 1.03e-03 8.37e+00 2.80e+01 2.78e+01 2.78e+01 2.78e+01 2.78e+01
2.30e-01 3.02e-01 1.02e-02 3.00e-01 1.04e-02 6.51e-13 6.51e-13 4.64e+01 2.47e+01 2.47e+01 5.36e+00
2.12e-01 2.70e-01 1.84e-03 2.70e-01 1.87e-03 8.32e-263 8.32e-263 3.07e+01 3.07e+01 3.07e+01 1.23e+00
2.14e-01 1.78e-01 1.70e-02 1.80e-01 1.72e-02 4.34e-01 5.90e+01 1.63e+01 8.01e+00 8.01e+00 7.12e-01
2.28e-01 2.09e-01 2.88e-03 2.10e-01 3.02e-03 6.86e-13 3.42e+01 3.10e+01 3.10e+01 3.10e+01 3.12e+00
2.27e-01 2.18e-01 3.97e-03 2.20e-01 4.43e-03 8.98e+00 3.92e+01 3.15e+01 3.15e+01 3.15e+01 7.76e+00
2.29e-01 2.38e-01 1.11e-02 2.40e-01 1.12e-02 5.74e+00 7.84e+00 7.90e+00 4.53e+00 2.03e+00 2.78e-01
2.29e-01 2.30e-01 1.26e-04 2.30e-01 1.26e-04 2.70e+01 2.70e+01 3.06e+01 3.06e+01 3.06e+01 3.06e+01
2.18e-01 1.82e-01 4.08e-03 1.80e-01 4.51e-03 1.47e-11 1.14e+01 9.10e+00 9.10e+00 9.10e+00 2.29e+00
2.28e-01 2.40e-01 4.19e-08 2.40e-01 4.19e-08 1.38e-16 1.38e-16 3.54e+01 3.54e+01 3.54e+01 3.54e+01
2.34e-01 2.30e-01 2.06e-03 2.30e-01 2.11e-03 1.55e+01 2.60e+01 2.55e+01 2.55e+01 2.55e+01 1.28e+00
2.28e-01 3.53e-01 1.13e-02 3.50e-01 1.16e-02 9.47e-10 9.45e-03 1.06e+01 5.54e+00 3.14e+00 5.33e-01
2.30e-01 2.04e-01 6.56e-03 2.00e-01 7.82e-03 1.17e-01 6.96e+01 3.46e+01 2.88e+01 2.88e+01 2.43e+00
2.25e-01 2.18e-01 8.98e-03 2.20e-01 9.26e-03 2.12e+01 6.44e+01 3.08e+01 1.29e+01 1.29e+01 1.39e+00
2.41e-01 1.68e-01 4.16e-03 1.70e-01 4.49e-03 2.12e-11 4.84e+01 3.87e+01 3.87e+01 3.87e+01 8.94e+00
2.19e-01 3.17e-01 2.80e-02 3.10e-01 2.88e-02 1.29e-07 2.85e-01 8.26e+00 4.80e+00 1.77e+00 5.19e-01
2.34e-01 2.49e-01 9.72e-03 2.50e-01 9.80e-03 1.26e+01 1.50e+01 3.55e+01 1.75e+01 1.75e+01 3.57e+00
2.27e-01 3.17e-01 4.77e-03 3.20e-01 5.91e-03 0.00e+00 8.51e-104 3.50e+00 1.88e+00 1.88e+00 1.88e+00
2.25e-01 2.59e-01 3.14e-03 2.60e-01 3.33e-03 3.19e-19 3.19e-19 7.15e+00 7.15e+00 7.15e+00 8.99e-01
2.31e-01 2.23e-01 1.10e-02 2.20e-01 1.15e-02 2.02e+01 6.43e+01 2.58e+01 1.28e+01 8.43e+00 1.69e+00
2.24e-01 2.84e-01 1.89e-02 2.80e-01 1.93e-02 4.04e-02 4.67e-02 5.44e+00 2.89e+00 1.41e+00 4.13e-01
