1.36e+00 1.48e+00 9.98e-03 1.48e+00 1.02e-02 1.75e-16 2.22e-16 6.13e-04 2.65e-04 2.65e-04 1.54e-05
1.36e+00 1.36e+00 1.63e-02 1.36e+00 1.63e-02 5.80e-04 1.30e-03 5.52e-04 2.70e-04 1.17e-04 1.95e-05
1.33e+00 1.25e+00 3.89e-02 1.25e+00 3.92e-02 4.86e-05 4.88e-03 5.42e-04 2.51e-04 1.49e-04 1.70e-05
1.33e+00 1.40e+00 2.43e-02 1.40e+00 2.43e-02 4.07e-06 6.02e-06 5.11e-04 2.14e-04 1.09e-04 1.92e-05
1.32e+00 1.39e+00 2.72e-02 1.39e+00 2.73e-02 3.01e-05 4.59e-05 5.55e-04 2.21e-04 1.31e-04 1.92e-05
1.34e+00 1.42e+00 1.90e-02 1.41e+00 2.09e-02 3.55e-08 3.86e-08 5.60e-04 1.84e-04 1.78e-04 2.54e-05
1.37e+00 1.42e+00 4.51e-02 1.42e+00 4.53e-02 3.00e-04 9.67e-04 5.28e-04 2.77e-04 1.37e-04 1.63e-05
1.35e+00 1.48e+00 4.92e-02 1.49e+00 4.95e-02 3.16e-07 1.13e-05 2.68e-04 1.10e-04 7.09e-05 6.75e-06
1.33e+00 1.32e+00 6.84e-02 1.33e+00 7.00e-02 6.84e-04 6.64e-03 5.31e-04 2.72e-04 1.28e-04 1.38e-05
1.32e+00 1.12e+00 1.29e-01 1.04e+00 1.52e-01 3.47e-05 5.13e-03 4.80e-04 9.02e-05 5.77e-05 7.22e-06
1.34e+00 1.28e+00 4.06e-03 1.28e+00 4.10e-03 6.78e-21 7.96e-04 6.67e-04 6.67e-04 6.67e-04 4.36e-05
1.33e+00 1.28e+00 7.00e-03 1.28e+00 7.05e-03 3.48e-10 1.13e-03 6.67e-04 2.55e-04 1.78e-04 2.01e-05
1.36e+00 1.06e+00 3.77e-02 1.06e+00 3.79e-02 1.60e-11 3.32e-03 6.79e-04 3.45e-04 1.80e-04 1.44e-05
1.35e+00 1.64e+00 1.89e-01 1.75e+00 2.17e-01 1.64e-21 4.26e-04 3.93e-04 1.59e-04 8.35e-05 1.35e-05
1.33e+00 1.47e+00 4.53e-02 1.48e+00 4.59e-02 2.91e-05 7.23e-05 4.90e-04 1.91e-04 8.33e-05 9.25e-06
1.31e+00 1.30e+00 3.14e-02 1.31e+00 3.32e-02 5.92e-04 2.46e-03 5.93e-04 2.82e-04 1.26e-04 1.33e-05
1.32e+00 1.35e+00 5.25e-02 1.35e+00 5.25e-02 5.67e-04 2.18e-03 5.36e-04 2.53e-04 1.35e-04 1.31e-05
1.33e+00 1.37e+00 2.16e-02 1.37e+00 2.18e-02 1.45e-04 2.60e-04 5.76e-04 2.46e-04 1.65e-04 2.91e-05
1.34e+00 1.39e+00 4.07e-02 1.39e+00 4.07e-02 2.41e-04 6.20e-04 5.26e-04 1.99e-04 1.28e-04 1.93e-05
1.34e+00 1.47e+00 1.18e-02 1.47e+00 1.24e-02 8.77e-17 1.07e-16 6.16e-04 3.10e-04 1.92e-04 5.57e-05
1.36e+00 1.41e+00 4.23e-02 1.42e+00 4.31e-02 1.50e-04 6.53e-04 5.33e-04 2.19e-04 1.14e-04 1.27e-05
1.37e+00 1.44e+00 3.43e-02 1.47e+00 4.60e-02 6.09e-05 1.05e-04 4.80e-04 2.57e-04 1.74e-04 1.55e-05
1.34e+00 1.33e+00 1.44e-01 1.33e+00 1.44e-01 7.98e-04 9.90e-03 5.62e-04 1.70e-04 8.89e-05 1.21e-05
1.33e+00 1.30e+00 1.06e-01 1.37e+00 1.25e-01 6.59e-04 9.03e-03 5.82e-04 2.62e-04 1.66e-04 1.93e-05
1.32e+00 1.45e+00 9.88e-03 1.46e+00 1.15e-02 3.45e-36 3.45e-36 6.19e-04 4.35e-04 1.49e-04 4.67e-05
1.35e+00 1.28e+00 5.21e-03 1.28e+00 5.93e-03 9.65e-28 9.51e-04 6.67e-04 6.67e-04 2.55e-04 1.68e-05
1.32e+00 1.27e+00 1.01e-02 1.28e+00 1.17e-02 1.94e-08 1.79e-03 6.67e-04 2.35e-04 1.81e-04 2.68e-05
1.32e+00 1.33e+00 4.47e-02 1.33e+00 4.48e-02 6.41e-04 2.73e-03 5.40e-04 2.50e-04 1.19e-04 1.32e-05
1.32e+00 1.33e+00 7.25e-02 1.31e+00 7.49e-02 6.63e-04 3.11e-03 5.06e-04 1.90e-04 1.10e-04 9.99e-06
1.33e+00 1.49e+00 3.23e-02 1.48e+00 3.30e-02 2.38e-07 4.11e-07 6.98e-04 1.88e-04 1.04e-04 1.15e-05
1.32e+00 1.43e+00 5.38e-02 1.43e+00 5.40e-02 1.26e-05 7.46e-05 3.20e-04 1.40e-04 9.51e-05 7.76e-06
1.36e+00 1.39e+00 1.51e-02 1.39e+00 1.54e-02 1.62e-29 2.32e-29 9.30e-29 5.21e-29 3.57e-29 7.60e-30
1.34e+00 1.38e+00 2.30e-01 1.64e+00 3.47e-01 1.11e-07 8.40e-06 3.80e-07 1.71e-07 1.07e-07 1.45e-08
1.35e+00 1.44e+00 8.15e-02 1.45e+00 8.19e-02 3.37e-04 1.99e-03 7.36e-04 2.54e-04 1.41e-04 1.82e-05
1.34e+00 1.36e+00 7.49e-02 1.31e+00 8.99e-02 6.28e-04 6.57e-03 5.46e-04 2.95e-04 1.87e-04 2.39e-05
1.34e+00 1.47e+00 9.61e-02 1.47e+00 9.61e-02 2.56e-04 1.14e-03 5.92e-04 2.46e-04 1.44e-04 1.64e-05
1.33e+00 1.31e+00 6.26e-03 1.31e+00 6.36e-03 5.85e-16 8.30e-14 5.25e-14 1.87e-14 1.87e-14 1.08e-14
1.35e+00 1.32e+00 6.21e-02 1.31e+00 6.30e-02 3.09e-04 4.28e-03 5.39e-04 2.18e-04 9.59e-05 9.92e-06
1.34e+00 1.26e+00 1.48e-01 1.25e+00 1.49e-01 9.86e-05 8.11e-03 5.29e-04 2.00e-04 1.12e-04 1.02e-05
1.30e+00 1.26e+00 9.83e-02 1.21e+00 1.12e-01 2.02e-04 8.17e-03 5.94e-04 2.51e-04 1.26e-04 1.85e-05
1.32e+00 1.27e+00 1.25e-02 1.27e+00 1.32e-02 1.09e-08 2.01e-03 6.69e-04 3.87e-04 2.62e-04 2.35e-05
1.31e+00 1.31e+00 1.68e-01 1.42e+00 2.00e-01 1.02e-05 1.79e-03 2.93e-04 1.16e-04 6.51e-05 8.14e-06
1.34e+00 1.64e+00 2.14e-01 1.69e+00 2.19e-01 4.55e-10 3.92e-04 4.26e-04 1.61e-04 6.95e-05 5.56e-06
1.35e+00 1.48e+00 2.32e-02 1.48e+00 2.33e-02 1.38e-09 1.91e-09 2.95e-04 1.25e-04 7.81e-05 1.04e-05
1.33e+00 1.10e+00 2.38e-01 9.70e-01 2.73e-01 1.79e-06 2.86e-03 5.27e-04 1.54e-04 7.69e-05 1.10e-05
1.36e+00 1.42e+00 4.20e-02 1.41e+00 4.27e-02 1.97e-04 5.86e-04 5.22e-04 2.29e-04 1.47e-04 1.27e-05
1.35e+00 1.42e+00 1.78e-01 1.49e+00 1.90e-01 2.13e-05 7.01e-04 2.60e-04 8.44e-05 4.05e-05 5.06e-06
1.35e+00 1.19e+00 2.08e-01 9.70e-01 3.00e-01 1.07e-04 7.19e-03 5.13e-04 1.54e-04 7.69e-05 1.46e-05
1.33e+00 1.20e+00 1.06e-01 1.19e+00 1.07e-01 7.94e-05 1.20e-02 7.51e-04 2.16e-04 1.64e-04 1.88e-05
1.36e+00 1.32e+00 1.27e-02 1.32e+00 1.27e-02 8.40e-06 1.61e-03 3.96e-04 3.52e-04 1.34e-04 2.07e-05
1.36e+00 1.36e+00 3.82e-02 1.37e+00 3.86e-02 6.41e-04 3.33e-03 5.34e-04 2.30e-04 1.42e-04 1.62e-05
1.34e+00 1.63e+00 3.12e-02 1.63e+00 3.12e-02 6.38e-31 2.60e-12 4.36e-04 2.15e-04 1.26e-04 1.15e-05
1.37e+00 1.55e+00 8.72e-02 1.52e+00 9.18e-02 5.47e-05 2.15e-04 5.55e-04 2.20e-04 1.23e-04 1.29e-05
1.34e+00 1.47e+00 7.55e-03 1.47e+00 7.55e-03 5.64e-23 6.04e-23 6.16e-04 2.48e-04 2.45e-04 2.48e-05
1.35e+00 1.47e+00 2.86e-02 1.48e+00 3.01e-02 2.52e-06 6.33e-06 4.75e-04 1.91e-04 9.56e-05 1.23e-05
1.35e+00 1.11e+00 1.39e-01 1.04e+00 1.55e-01 4.49e-05 1.65e-03 7.18e-04 6.50e-05 3.61e-05 3.61e-06
1.34e+00 1.46e+00 5.18e-02 1.48e+00 5.43e-02 1.77e-05 3.51e-05 6.06e-04 1.74e-04 1.07e-04 1.19e-05
1.33e+00 1.48e+00 1.07e-01 1.51e+00 1.10e-01 6.01e-06 3.93e-04 2.43e-04 1.14e-04 4.82e-05 4.67e-06
1.36e+00 1.54e+00 1.14e-01 1.49e+00 1.26e-01 1.24e-04 5.53e-04 6.50e-04 2.86e-04 1.65e-04 1.73e-05
1.34e+00 1.31e+00 8.94e-02 1.32e+00 9.06e-02 6.12e-04 1.04e-02 5.60e-04 2.59e-04 1.67e-04 2.13e-05
1.33e+00 1.48e+00 1.49e-02 1.48e+00 1.56e-02 1.06e-15 1.34e-15 5.33e-04 2.90e-04 1.20e-04 2.77e-05
1.33e+00 1.31e+00 2.68e-01 1.26e+00 2.72e-01 3.85e-04 1.28e-02 4.89e-04 1.72e-04 7.76e-05 6.75e-06
1.34e+00 1.07e+00 1.27e-02 1.08e+00 1.39e-02 1.25e-29 2.52e-03 7.11e-04 4.15e-04 4.15e-04 2.50e-05
1.35e+00 1.60e+00 2.32e-02 1.60e+00 2.35e-02 1.21e-47 7.15e-25 3.70e-04 1.83e-04 1.05e-04 1.46e-05
1.32e+00 1.23e+00 6.16e-02 1.23e+00 6.17e-02 4.92e-05 5.67e-03 6.06e-04 2.40e-04 1.16e-04 1.03e-05
1.34e+00 1.41e+00 4.69e-02 1.44e+00 5.64e-02 1.71e-04 6.82e-04 5.51e-04 2.30e-04 1.59e-04 2.37e-05
1.38e+00 1.48e+00 2.02e-02 1.48e+00 2.03e-02 2.46e-08 3.78e-08 3.36e-04 1.22e-04 8.10e-05 1.38e-05
1.36e+00 1.61e+00 1.18e-02 1.61e+00 1.21e-02 6.09e-57 1.61e-29 1.30e-26 1.05e-26 4.96e-27 6.53e-28
1.34e+00 1.62e+00 2.80e-02 1.63e+00 2.85e-02 7.14e-32 4.10e-11 4.85e-04 2.32e-04 1.20e-04 1.43e-05
1.31e+00 1.33e+00 6.36e-02 1.38e+00 7.83e-02 3.08e-04 3.52e-03 4.97e-04 2.68e-04 1.36e-04 1.94e-05
1.35e+00 1.06e+00 1.86e-02 1.06e+00 1.88e-02 2.93e-14 2.90e-03 5.71e-04 2.98e-04 1.94e-04 5.39e-05
1.35e+00 1.38e+00 5.25e-02 1.39e+00 5.36e-02 4.59e-04 2.10e-03 5.38e-04 2.07e-04 1.30e-04 1.30e-05
1.33e+00 1.60e+00 4.74e-03 1.60e+00 4.81e-03 1.62e-131 3.60e-49 5.79e-04 5.79e-04 5.79e-04 1.16e-05
1.34e+00 1.28e+00 1.13e-01 1.04e+00 2.66e-01 6.14e-04 4.51e-03 5.95e-04 2.13e-04 9.74e-05 1.08e-05
1.32e+00 1.29e+00 3.82e-02 1.31e+00 4.17e-02 6.43e-04 3.10e-03 6.43e-04 2.09e-04 1.49e-04 2.98e-05
1.35e+00 1.48e+00 2.85e-02 1.48e+00 2.88e-02 1.72e-06 1.30e-05 5.03e-04 1.91e-04 9.56e-05 1.54e-05
1.32e+00 1.35e+00 1.37e-01 1.39e+00 1.42e-01 6.31e-04 8.53e-03 6.58e-04 2.67e-04 1.53e-04 1.43e-05
1.33e+00 1.47e+00 5.15e-02 1.47e+00 5.15e-02 4.17e-09 4.57e-05 2.92e-04 1.18e-04 6.60e-05 7.13e-06
1.35e+00 1.27e+00 1.69e-02 1.27e+00 1.74e-02 3.71e-58 1.10e-03 6.69e-04 2.19e-04 1.35e-04 3.03e-05
1.33e+00 1.33e+00 7.25e-02 1.35e+00 7.48e-02 6.59e-04 5.95e-03 5.19e-04 2.54e-04 1.36e-04 1.36e-05
1.36e+00 1.76e+00 6.84e-03 1.76e+00 8.28e-03 5.45e-48 1.54e-22 5.33e-04 4.93e-04 4.93e-04 2.68e-05
1.36e+00 1.25e+00 4.88e-02 1.27e+00 5.12e-02 4.82e-10 2.92e-03 5.38e-04 2.25e-04 1.98e-04 1.35e-05
1.35e+00 1.42e+00 2.07e-01 1.34e+00 2.21e-01 6.44e-04 4.87e-03 4.98e-04 1.80e-04 9.17e-05 6.55e-06
1.35e+00 1.59e+00 1.85e-02 1.60e+00 1.97e-02 3.06e-66 4.00e-43 5.79e-04 1.63e-04 8.44e-05 1.46e-05
1.33e+00 1.46e+00 1.94e-02 1.47e+00 2.15e-02 1.83e-11 2.55e-11 5.76e-04 2.35e-04 1.39e-04 1.55e-05
1.36e+00 1.34e+00 3.35e-02 1.33e+00 3.54e-02 3.45e-04 3.18e-03 4.46e-04 2.22e-04 1.27e-04 1.25e-05
1.35e+00 1.31e+00 7.03e-03 1.31e+00 7.05e-03 3.36e-09 1.18e-03 6.59e-04 2.65e-04 2.42e-04 2.42e-04
1.33e+00 1.50e+00 9.96e-02 1.53e+00 1.03e-01 2.51e-07 3.22e-04 2.35e-04 8.59e-05 4.82e-05 4.52e-06
1.36e+00 1.31e+00 1.19e-01 1.29e+00 1.21e-01 2.02e-04 1.03e-02 4.53e-04 1.70e-04 1.00e-04 1.38e-05
1.35e+00 1.43e+00 4.66e-02 1.44e+00 4.76e-02 9.38e-05 3.75e-04 5.27e-04 2.14e-04 1.28e-04 1.28e-05
1.37e+00 1.46e+00 5.21e-02 1.48e+00 5.63e-02 5.39e-05 4.02e-04 5.18e-04 1.75e-04 7.81e-05 1.25e-05
1.38e+00 1.49e+00 4.56e-02 1.49e+00 4.58e-02 1.54e-07 1.01e-05 2.99e-04 1.35e-04 6.92e-05 6.75e-06
1.33e+00 1.35e+00 1.89e-02 1.35e+00 1.90e-02 2.22e-04 3.49e-04 4.08e-04 1.81e-04 1.16e-04 2.41e-05
1.31e+00 1.31e+00 1.34e-01 1.41e+00 1.68e-01 2.68e-05 3.10e-03 2.98e-04 1.08e-04 6.41e-05 8.27e-06
1.32e+00 1.36e+00 4.68e-02 1.36e+00 4.69e-02 4.73e-04 1.66e-03 5.28e-04 2.41e-04 1.24e-04 1.63e-05
1.37e+00 1.46e+00 5.12e-02 1.47e+00 5.15e-02 2.07e-06 2.05e-05 2.91e-04 1.39e-04 8.02e-05 8.92e-06
1.34e+00 1.30e+00 7.95e-02 1.30e+00 7.95e-02 4.90e-04 6.58e-03 5.35e-04 2.03e-04 1.03e-04 9.98e-06
1.34e+00 1.63e+00 1.65e-02 1.63e+00 1.69e-02 5.55e-68 8.01e-25 4.27e-04 2.24e-04 2.01e-04 4.02e-05
1.35e+00 1.59e+00 1.87e-02 1.60e+00 2.00e-02 2.25e-57 5.97e-35 5.79e-04 1.81e-04 7.57e-05 1.16e-05
1.32e+00 1.36e+00 4.76e-02 1.36e+00 4.76e-02 3.96e-04 1.41e-03 5.20e-04 2.58e-04 1.28e-04 1.31e-05
1.36e+00 1.40e+00 4.11e-02 1.40e+00 4.12e-02 3.01e-04 9.32e-04 5.22e-04 2.50e-04 1.22e-04 1.60e-05
1.33e+00 1.28e+00 7.52e-03 1.28e+00 8.96e-03 9.67e-12 1.35e-03 6.67e-04 5.03e-04 5.03e-04 7.04e-05
1.33e+00 1.25e+00 8.43e-02 1.27e+00 8.75e-02 2.89e-04 7.29e-03 5.21e-04 1.75e-04 8.74e-05 1.01e-05
1.33e+00 1.46e+00 8.89e-03 1.46e+00 9.35e-03 3.82e-40 3.82e-40 6.19e-04 2.77e-04 1.65e-04 2.18e-05
1.37e+00 1.56e+00 1.86e-02 1.56e+00 1.86e-02 1.23e-35 1.10e-20 5.06e-12 3.29e-12 1.65e-12 1.86e-13
1.36e+00 1.28e+00 9.25e-04 1.28e+00 9.28e-04 4.14e-50 6.73e-04 6.67e-04 6.67e-04 6.67e-04 6.67e-04
1.33e+00 1.48e+00 5.90e-03 1.48e+00 6.54e-03 1.57e-50 1.58e-50 6.30e-04 3.17e-04 3.17e-04 6.02e-05
1.32e+00 1.34e+00 4.19e-02 1.33e+00 4.26e-02 6.14e-04 2.40e-03 5.40e-04 2.83e-04 1.28e-04 1.65e-05
1.33e+00 1.33e+00 1.28e-02 1.32e+00 1.43e-02 4.28e-04 1.43e-03 5.05e-04 2.60e-04 2.60e-04 2.58e-05
1.33e+00 1.41e+00 2.92e-02 1.41e+00 2.93e-02 1.57e-05 2.43e-05 4.93e-04 2.13e-04 1.24e-04 3.18e-05
1.35e+00 1.39e+00 8.11e-02 1.40e+00 8.19e-02 5.70e-04 4.32e-03 6.80e-04 2.82e-04 1.43e-04 2.24e-05
1.34e+00 1.47e+00 5.42e-02 1.48e+00 5.54e-02 4.00e-05 1.84e-04 5.36e-04 2.12e-04 1.12e-04 1.49e-05
1.36e+00 1.27e+00 1.44e-01 1.35e+00 1.64e-01 7.83e-04 1.34e-02 5.76e-04 2.03e-04 1.11e-04 1.59e-05
1.33e+00 1.46e+00 4.83e-03 1.46e+00 5.81e-03 1.70e-106 1.75e-106 6.19e-04 3.11e-04 3.11e-04 3.11e-04
1.36e+00 1.41e+00 1.08e-02 1.41e+00 1.14e-02 1.14e-44 1.24e-44 5.02e-42 2.30e-42 1.54e-42 2.78e-43
1.32e+00 1.26e+00 4.19e-02 1.24e+00 4.53e-02 1.45e-04 4.26e-03 5.65e-04 1.87e-04 1.16e-04 1.36e-05
1.33e+00 1.49e+00 9.51e-03 1.49e+00 9.53e-03 6.41e-19 1.09e-17 3.36e-04 1.84e-04 1.84e-04 3.21e-05
1.35e+00 1.41e+00 6.81e-02 1.47e+00 9.32e-02 2.52e-04 2.06e-03 4.52e-04 2.01e-04 1.55e-04 1.55e-05
1.32e+00 1.72e+00 1.45e-01 1.70e+00 1.46e-01 1.00e-10 4.30e-07 4.46e-04 1.66e-04 1.11e-04 8.30e-06
1.35e+00 1.44e+00 8.20e-02 1.46e+00 8.47e-02 2.75e-04 1.53e-03 5.80e-04 2.04e-04 1.12e-04 1.41e-05
1.37e+00 1.29e+00 1.14e-02 1.29e+00 1.15e-02 9.45e-14 1.51e-03 5.49e-04 3.29e-04 1.27e-04 2.48e-05
1.32e+00 1.30e+00 1.07e-01 1.27e+00 1.12e-01 3.56e-04 7.13e-03 5.31e-04 1.68e-04 9.60e-05 1.03e-05
1.33e+00 1.40e+00 5.92e-02 1.42e+00 6.31e-02 2.07e-04 1.55e-03 4.88e-04 2.28e-04 1.61e-04 1.90e-05
1.35e+00 1.35e+00 6.65e-02 1.35e+00 6.65e-02 6.61e-04 5.29e-03 5.27e-04 2.01e-04 1.17e-04 1.34e-05
1.32e+00 1.31e+00 4.24e-02 1.30e+00 4.30e-02 5.45e-04 4.47e-03 5.42e-04 2.23e-04 1.50e-04 1.66e-05
1.32e+00 1.50e+00 8.62e-03 1.50e+00 9.30e-03 5.89e-09 2.07e-08 3.27e-04 2.73e-04 1.05e-04 5.58e-05
1.32e+00 1.28e+00 4.90e-03 1.28e+00 5.25e-03 7.47e-13 8.95e-04 6.67e-04 6.67e-04 1.91e-04 3.35e-05
1.32e+00 1.19e+00 1.25e-01 1.21e+00 1.27e-01 1.98e-04 1.84e-02 6.88e-04 2.64e-04 1.38e-04 1.79e-05
1.32e+00 1.46e+00 3.66e-02 1.46e+00 3.66e-02 8.02e-08 2.56e-06 2.98e-04 1.27e-04 7.78e-05 9.04e-06
1.35e+00 1.37e+00 6.86e-02 1.36e+00 6.95e-02 6.30e-04 3.66e-03 5.16e-04 2.11e-04 1.30e-04 1.62e-05
1.38e+00 1.57e+00 1.89e-02 1.57e+00 1.93e-02 8.72e-41 2.74e-22 2.73e-18 1.49e-18 7.82e-19 1.56e-19
1.36e+00 1.46e+00 4.53e-02 1.48e+00 4.82e-02 4.26e-05 1.50e-04 5.08e-04 1.86e-04 1.08e-04 1.24e-05
1.32e+00 1.33e+00 5.96e-02 1.32e+00 6.11e-02 6.52e-04 3.30e-03 5.25e-04 2.14e-04 1.29e-04 1.32e-05
1.35e+00 1.43e+00 3.77e-02 1.43e+00 3.78e-02 2.86e-05 5.44e-05 3.49e-04 1.51e-04 9.51e-05 1.59e-05
1.32e+00 1.45e+00 2.60e-01 1.36e+00 2.77e-01 5.26e-04 2.82e-03 4.84e-04 1.72e-04 7.15e-05 6.50e-06
1.31e+00 1.43e+00 9.60e-02 1.44e+00 9.69e-02 3.95e-06 2.76e-04 3.02e-04 1.22e-04 5.74e-05 5.74e-06
1.32e+00 1.34e+00 7.26e-02 1.28e+00 9.41e-02 4.62e-04 5.35e-03 5.14e-04 2.38e-04 1.60e-04 2.38e-05
1.33e+00 1.34e+00 9.53e-02 1.36e+00 9.67e-02 7.14e-04 5.42e-03 6.07e-04 2.55e-04 1.43e-04 1.16e-05
1.35e+00 1.50e+00 3.08e-02 1.50e+00 3.10e-02 5.79e-09 2.72e-06 2.56e-04 1.25e-04 7.88e-05 8.21e-06
1.34e+00 1.26e+00 8.83e-03 1.26e+00 9.10e-03 2.75e-22 1.72e-03 6.72e-04 6.08e-04 3.17e-04 4.05e-05
1.36e+00 1.48e+00 2.55e-02 1.48e+00 2.57e-02 5.59e-09 6.66e-08 2.97e-04 1.37e-04 7.46e-05 1.21e-05
1.33e+00 1.46e+00 7.50e-03 1.46e+00 7.53e-03 1.11e-39 1.16e-39 6.19e-04 2.39e-04 2.27e-04 3.42e-05
1.33e+00 1.26e+00 4.09e-02 1.28e+00 4.61e-02 8.50e-05 6.09e-03 5.46e-04 2.38e-04 1.37e-04 2.35e-05
1.36e+00 1.74e+00 3.00e-02 1.75e+00 3.09e-02 1.79e-51 4.78e-14 5.36e-04 2.64e-04 2.64e-04 8.09e-06
1.33e+00 1.32e+00 1.68e-01 1.30e+00 1.69e-01 2.36e-04 4.29e-03 2.79e-04 1.01e-04 6.27e-05 9.50e-06
1.36e+00 1.33e+00 1.27e-02 1.32e+00 1.41e-02 2.03e-05 1.71e-03 4.94e-04 2.61e-04 2.61e-04 2.33e-05
1.34e+00 1.44e+00 3.68e-02 1.45e+00 3.80e-02 2.23e-05 1.01e-04 5.42e-04 2.71e-04 1.32e-04 9.68e-06
1.34e+00 1.50e+00 1.23e-01 1.48e+00 1.25e-01 1.08e-04 7.73e-04 4.94e-04 2.33e-04 1.31e-04 1.06e-05
1.32e+00 1.51e+00 6.11e-02 1.48e+00 6.87e-02 2.79e-06 6.46e-06 4.51e-04 1.88e-04 9.21e-05 1.32e-05
1.36e+00 1.47e+00 1.44e-02 1.47e+00 1.46e-02 3.04e-11 3.19e-11 6.16e-04 4.21e-04 1.30e-04 2.48e-05
1.35e+00 1.51e+00 8.79e-02 1.51e+00 8.79e-02 7.94e-05 3.07e-04 5.18e-04 1.67e-04 9.36e-05 1.00e-05
1.37e+00 1.22e+00 2.68e-01 9.70e-01 3.64e-01 3.50e-05 5.81e-03 3.78e-04 1.23e-04 6.03e-05 8.22e-06
1.35e+00 1.44e+00 2.14e-02 1.44e+00 2.16e-02 1.18e-07 1.36e-07 5.15e-04 2.64e-04 2.01e-04 6.59e-05
1.34e+00 1.26e+00 4.61e-02 1.27e+00 4.65e-02 3.15e-05 4.93e-03 4.67e-04 2.39e-04 1.30e-04 1.44e-05
1.32e+00 1.36e+00 2.37e-01 1.58e+00 3.21e-01 1.58e-04 4.80e-03 1.83e-04 7.37e-05 4.19e-05 8.89e-06
1.33e+00 1.34e+00 7.69e-02 1.31e+00 8.11e-02 6.00e-04 5.21e-03 5.37e-04 2.00e-04 1.09e-04 1.05e-05
1.34e+00 1.49e+00 4.31e-02 1.50e+00 4.40e-02 1.10e-11 9.77e-11 3.39e-09 1.56e-09 8.10e-10 1.07e-10
1.35e+00 1.45e+00 1.80e-01 1.30e+00 2.36e-01 9.00e-05 2.30e-03 2.28e-04 8.19e-05 5.16e-05 6.07e-06
1.38e+00 1.17e+00 5.19e-02 1.17e+00 5.20e-02 1.58e-07 8.76e-03 5.85e-04 2.37e-04 1.53e-04 2.09e-05
1.35e+00 1.06e+00 1.97e-01 9.70e-01 2.16e-01 1.94e-05 5.87e-03 5.64e-04 2.12e-04 9.15e-05 7.32e-06
1.34e+00 1.31e+00 1.29e-02 1.31e+00 1.37e-02 1.04e-04 1.68e-03 4.71e-04 2.41e-04 2.41e-04 2.11e-05
1.33e+00 1.49e+00 8.85e-04 1.49e+00 8.86e-04 8.24e-145 8.24e-145 6.11e-04 6.11e-04 6.11e-04 6.11e-04
1.34e+00 2.04e+00 4.00e-01 2.28e+00 4.67e-01 1.98e-04 1.42e-03 2.53e-04 1.10e-04 7.44e-05 9.79e-06
1.32e+00 1.57e+00 1.68e-02 1.56e+00 1.79e-02 6.50e-173 1.92e-98 4.75e-04 4.04e-04 1.48e-04 2.97e-05
1.34e+00 1.61e+00 3.93e-02 1.60e+00 4.02e-02 3.78e-26 8.72e-06 4.95e-04 1.86e-04 9.90e-05 1.46e-05
1.33e+00 1.28e+00 5.11e-03 1.28e+00 5.51e-03 3.62e-12 9.04e-04 6.67e-04 6.67e-04 1.94e-04 3.35e-05
1.33e+00 1.33e+00 1.09e-01 1.31e+00 1.10e-01 5.95e-04 6.42e-03 5.10e-04 1.37e-04 7.38e-05 1.01e-05
1.33e+00 1.18e+00 6.94e-02 1.23e+00 8.46e-02 1.90e-28 2.21e-03 6.79e-04 2.87e-04 2.83e-04 3.75e-05
1.34e+00 1.51e+00 2.46e-02 1.49e+00 2.89e-02 3.81e-14 4.12e-14 6.15e-04 2.26e-04 7.73e-05 1.24e-05
1.33e+00 1.42e+00 3.98e-02 1.41e+00 4.12e-02 4.64e-05 1.24e-04 5.09e-04 2.58e-04 1.37e-04 1.59e-05
1.33e+00 1.44e+00 3.62e-02 1.46e+00 4.01e-02 2.25e-05 8.82e-05 5.10e-04 2.08e-04 1.18e-04 1.56e-05
1.35e+00 1.39e+00 3.88e-02 1.39e+00 3.90e-02 2.07e-04 5.56e-04 3.63e-04 1.64e-04 1.03e-04 1.31e-05
1.34e+00 1.38e+00 7.12e-02 1.40e+00 7.47e-02 3.59e-04 3.06e-03 4.60e-04 1.94e-04 1.20e-04 1.94e-05
1.36e+00 1.08e+00 1.94e-02 1.09e+00 2.01e-02 1.22e-20 3.14e-03 6.95e-04 2.78e-04 2.10e-04 3.21e-05
1.33e+00 1.24e+00 2.69e-01 1.08e+00 3.14e-01 2.93e-04 1.85e-02 5.33e-04 2.34e-04 1.27e-04 6.88e-06
1.35e+00 1.41e+00 3.69e-02 1.41e+00 3.70e-02 8.81e-05 1.87e-04 3.38e-04 1.50e-04 8.55e-05 1.46e-05
1.34e+00 1.38e+00 1.04e-01 1.33e+00 1.17e-01 6.66e-04 4.69e-03 4.83e-04 1.92e-04 1.23e-04 1.03e-05
1.33e+00 1.34e+00 1.10e-01 1.35e+00 1.10e-01 7.32e-04 5.92e-03 6.30e-04 2.19e-04 1.23e-04 1.15e-05
1.35e+00 1.41e+00 3.59e-02 1.40e+00 3.64e-02 1.57e-04 3.92e-04 4.73e-04 2.14e-04 1.44e-04 1.92e-05
1.34e+00 1.48e+00 1.02e-02 1.48e+00 1.03e-02 2.30e-19 2.57e-19 6.13e-04 3.11e-04 3.11e-04 1.85e-05
1.35e+00 1.41e+00 7.63e-02 1.37e+00 8.42e-02 5.12e-04 1.89e-03 6.01e-04 2.84e-04 1.47e-04 1.84e-05
1.32e+00 1.30e+00 2.99e-02 1.30e+00 3.02e-02 5.75e-04 3.53e-03 5.39e-04 2.26e-04 1.83e-04 2.00e-05
1.32e+00 1.25e+00 5.58e-02 1.25e+00 5.58e-02 1.55e-04 6.73e-03 5.43e-04 2.01e-04 9.90e-05 1.36e-05
1.33e+00 1.48e+00 3.12e-02 1.48e+00 3.13e-02 1.00e-07 3.38e-06 2.81e-04 1.18e-04 7.29e-05 8.68e-06
1.34e+00 1.37e+00 7.06e-02 1.40e+00 7.70e-02 4.69e-04 4.60e-03 4.94e-04 2.57e-04 1.55e-04 1.97e-05
1.34e+00 1.33e+00 2.68e-02 1.33e+00 2.68e-02 6.18e-04 2.88e-03 5.36e-04 3.29e-04 1.94e-04 1.64e-05
1.35e+00 1.31e+00 9.33e-03 1.31e+00 9.43e-03 4.05e-21 9.57e-18 4.11e-18 1.84e-18 1.84e-18 3.30e-19
1.34e+00 1.49e+00 2.52e-02 1.49e+00 2.56e-02 4.46e-10 3.30e-07 2.71e-04 1.06e-04 1.01e-04 9.93e-06
1.35e+00 1.60e+00 1.99e-02 1.60e+00 2.01e-02 1.58e-59 2.20e-33 5.79e-04 1.51e-04 7.57e-05 8.73e-06
1.35e+00 1.46e+00 1.61e-02 1.46e+00 1.62e-02 1.35e-09 2.52e-09 5.29e-04 2.43e-04 2.43e-04 1.87e-05
1.34e+00 1.30e+00 1.36e-02 1.30e+00 1.41e-02 4.69e-05 1.82e-03 4.78e-04 2.43e-04 1.16e-04 2.16e-05
1.32e+00 1.34e+00 7.37e-02 1.36e+00 7.61e-02 5.54e-04 4.16e-03 5.41e-04 2.21e-04 1.41e-04 1.41e-05
1.33e+00 1.30e+00 6.84e-03 1.30e+00 7.17e-03 1.87e-06 1.14e-03 6.62e-04 3.19e-04 3.19e-04 3.33e-05
1.35e+00 1.46e+00 2.53e-02 1.46e+00 2.53e-02 1.94e-08 2.39e-08 2.92e-04 1.85e-04 1.02e-04 1.61e-05
1.34e+00 1.49e+00 4.78e-02 1.49e+00 4.78e-02 5.32e-09 3.25e-05 2.79e-04 1.35e-04 8.27e-05 8.44e-06
1.35e+00 1.48e+00 2.39e-02 1.48e+00 2.39e-02 6.09e-09 9.28e-09 2.88e-04 1.41e-04 6.42e-05 8.68e-06
1.35e+00 1.36e+00 7.56e-02 1.33e+00 8.05e-02 6.13e-04 4.77e-03 4.93e-04 1.94e-04 1.02e-04 9.86e-06
1.34e+00 1.39e+00 5.87e-02 1.40e+00 5.90e-02 3.37e-04 1.72e-03 5.24e-04 2.03e-04 1.15e-04 1.69e-05
1.36e+00 1.46e+00 6.00e-02 1.49e+00 6.70e-02 1.42e-04 5.70e-04 5.06e-04 1.53e-04 7.36e-05 1.23e-05
1.34e+00 1.64e+00 1.11e-02 1.64e+00 1.18e-02 3.17e-114 1.25e-40 5.62e-04 2.65e-04 1.80e-04 4.28e-05
1.35e+00 1.37e+00 7.04e-02 1.40e+00 7.54e-02 4.65e-04 3.87e-03 4.82e-04 2.36e-04 1.38e-04 1.69e-05
1.32e+00 1.31e+00 1.39e-02 1.31e+00 1.39e-02 3.02e-04 1.59e-03 4.02e-04 1.80e-04 1.67e-04 3.70e-05
1.32e+00 1.37e+00 1.76e-02 1.38e+00 1.89e-02 2.12e-05 2.52e-05 6.34e-04 2.87e-04 2.22e-04 3.86e-05
1.34e+00 1.30e+00 7.68e-03 1.30e+00 7.68e-03 1.08e-18 1.48e-14 7.75e-15 3.27e-15 3.23e-15 2.73e-16
1.34e+00 1.38e+00 4.63e-02 1.37e+00 4.67e-02 3.40e-04 1.18e-03 3.74e-04 1.92e-04 9.92e-05 1.13e-05
1.35e+00 1.63e+00 1.49e-02 1.63e+00 1.52e-02 4.10e-60 1.18e-16 5.25e-04 2.84e-04 1.18e-04 9.46e-05
1.33e+00 1.52e+00 3.13e-03 1.52e+00 3.20e-03 0.00e+00 1.21e-279 6.02e-04 6.02e-04 6.02e-04 3.33e-05
1.34e+00 1.43e+00 4.88e-02 1.46e+00 5.63e-02 8.34e-05 3.03e-04 5.05e-04 2.32e-04 1.32e-04 1.57e-05
1.33e+00 1.30e+00 2.28e-02 1.30e+00 2.29e-02 4.70e-07 1.36e-03 6.62e-04 5.69e-04 5.69e-04 5.32e-05
1.37e+00 1.35e+00 3.08e-02 1.34e+00 3.17e-02 3.54e-04 3.17e-03 3.85e-04 1.93e-04 1.21e-04 1.73e-05
1.37e+00 1.41e+00 6.03e-02 1.39e+00 6.35e-02 5.69e-04 2.02e-03 5.22e-04 1.48e-04 1.01e-04 1.01e-05
1.33e+00 1.30e+00 7.64e-02 1.27e+00 8.19e-02 2.44e-04 6.42e-03 5.23e-04 1.56e-04 9.86e-05 1.36e-05
1.34e+00 1.42e+00 2.24e-02 1.41e+00 2.33e-02 1.81e-06 2.53e-06 5.37e-04 2.99e-04 1.34e-04 1.91e-05
1.33e+00 1.40e+00 6.21e-02 1.43e+00 6.86e-02 3.49e-04 1.70e-03 6.33e-04 2.84e-04 1.38e-04 1.92e-05
1.36e+00 1.35e+00 1.75e-01 1.48e+00 2.17e-01 4.36e-05 3.65e-03 2.31e-04 7.58e-05 4.48e-05 8.61e-06
1.32e+00 1.30e+00 4.23e-02 1.30e+00 4.23e-02 5.79e-04 4.57e-03 5.43e-04 1.96e-04 1.33e-04 1.33e-05
1.36e+00 1.47e+00 1.43e-02 1.47e+00 1.43e-02 3.22e-11 3.48e-11 5.11e-04 1.98e-04 1.49e-04 2.17e-05
1.31e+00 1.37e+00 3.79e-02 1.37e+00 3.82e-02 2.12e-04 5.97e-04 5.50e-04 2.69e-04 1.20e-04 1.62e-05
1.35e+00 1.48e+00 2.76e-02 1.48e+00 2.77e-02 1.66e-08 2.17e-07 3.14e-04 1.15e-04 6.77e-05 1.21e-05
1.33e+00 1.25e+00 1.84e-01 1.04e+00 2.81e-01 4.39e-04 9.26e-03 3.97e-04 1.37e-04 7.94e-05 1.08e-05
1.31e+00 1.26e+00 6.05e-02 1.25e+00 6.09e-02 3.50e-04 7.95e-03 5.52e-04 2.34e-04 1.39e-04 1.36e-05
1.35e+00 1.43e+00 8.43e-02 1.40e+00 9.01e-02 3.98e-04 1.85e-03 4.99e-04 2.05e-04 1.20e-04 1.77e-05
1.35e+00 1.09e+00 7.27e-03 1.09e+00 7.35e-03 3.00e-65 1.45e-03 7.87e-04 3.80e-04 2.45e-04 2.77e-05
1.35e+00 1.46e+00 6.28e-02 1.47e+00 6.30e-02 8.58e-05 3.98e-04 5.52e-04 2.09e-04 1.02e-04 1.10e-05
1.34e+00 1.48e+00 2.72e-02 1.49e+00 2.88e-02 2.61e-16 3.46e-16 8.64e-12 3.46e-12 1.93e-12 2.54e-13
1.35e+00 1.38e+00 9.44e-02 1.35e+00 1.00e-01 6.64e-04 4.28e-03 5.04e-04 2.00e-04 1.17e-04 1.00e-05
1.33e+00 1.55e+00 3.73e-02 1.52e+00 4.53e-02 7.29e-16 7.93e-16 3.06e-04 2.36e-04 1.33e-04 3.33e-05
1.37e+00 1.29e+00 8.03e-02 1.24e+00 9.65e-02 4.13e-04 1.11e-02 5.22e-04 2.47e-04 1.25e-04 1.39e-05
1.33e+00 1.51e+00 5.98e-02 1.51e+00 5.99e-02 8.75e-09 1.97e-05 2.86e-04 1.48e-04 8.14e-05 7.98e-06
1.36e+00 1.28e+00 7.90e-02 1.24e+00 8.88e-02 3.23e-04 1.02e-02 5.22e-04 2.14e-04 1.51e-04 1.40e-05
1.32e+00 1.58e+00 1.35e-02 1.58e+00 1.40e-02 4.08e-221 7.60e-153 5.85e-04 2.23e-04 2.06e-04 9.70e-05
1.36e+00 1.38e+00 8.55e-02 1.40e+00 8.84e-02 4.05e-04 1.73e-03 5.15e-04 2.06e-04 1.38e-04 1.61e-05
1.35e+00 1.44e+00 2.95e-02 1.44e+00 2.95e-02 2.76e-06 3.87e-06 3.21e-04 1.78e-04 1.00e-04 2.12e-05
1.33e+00 1.53e+00 3.95e-02 1.49e+00 5.47e-02 2.09e-10 2.68e-10 3.93e-04 1.78e-04 1.56e-04 1.53e-05
1.36e+00 1.47e+00 5.07e-02 1.48e+00 5.23e-02 7.12e-05 3.32e-04 4.72e-04 1.83e-04 6.52e-05 1.24e-05
1.34e+00 1.45e+00 1.25e-02 1.46e+00 1.39e-02 2.16e-17 2.16e-17 6.19e-04 2.83e-04 2.43e-04 2.80e-05
1.36e+00 1.32e+00 4.21e-02 1.31e+00 4.29e-02 4.02e-05 2.29e-03 4.68e-04 2.14e-04 1.67e-04 1.06e-05
1.33e+00 1.45e+00 3.13e-02 1.46e+00 3.21e-02 5.07e-06 1.03e-05 5.81e-04 2.42e-04 1.02e-04 1.40e-05
1.35e+00 1.57e+00 2.66e-02 1.60e+00 4.16e-02 2.12e-57 2.29e-44 4.72e-04 3.67e-04 2.07e-04 2.04e-05
1.31e+00 1.41e+00 3.38e-02 1.42e+00 3.45e-02 1.47e-05 6.88e-05 5.57e-04 2.32e-04 1.18e-04 1.59e-05
1.34e+00 1.08e+00 2.23e-01 9.70e-01 2.49e-01 1.42e-06 3.20e-03 6.11e-04 1.79e-04 1.06e-04 1.10e-05
1.34e+00 1.37e+00 5.01e-02 1.38e+00 5.06e-02 4.59e-04 1.89e-03 4.98e-04 2.16e-04 1.29e-04 1.94e-05
1.36e+00 1.29e+00 1.77e-02 1.29e+00 1.81e-02 1.98e-06 2.37e-03 5.27e-04 1.99e-04 1.63e-04 1.66e-05
1.32e+00 1.55e+00 3.30e-01 1.75e+00 3.85e-01 4.06e-07 4.54e-03 3.91e-04 1.72e-04 1.05e-04 1.08e-05
1.36e+00 1.45e+00 2.79e-02 1.45e+00 2.79e-02 2.76e-06 3.78e-06 3.23e-04 1.50e-04 8.55e-05 1.49e-05
1.32e+00 1.29e+00 4.83e-03 1.29e+00 4.92e-03 3.72e-08 8.76e-04 6.64e-04 6.64e-04 1.50e-04 6.68e-05
1.35e+00 1.45e+00 3.28e-02 1.45e+00 3.29e-02 5.03e-06 7.87e-06 3.12e-04 1.39e-04 8.28e-05 9.41e-06
1.33e+00 1.47e+00 9.05e-03 1.47e+00 9.68e-03 3.34e-23 3.63e-23 6.16e-04 5.14e-04 2.01e-04 2.79e-05
1.37e+00 1.55e+00 1.95e-02 1.55e+00 1.96e-02 4.63e-28 4.86e-17 8.38e-12 3.44e-12 2.57e-12 5.33e-13
1.34e+00 1.27e+00 5.78e-02 1.28e+00 5.81e-02 2.37e-04 6.92e-03 5.09e-04 1.94e-04 1.31e-04 1.34e-05
1.33e+00 1.39e+00 4.93e-02 1.40e+00 5.02e-02 1.82e-04 9.27e-04 4.96e-04 2.08e-04 1.06e-04 1.60e-05
1.37e+00 1.46e+00 1.65e-01 1.34e+00 2.04e-01 2.67e-04 2.51e-03 2.61e-04 1.09e-04 5.90e-05 7.15e-06
1.32e+00 1.36e+00 9.44e-02 1.32e+00 1.03e-01 6.44e-04 2.25e-03 4.99e-04 1.78e-04 8.59e-05 9.91e-06
1.36e+00 1.46e+00 3.50e-02 1.47e+00 3.72e-02 9.88e-06 7.47e-05 5.08e-04 1.89e-04 1.05e-04 9.29e-06
1.33e+00 1.35e+00 4.14e-02 1.35e+00 4.14e-02 5.70e-04 2.10e-03 5.19e-04 2.32e-04 1.53e-04 1.63e-05
1.36e+00 1.31e+00 1.29e-02 1.31e+00 1.34e-02 3.48e-06 1.68e-03 4.41e-04 2.14e-04 2.14e-04 1.59e-05
1.32e+00 1.32e+00 2.06e-02 1.32e+00 2.06e-02 6.55e-04 2.06e-03 5.35e-04 2.44e-04 2.05e-04 2.64e-05
1.35e+00 1.34e+00 1.14e-01 1.31e+00 1.17e-01 5.73e-04 6.74e-03 5.44e-04 2.09e-04 9.61e-05 9.94e-06
1.35e+00 1.42e+00 4.89e-02 1.43e+00 5.10e-02 2.33e-04 9.59e-04 5.14e-04 2.48e-04 1.37e-04 1.91e-05
1.32e+00 1.23e+00 8.10e-02 1.25e+00 8.44e-02 2.70e-04 1.04e-02 5.25e-04 2.00e-04 1.25e-04 1.36e-05
1.35e+00 1.54e+00 1.17e-01 1.49e+00 1.26e-01 1.57e-04 6.82e-04 6.42e-04 2.88e-04 1.58e-04 1.63e-05
1.36e+00 1.43e+00 2.98e-02 1.42e+00 3.03e-02 3.79e-05 1.14e-04 4.94e-04 2.91e-04 1.46e-04 2.22e-05
1.33e+00 1.46e+00 2.44e-02 1.47e+00 2.65e-02 9.36e-09 1.71e-08 4.78e-04 2.44e-04 1.09e-04 1.88e-05
1.38e+00 1.33e+00 8.08e-02 1.31e+00 8.23e-02 8.23e-06 2.77e-03 4.12e-04 2.27e-04 1.06e-04 1.06e-05
1.36e+00 1.36e+00 8.75e-02 1.38e+00 9.04e-02 7.20e-04 8.48e-03 5.94e-04 2.77e-04 1.81e-04 1.48e-05
1.33e+00 1.45e+00 4.59e-02 1.47e+00 4.99e-02 3.01e-05 1.17e-04 6.00e-04 2.69e-04 1.29e-04 1.47e-05
1.35e+00 1.48e+00 2.92e-02 1.48e+00 2.92e-02 7.75e-11 1.11e-10 2.62e-07 1.21e-07 6.71e-08 1.14e-08
1.37e+00 1.31e+00 1.52e-02 1.31e+00 1.55e-02 6.00e-12 1.88e-09 4.39e-10 2.40e-10 1.46e-10 3.40e-11
1.38e+00 1.49e+00 1.53e-02 1.49e+00 1.55e-02 1.91e-07 2.47e-07 6.01e-04 2.93e-04 1.73e-04 1.57e-05
1.36e+00 1.50e+00 4.00e-01 1.63e+00 4.21e-01 1.19e-04 7.81e-03 4.41e-04 1.56e-04 1.00e-04 1.48e-05
1.37e+00 1.49e+00 6.28e-02 1.49e+00 6.28e-02 6.89e-06 5.73e-05 2.55e-04 1.07e-04 6.34e-05 6.68e-06
1.31e+00 1.44e+00 3.27e-02 1.43e+00 3.32e-02 1.69e-07 2.06e-06 2.94e-04 1.50e-04 9.14e-05 1.36e-05
1.34e+00 1.47e+00 3.41e-02 1.48e+00 3.53e-02 7.57e-06 2.18e-05 5.02e-04 1.91e-04 1.08e-04 9.25e-06
1.34e+00 1.40e+00 2.23e-02 1.40e+00 2.24e-02 6.46e-06 3.07e-05 5.17e-04 2.75e-04 1.28e-04 1.28e-05
1.36e+00 1.43e+00 5.50e-02 1.46e+00 6.35e-02 2.18e-04 8.97e-04 5.44e-04 2.39e-04 1.38e-04 1.57e-05
1.37e+00 1.29e+00 1.22e-02 1.29e+00 1.29e-02 1.63e-10 1.76e-03 5.25e-04 2.46e-04 2.46e-04 1.38e-05
1.32e+00 1.38e+00 8.15e-02 1.31e+00 1.07e-01 6.02e-04 4.22e-03 5.09e-04 2.67e-04 1.50e-04 2.23e-05
1.32e+00 1.30e+00 7.15e-02 1.32e+00 7.38e-02 6.81e-04 6.14e-03 5.23e-04 2.32e-04 1.49e-04 1.38e-05
1.32e+00 1.47e+00 3.20e-02 1.47e+00 3.22e-02 2.90e-08 1.09e-06 2.89e-04 1.36e-04 7.67e-05 8.92e-06
1.34e+00 1.50e+00 2.53e-02 1.49e+00 2.88e-02 1.86e-13 2.01e-13 6.11e-04 1.63e-04 7.67e-05 1.23e-05
1.36e+00 1.49e+00 2.83e-02 1.49e+00 2.83e-02 1.16e-08 9.54e-08 2.52e-04 1.10e-04 6.41e-05 8.44e-06
1.35e+00 1.40e+00 8.33e-02 1.41e+00 8.38e-02 2.09e-04 1.05e-03 5.16e-04 2.17e-04 1.23e-04 1.30e-05
1.36e+00 1.47e+00 3.49e-02 1.48e+00 3.58e-02 1.09e-05 9.08e-05 4.90e-04 1.97e-04 8.32e-05 9.25e-06
1.34e+00 1.60e+00 2.39e-02 1.60e+00 2.40e-02 7.35e-43 1.32e-18 3.67e-04 1.60e-04 8.15e-05 1.16e-05
1.34e+00 1.45e+00 6.15e-02 1.48e+00 6.66e-02 2.68e-05 1.47e-04 2.76e-04 1.13e-04 7.29e-05 5.21e-06
1.35e+00 1.63e+00 1.92e-02 1.63e+00 1.94e-02 1.47e-66 9.30e-34 4.88e-04 2.93e-04 1.35e-04 2.87e-05
1.35e+00 1.32e+00 7.27e-02 1.29e+00 7.86e-02 5.34e-04 8.87e-03 5.42e-04 2.85e-04 1.81e-04 2.09e-05
1.33e+00 1.34e+00 6.65e-02 1.31e+00 7.42e-02 5.80e-04 4.33e-03 4.81e-04 1.90e-04 1.07e-04 2.08e-05
1.37e+00 1.42e+00 3.52e-02 1.41e+00 3.61e-02 1.98e-04 5.17e-04 4.84e-04 2.48e-04 1.34e-04 1.91e-05
1.35e+00 1.46e+00 1.76e-01 1.40e+00 1.87e-01 4.54e-04 1.75e-03 4.95e-04 2.04e-04 1.25e-04 6.39e-06
1.36e+00 1.56e+00 1.05e-02 1.56e+00 1.13e-02 3.92e-105 4.68e-51 3.35e-47 1.35e-47 1.13e-47 1.35e-48
1.35e+00 1.45e+00 3.90e-02 1.46e+00 3.96e-02 5.30e-06 1.13e-05 3.02e-04 1.41e-04 9.16e-05 1.47e-05
1.35e+00 1.29e+00 8.38e-02 1.28e+00 8.43e-02 2.90e-04 7.82e-03 5.18e-04 1.87e-04 1.07e-04 1.00e-05
1.35e+00 1.34e+00 4.79e-02 1.34e+00 4.81e-02 6.53e-04 4.08e-03 5.67e-04 2.24e-04 1.39e-04 1.65e-05
1.35e+00 1.39e+00 6.03e-02 1.40e+00 6.15e-02 3.73e-04 1.74e-03 5.17e-04 2.02e-04 1.30e-04 1.30e-05
1.31e+00 1.39e+00 5.45e-02 1.40e+00 5.60e-02 6.99e-05 7.59e-04 4.95e-04 1.85e-04 1.02e-04 1.92e-05
1.33e+00 1.35e+00 7.77e-02 1.32e+00 8.38e-02 6.67e-04 4.26e-03 5.09e-04 2.03e-04 1.10e-04 1.03e-05
1.36e+00 1.05e+00 3.44e-02 1.05e+00 3.44e-02 1.69e-18 2.56e-03 6.62e-04 3.53e-04 1.73e-04 1.80e-05
1.32e+00 1.38e+00 8.64e-03 1.38e+00 8.65e-03 4.72e-10 4.72e-10 6.41e-04 3.22e-04 3.22e-04 2.25e-05
1.35e+00 1.41e+00 1.49e-01 1.36e+00 1.59e-01 6.44e-04 3.97e-03 5.00e-04 1.79e-04 1.04e-04 6.49e-06
1.37e+00 1.82e+00 3.75e-01 1.83e+00 3.76e-01 1.90e-04 3.98e-03 3.69e-04 1.56e-04 8.63e-05 1.17e-05
1.35e+00 1.24e+00 2.90e-01 1.05e+00 3.45e-01 4.98e-06 1.06e-02 5.22e-04 1.22e-04 6.48e-05 7.20e-06
1.34e+00 1.33e+00 9.07e-02 1.32e+00 9.18e-02 9.17e-04 1.06e-02 7.49e-04 3.39e-04 2.14e-04 1.86e-05
1.32e+00 1.38e+00 4.00e-02 1.38e+00 4.00e-02 1.98e-04 5.52e-04 5.33e-04 2.58e-04 1.32e-04 1.94e-05
1.37e+00 1.36e+00 1.70e-01 1.31e+00 1.79e-01 3.33e-04 6.96e-03 3.47e-04 1.36e-04 7.30e-05 1.30e-05
1.32e+00 1.40e+00 2.59e-01 1.32e+00 2.71e-01 6.55e-04 4.92e-03 4.96e-04 1.98e-04 9.91e-05 3.30e-06
1.34e+00 1.35e+00 3.62e-02 1.36e+00 3.66e-02 6.23e-04 2.60e-03 5.33e-04 2.99e-04 1.92e-04 1.95e-05
1.32e+00 1.50e+00 8.28e-02 1.48e+00 8.53e-02 4.87e-05 1.70e-04 5.89e-04 2.16e-04 1.33e-04 1.66e-05
1.34e+00 1.32e+00 3.13e-02 1.32e+00 3.14e-02 4.57e-04 4.01e-03 5.58e-04 2.57e-04 1.45e-04 1.98e-05
1.33e+00 1.39e+00 2.01e-01 1.52e+00 2.40e-01 1.31e-04 1.96e-03 2.11e-04 6.53e-05 4.20e-05 6.22e-06
1.37e+00 1.50e+00 3.07e-01 1.35e+00 3.42e-01 5.94e-04 5.59e-03 4.73e-04 1.63e-04 4.89e-05 6.52e-06
1.34e+00 1.49e+00 2.80e-02 1.48e+00 2.94e-02 3.66e-09 4.44e-09 4.99e-04 1.51e-04 8.02e-05 9.25e-06
1.37e+00 1.49e+00 8.60e-02 1.48e+00 8.67e-02 2.00e-04 9.30e-04 4.79e-04 2.25e-04 1.42e-04 1.58e-05
1.35e+00 1.59e+00 2.30e-01 1.41e+00 2.90e-01 4.07e-04 1.96e-03 4.29e-04 1.50e-04 8.44e-05 1.10e-05
1.38e+00 1.64e+00 1.83e-02 1.64e+00 1.89e-02 3.40e-50 1.55e-19 5.54e-04 2.40e-04 1.88e-04 2.00e-05
1.39e+00 1.33e+00 9.96e-03 1.33e+00 1.00e-02 6.21e-12 1.68e-03 6.54e-04 3.06e-04 3.06e-04 9.20e-05
1.38e+00 1.50e+00 1.35e-02 1.49e+00 1.59e-02 4.55e-17 4.63e-17 6.31e-04 6.31e-04 1.14e-04 1.90e-05
1.41e+00 1.37e+00 2.14e-01 1.49e+00 2.44e-01 9.99e-05 1.35e-03 2.35e-04 9.62e-05 4.90e-05 5.06e-06
1.38e+00 1.78e+00 4.31e-02 1.76e+00 4.69e-02 7.25e-20 6.73e-13 4.10e-04 1.42e-04 1.07e-04 8.04e-06
1.41e+00 1.42e+00 1.51e-01 1.48e+00 1.63e-01 2.28e-10 1.79e-09 4.24e-10 1.51e-10 7.03e-11 1.04e-11
1.39e+00 1.65e+00 2.35e-02 1.64e+00 2.41e-02 9.86e-34 1.15e-10 4.68e-04 2.51e-04 1.14e-04 1.43e-05
1.41e+00 1.29e+00 1.31e-02 1.29e+00 1.33e-02 2.02e-14 2.42e-03 6.24e-04 2.87e-04 2.87e-04 2.67e-05
1.38e+00 1.52e+00 1.14e-01 1.49e+00 1.18e-01 2.17e-04 1.12e-03 5.42e-04 2.08e-04 1.11e-04 1.11e-05
1.39e+00 1.60e+00 1.27e-02 1.60e+00 1.34e-02 2.20e-57 5.93e-39 5.79e-04 1.46e-04 1.37e-04 2.04e-05
1.40e+00 1.45e+00 6.26e-02 1.48e+00 7.13e-02 2.35e-04 1.69e-03 4.25e-04 1.47e-04 9.99e-05 1.25e-05
1.43e+00 1.51e+00 3.92e-02 1.49e+00 4.40e-02 3.58e-05 1.38e-04 5.45e-04 2.13e-04 1.16e-04 1.33e-05
1.42e+00 1.42e+00 5.91e-02 1.47e+00 7.91e-02 2.77e-04 2.87e-03 4.77e-04 1.76e-04 1.15e-04 2.79e-05
1.41e+00 1.38e+00 8.23e-02 1.40e+00 8.44e-02 6.70e-04 9.76e-03 5.54e-04 2.73e-04 1.72e-04 1.75e-05
1.38e+00 1.54e+00 2.86e-02 1.53e+00 3.07e-02 4.01e-18 7.16e-16 2.36e-11 9.88e-12 6.54e-12 8.35e-13
1.41e+00 1.52e+00 3.81e-02 1.49e+00 5.01e-02 4.06e-06 8.52e-06 5.28e-04 1.61e-04 9.80e-05 1.90e-05
1.42e+00 1.27e+00 1.41e-01 1.28e+00 1.41e-01 2.77e-04 1.83e-02 4.93e-04 1.84e-04 1.14e-04 1.68e-05
1.41e+00 1.75e+00 3.14e-01 1.59e+00 3.52e-01 3.96e-04 3.50e-03 4.06e-04 1.46e-04 8.75e-05 1.46e-05
1.39e+00 1.57e+00 3.71e-02 1.60e+00 4.92e-02 2.63e-14 2.77e-14 4.77e-04 1.51e-04 9.32e-05 3.49e-05
1.40e+00 1.21e+00 7.04e-02 1.21e+00 7.05e-02 1.85e-05 1.05e-02 4.74e-04 1.96e-04 1.13e-04 1.37e-05
1.41e+00 1.50e+00 3.88e-02 1.50e+00 3.88e-02 3.80e-05 1.90e-04 4.78e-04 2.22e-04 9.82e-05 1.27e-05
1.37e+00 1.65e+00 2.70e-02 1.64e+00 2.75e-02 4.18e-29 2.92e-07 4.96e-04 2.05e-04 1.17e-04 1.42e-05
1.38e+00 1.36e+00 2.29e-02 1.35e+00 2.35e-02 3.00e-04 2.63e-03 4.32e-04 1.79e-04 1.71e-04 2.17e-05
1.39e+00 9.96e-01 1.09e-01 9.70e-01 1.12e-01 4.02e-09 2.60e-03 4.76e-04 1.87e-04 1.79e-04 1.10e-05
1.43e+00 1.03e+00 1.50e-01 9.70e-01 1.62e-01 3.10e-07 4.66e-03 6.22e-04 2.56e-04 1.17e-04 1.10e-05
1.41e+00 1.36e+00 1.12e-02 1.36e+00 1.13e-02 2.61e-07 1.74e-03 6.46e-04 3.80e-04 1.62e-04 3.25e-05
1.41e+00 1.54e+00 4.26e-02 1.52e+00 4.82e-02 1.83e-06 4.24e-06 5.48e-04 2.76e-04 1.93e-04 2.19e-05
1.38e+00 1.49e+00 3.50e-02 1.49e+00 3.50e-02 1.17e-05 3.62e-05 5.97e-04 2.38e-04 1.14e-04 1.42e-05
1.41e+00 1.64e+00 2.61e-02 1.64e+00 2.64e-02 8.92e-15 7.03e-10 1.62e-06 7.53e-07 4.18e-07 4.65e-08
1.40e+00 1.33e+00 8.31e-03 1.33e+00 8.49e-03 2.12e-16 1.10e-03 5.03e-04 3.46e-04 1.90e-04 2.27e-05
1.38e+00 1.41e+00 1.18e-01 1.39e+00 1.21e-01 6.24e-04 2.98e-03 5.23e-04 2.28e-04 1.19e-04 1.60e-05
1.39e+00 1.57e+00 3.35e-02 1.60e+00 4.54e-02 6.62e-29 6.65e-29 5.79e-04 1.69e-04 1.05e-04 2.04e-05
1.42e+00 1.33e+00 2.12e-01 1.35e+00 2.13e-01 2.76e-04 9.41e-03 3.23e-04 1.50e-04 8.88e-05 9.87e-06
1.40e+00 1.50e+00 2.50e-02 1.49e+00 2.63e-02 1.40e-05 3.17e-05 5.26e-04 2.41e-04 1.97e-04 1.10e-05
1.40e+00 1.08e+00 1.11e-01 1.04e+00 1.16e-01 1.23e-05 8.16e-04 7.18e-04 7.18e-04 7.18e-04 7.22e-06
1.42e+00 1.50e+00 7.46e-02 1.52e+00 7.65e-02 2.81e-06 2.41e-04 2.62e-04 9.00e-05 4.19e-05 4.65e-06
1.38e+00 1.59e+00 4.44e-02 1.60e+00 4.55e-02 1.27e-19 1.86e-16 3.46e-04 1.83e-04 1.05e-04 2.04e-05
1.40e+00 1.11e+00 1.01e-02 1.11e+00 1.01e-02 5.50e-59 1.81e-03 7.64e-04 3.34e-04 3.34e-04 7.68e-05
1.39e+00 1.28e+00 9.86e-03 1.28e+00 1.04e-02 2.57e-20 1.51e-03 6.67e-04 2.25e-04 1.57e-04 2.35e-05
1.41e+00 1.46e+00 5.95e-02 1.40e+00 8.21e-02 6.11e-04 2.54e-03 5.47e-04 2.28e-04 1.22e-04 1.93e-05
1.42e+00 1.55e+00 6.10e-02 1.60e+00 8.04e-02 7.69e-05 2.50e-04 4.72e-04 2.11e-04 1.35e-04 1.76e-05
1.41e+00 1.51e+00 3.75e-02 1.50e+00 3.88e-02 1.34e-05 4.77e-05 5.22e-04 2.31e-04 1.19e-04 1.25e-05
1.42e+00 1.55e+00 4.60e-02 1.60e+00 6.50e-02 2.83e-06 7.10e-06 4.78e-04 2.45e-04 1.54e-04 2.04e-05
1.40e+00 1.65e+00 2.76e-01 1.76e+00 2.98e-01 2.21e-15 6.42e-04 2.68e-04 1.23e-04 8.85e-05 8.04e-06
1.38e+00 1.31e+00 2.53e-01 9.40e-01 4.45e-01 8.88e-05 2.17e-03 2.92e-04 1.16e-04 8.44e-05 7.03e-06
1.42e+00 1.40e+00 8.66e-02 1.33e+00 1.09e-01 4.14e-04 8.96e-03 5.23e-04 2.63e-04 1.47e-04 1.75e-05
1.43e+00 1.35e+00 1.13e-01 1.31e+00 1.20e-01 6.86e-11 5.39e-05 8.72e-06 3.73e-06 1.59e-06 2.19e-07
1.42e+00 1.04e+00 8.49e-02 1.04e+00 8.50e-02 1.64e-06 2.28e-03 7.18e-04 1.30e-04 1.23e-04 7.22e-06
1.41e+00 1.46e+00 9.53e-02 1.49e+00 1.01e-01 3.83e-04 3.33e-03 4.33e-04 2.24e-04 1.09e-04 9.62e-06
1.40e+00 1.42e+00 1.72e-02 1.42e+00 1.73e-02 3.05e-31 4.97e-31 4.62e-31 2.05e-31 1.09e-31 1.24e-32
1.39e+00 1.31e+00 9.62e-03 1.31e+00 1.01e-02 4.64e-41 8.40e-34 3.47e-34 1.38e-34 1.38e-34 1.74e-35
1.40e+00 1.47e+00 7.33e-02 1.41e+00 9.43e-02 6.02e-04 2.13e-03 4.67e-04 1.95e-04 1.15e-04 1.92e-05
1.40e+00 1.53e+00 3.94e-02 1.52e+00 4.01e-02 2.36e-06 4.55e-06 4.40e-04 2.02e-04 1.28e-04 1.53e-05
1.40e+00 1.62e+00 3.39e-02 1.62e+00 3.39e-02 7.32e-15 1.60e-09 5.19e-04 2.19e-04 1.38e-04 1.44e-05
1.39e+00 1.79e+00 2.38e-02 1.77e+00 2.83e-02 8.94e-13 4.49e-07 4.45e-04 2.75e-04 1.15e-04 4.00e-05
1.39e+00 1.38e+00 1.98e-01 1.30e+00 2.12e-01 1.86e-04 8.09e-03 4.96e-04 1.70e-04 5.99e-05 6.65e-06
1.40e+00 1.61e+00 8.22e-02 1.60e+00 8.25e-02 3.84e-06 8.51e-06 4.18e-04 1.89e-04 1.05e-04 1.20e-05
1.38e+00 1.49e+00 2.20e-02 1.49e+00 2.21e-02 2.19e-06 5.02e-06 5.62e-04 3.10e-04 1.69e-04 1.54e-05
1.39e+00 1.25e+00 2.70e-01 9.70e-01 3.90e-01 8.12e-09 1.84e-03 3.69e-04 1.45e-04 8.67e-05 1.12e-05
1.42e+00 1.31e+00 2.31e-02 1.31e+00 2.36e-02 2.91e-07 3.69e-03 5.76e-04 2.12e-04 2.12e-04 1.99e-05
1.41e+00 1.42e+00 2.15e-01 1.52e+00 2.39e-01 8.65e-13 1.01e-10 3.15e-11 1.01e-11 5.26e-12 8.09e-13
1.39e+00 1.50e+00 1.72e-02 1.50e+00 1.76e-02 4.74e-10 1.04e-09 5.25e-04 2.23e-04 1.59e-04 2.75e-05
1.40e+00 1.61e+00 8.65e-02 1.63e+00 8.85e-02 5.27e-13 8.54e-08 1.61e-07 6.75e-08 3.58e-08 3.07e-09
1.40e+00 1.47e+00 1.08e-01 1.41e+00 1.25e-01 6.52e-04 3.81e-03 5.13e-04 1.80e-04 1.12e-04 1.36e-05
1.41e+00 1.29e+00 7.11e-02 1.28e+00 7.21e-02 3.93e-14 2.24e-03 6.67e-04 3.02e-04 1.61e-04 1.01e-05
1.42e+00 1.38e+00 1.26e-01 1.33e+00 1.35e-01 2.35e-05 3.54e-03 3.53e-04 1.35e-04 6.42e-05 6.88e-06
1.41e+00 1.55e+00 5.24e-02 1.52e+00 6.16e-02 1.91e-05 4.70e-05 5.34e-04 3.21e-04 1.71e-04 1.75e-05
1.42e+00 1.43e+00 3.04e-02 1.43e+00 3.06e-02 1.12e-11 3.48e-11 1.07e-11 4.52e-12 2.61e-12 3.82e-13
1.41e+00 1.50e+00 2.37e-02 1.49e+00 2.49e-02 3.61e-06 9.31e-06 4.93e-04 2.72e-04 1.18e-04 1.28e-05
1.40e+00 1.54e+00 6.76e-02 1.52e+00 7.04e-02 5.62e-05 2.15e-04 5.28e-04 2.44e-04 1.29e-04 1.08e-05
1.40e+00 1.30e+00 9.31e-03 1.30e+00 9.55e-03 3.87e-20 1.46e-03 6.62e-04 2.56e-04 2.56e-04 3.66e-05
1.39e+00 1.48e+00 1.04e-01 1.51e+00 1.09e-01 5.54e-08 1.87e-04 2.57e-04 1.18e-04 4.95e-05 6.39e-06
1.39e+00 1.49e+00 8.03e-03 1.49e+00 8.72e-03 3.83e-20 3.91e-20 6.11e-04 4.26e-04 1.56e-04 8.28e-05
1.40e+00 1.40e+00 1.25e-01 1.37e+00 1.28e-01 5.94e-04 6.82e-03 4.71e-04 2.15e-04 1.04e-04 1.04e-05
1.40e+00 1.28e+00 9.63e-03 1.28e+00 1.06e-02 4.30e-21 1.50e-03 6.67e-04 1.81e-04 1.78e-04 2.68e-05
1.39e+00 1.23e+00 1.20e-01 1.31e+00 1.43e-01 1.68e-04 1.35e-02 4.67e-04 1.56e-04 9.61e-05 1.33e-05
1.40e+00 1.59e+00 3.29e-02 1.60e+00 3.40e-02 3.16e-12 3.68e-12 4.60e-04 1.60e-04 9.61e-05 1.46e-05
1.40e+00 1.45e+00 2.37e-02 1.47e+00 2.87e-02 4.59e-05 4.90e-05 6.16e-04 3.59e-04 7.74e-05 2.48e-05
1.37e+00 1.34e+00 1.82e-02 1.34e+00 1.83e-02 1.24e-04 2.21e-03 4.45e-04 2.72e-04 1.19e-04 1.98e-05
1.42e+00 1.36e+00 2.08e-02 1.36e+00 2.09e-02 3.95e-06 2.61e-03 4.10e-04 2.29e-04 1.60e-04 2.36e-05
1.40e+00 1.50e+00 3.94e-02 1.49e+00 3.97e-02 2.74e-05 1.15e-04 4.99e-04 2.00e-04 1.02e-04 1.23e-05
1.40e+00 1.38e+00 2.92e-02 1.39e+00 3.02e-02 4.40e-04 3.10e-03 5.52e-04 1.86e-04 1.09e-04 9.62e-06
1.41e+00 1.33e+00 4.83e-02 1.32e+00 4.96e-02 4.88e-05 4.23e-03 3.96e-04 1.81e-04 1.03e-04 1.03e-05
1.39e+00 1.45e+00 1.11e-01 1.47e+00 1.13e-01 8.70e-04 6.45e-03 7.53e-04 3.07e-04 1.73e-04 1.49e-05
1.39e+00 1.33e+00 4.15e-02 1.32e+00 4.18e-02 7.11e-05 3.90e-03 4.21e-04 1.94e-04 1.09e-04 1.55e-05
1.40e+00 1.32e+00 1.09e-02 1.32e+00 1.12e-02 3.23e-12 1.74e-03 6.57e-04 3.33e-04 1.75e-04 4.62e-05
1.42e+00 1.42e+00 2.72e-02 1.41e+00 2.87e-02 5.88e-04 2.33e-03 5.60e-04 2.45e-04 1.18e-04 1.59e-05
1.39e+00 1.43e+00 8.72e-02 1.46e+00 9.37e-02 5.45e-04 3.53e-03 5.32e-04 2.35e-04 1.17e-04 9.79e-06
1.43e+00 1.37e+00 1.02e-01 1.40e+00 1.07e-01 2.35e-04 4.00e-03 4.98e-04 1.44e-04 7.99e-05 1.60e-05
1.39e+00 1.61e+00 1.17e-01 1.60e+00 1.18e-01 2.92e-05 1.39e-04 4.51e-04 1.93e-04 1.09e-04 9.33e-06
1.43e+00 1.61e+00 1.25e-02 1.60e+00 1.68e-02 7.05e-72 2.95e-64 5.79e-04 2.56e-04 1.98e-04 3.49e-05
1.43e+00 1.53e+00 1.62e-02 1.53e+00 1.69e-02 1.40e-32 1.43e-32 2.07e-22 1.24e-22 5.87e-23 9.40e-24
1.41e+00 1.52e+00 5.97e-03 1.52e+00 6.62e-03 1.16e-55 1.43e-55 6.02e-04 3.03e-04 3.03e-04 5.75e-05
1.40e+00 1.36e+00 1.04e-02 1.36e+00 1.04e-02 2.27e-06 1.58e-03 6.46e-04 3.25e-04 3.25e-04 2.27e-05
1.38e+00 1.19e+00 2.53e-01 1.05e+00 2.89e-01 6.18e-08 7.22e-03 5.69e-04 1.84e-04 7.20e-05 1.08e-05
1.42e+00 1.51e+00 1.20e-02 1.51e+00 1.20e-02 8.90e-38 9.19e-38 4.17e-30 2.73e-30 1.09e-30 1.68e-31
1.43e+00 1.55e+00 4.68e-02 1.52e+00 5.47e-02 1.57e-06 4.15e-06 3.99e-04 1.84e-04 1.47e-04 1.56e-05
1.41e+00 1.40e+00 3.41e-02 1.39e+00 3.46e-02 3.28e-04 2.65e-03 3.71e-04 1.47e-04 1.06e-04 1.29e-05
1.38e+00 1.52e+00 1.31e-02 1.52e+00 1.38e-02 1.09e-35 1.09e-35 6.02e-04 6.02e-04 6.02e-04 2.12e-05
1.40e+00 1.35e+00 7.12e-03 1.35e+00 7.86e-03 3.63e-13 1.08e-03 6.49e-04 2.87e-04 2.87e-04 7.17e-05
1.43e+00 1.35e+00 2.18e-02 1.34e+00 2.24e-02 1.08e-06 2.73e-03 4.30e-04 2.54e-04 1.41e-04 2.96e-05
1.39e+00 1.38e+00 1.10e-01 1.35e+00 1.14e-01 5.47e-04 7.50e-03 5.16e-04 2.15e-04 1.00e-04 1.04e-05
1.39e+00 1.81e+00 1.78e-01 1.84e+00 1.81e-01 1.20e-05 4.30e-04 3.80e-04 1.39e-04 7.19e-05 5.13e-06
1.40e+00 1.46e+00 1.55e-02 1.47e+00 1.67e-02 1.79e-05 2.02e-05 6.16e-04 6.16e-04 1.76e-04 1.55e-05
1.37e+00 1.39e+00 1.14e-01 1.35e+00 1.20e-01 3.97e-04 3.23e-03 4.22e-04 1.40e-04 8.45e-05 9.65e-06
1.41e+00 1.02e+00 1.41e-01 9.90e-01 1.43e-01 3.10e-11 4.86e-03 5.87e-04 2.63e-04 1.42e-04 1.46e-05
1.39e+00 1.41e+00 3.61e-02 1.41e+00 3.63e-02 3.70e-04 1.27e-03 3.38e-04 1.31e-04 8.55e-05 1.46e-05
1.38e+00 1.63e+00 3.23e-02 1.63e+00 3.23e-02 7.24e-23 6.14e-14 4.93e-04 2.12e-04 1.18e-04 1.43e-05
1.41e+00 1.07e+00 1.85e-01 9.70e-01 2.10e-01 1.03e-07 3.92e-03 5.09e-04 2.49e-04 6.96e-05 1.10e-05
1.39e+00 1.51e+00 1.80e-02 1.51e+00 1.81e-02 2.53e-08 9.97e-08 6.02e-04 2.22e-04 1.73e-04 1.82e-05
1.39e+00 1.60e+00 3.39e-02 1.60e+00 3.40e-02 5.42e-14 5.86e-14 4.25e-04 1.60e-04 8.73e-05 1.46e-05
1.42e+00 1.33e+00 1.55e-02 1.33e+00 1.61e-02 2.20e-09 2.91e-03 6.08e-04 5.13e-04 2.47e-04 2.96e-05
1.40e+00 1.44e+00 2.57e-02 1.41e+00 3.70e-02 3.40e-04 3.93e-04 6.33e-04 2.73e-04 1.81e-04 3.50e-05
1.38e+00 1.73e+00 5.69e-02 1.75e+00 5.93e-02 9.64e-25 1.68e-09 4.07e-04 1.21e-04 7.82e-05 1.08e-05
1.42e+00 1.53e+00 1.35e-01 1.41e+00 1.81e-01 5.76e-04 3.97e-03 4.54e-04 2.06e-04 1.24e-04 1.31e-05
1.42e+00 1.32e+00 2.50e-02 1.30e+00 3.23e-02 2.95e-07 4.42e-03 5.69e-04 4.09e-04 2.00e-04 2.00e-05
1.39e+00 1.33e+00 1.95e-02 1.33e+00 1.95e-02 8.01e-06 3.41e-03 5.65e-04 2.37e-04 2.17e-04 2.96e-05
1.40e+00 1.83e+00 5.92e-02 1.84e+00 6.08e-02 2.16e-12 1.53e-05 4.54e-04 1.44e-04 8.21e-05 1.80e-05
1.38e+00 1.45e+00 5.50e-02 1.47e+00 5.97e-02 1.65e-04 9.18e-04 5.12e-04 1.55e-04 9.48e-05 9.48e-06
1.42e+00 1.42e+00 1.37e-01 1.37e+00 1.47e-01 4.46e-04 6.55e-03 5.01e-04 1.75e-04 1.10e-04 9.70e-06
1.40e+00 1.44e+00 4.14e-02 1.45e+00 4.33e-02 4.13e-04 1.32e-03 5.67e-04 2.84e-04 1.56e-04 1.59e-05
1.39e+00 1.51e+00 2.94e-02 1.49e+00 3.64e-02 5.17e-06 9.46e-06 8.00e-04 4.79e-04 1.63e-04 2.20e-05
1.38e+00 1.57e+00 2.94e-02 1.60e+00 4.02e-02 6.40e-36 6.41e-36 5.79e-04 1.78e-04 8.73e-05 1.46e-05
1.41e+00 1.52e+00 7.09e-03 1.52e+00 7.21e-03 5.19e-42 5.23e-42 6.02e-04 2.57e-04 1.69e-04 2.72e-05
1.39e+00 1.40e+00 3.36e-02 1.40e+00 3.36e-02 5.68e-04 1.62e-03 4.99e-04 2.27e-04 1.73e-04 1.28e-05
1.41e+00 1.60e+00 3.04e-02 1.60e+00 3.06e-02 2.42e-11 3.17e-11 4.72e-04 1.95e-04 1.22e-04 1.46e-05
1.43e+00 1.34e+00 4.80e-02 1.33e+00 4.92e-02 3.23e-05 5.27e-03 6.18e-04 2.40e-04 1.25e-04 1.64e-05
1.39e+00 1.52e+00 3.02e-01 1.30e+00 3.73e-01 6.60e-05 7.78e-03 4.26e-04 1.73e-04 8.98e-05 1.33e-05
1.41e+00 9.68e-01 2.71e-02 9.70e-01 2.71e-02 6.78e-08 2.96e-03 6.33e-04 2.97e-04 1.32e-04 4.03e-05
1.41e+00 1.37e+00 1.12e-01 1.35e+00 1.13e-01 5.64e-04 1.19e-02 4.96e-04 2.05e-04 1.21e-04 1.30e-05
1.39e+00 1.62e+00 3.50e-02 1.62e+00 3.51e-02 7.18e-13 2.93e-06 4.70e-04 2.05e-04 1.15e-04 1.73e-05
1.38e+00 1.81e+00 4.46e-02 1.79e+00 4.87e-02 1.49e-07 1.97e-06 3.75e-04 2.11e-04 1.21e-04 1.06e-05
1.39e+00 1.35e+00 2.67e-02 1.35e+00 2.69e-02 1.25e-04 3.75e-03 5.09e-04 2.38e-04 1.30e-04 1.96e-05
1.41e+00 1.31e+00 1.90e-02 1.30e+00 2.03e-02 2.17e-08 3.00e-03 6.38e-04 2.53e-04 2.53e-04 2.00e-05
1.43e+00 1.37e+00 4.10e-02 1.39e+00 4.72e-02 9.49e-05 4.78e-03 5.13e-04 1.54e-04 1.15e-04 1.92e-05
1.39e+00 1.34e+00 1.10e-02 1.34e+00 1.10e-02 5.81e-09 2.14e-03 6.50e-04 5.32e-04 1.99e-04 8.82e-05
1.39e+00 1.48e+00 1.07e-02 1.48e+00 1.07e-02 1.43e-12 1.44e-12 3.45e-04 1.98e-04 5.73e-05 1.04e-05
1.41e+00 1.49e+00 3.57e-02 1.49e+00 3.59e-02 6.01e-05 1.29e-04 6.19e-04 1.95e-04 6.28e-05 9.42e-06
1.42e+00 1.37e+00 1.85e-01 1.35e+00 1.86e-01 1.82e-04 6.22e-03 2.71e-04 1.03e-04 6.63e-05 9.21e-06
1.38e+00 1.48e+00 8.24e-03 1.48e+00 9.29e-03 8.35e-13 8.45e-13 6.13e-04 5.12e-04 1.33e-04 9.56e-05
1.40e+00 1.91e+00 4.06e-01 1.93e+00 4.07e-01 1.22e-04 3.40e-03 3.68e-04 1.76e-04 1.01e-04 1.41e-05
1.39e+00 1.47e+00 3.53e-01 1.38e+00 3.65e-01 7.80e-04 2.37e-02 5.65e-04 1.84e-04 1.02e-04 1.57e-05
1.43e+00 1.43e+00 6.39e-02 1.42e+00 6.48e-02 3.93e-04 2.64e-03 3.21e-04 1.87e-04 9.44e-05 1.20e-05
1.40e+00 1.38e+00 2.43e-01 1.52e+00 2.80e-01 2.15e-07 7.43e-04 2.56e-04 9.47e-05 4.81e-05 6.21e-06
1.43e+00 1.50e+00 3.42e-02 1.49e+00 3.51e-02 5.55e-05 1.30e-04 4.85e-04 1.98e-04 9.56e-05 1.28e-05
1.42e+00 1.49e+00 2.58e-03 1.49e+00 2.61e-03 3.78e-55 3.78e-55 6.11e-04 6.11e-04 6.11e-04 3.68e-05
1.40e+00 1.83e+00 2.84e-02 1.84e+00 2.91e-02 9.03e-26 1.49e-11 4.59e-04 1.59e-04 6.42e-05 2.82e-05
1.39e+00 1.61e+00 1.77e-01 1.56e+00 1.83e-01 1.63e-04 6.56e-04 6.55e-04 2.41e-04 1.23e-04 1.23e-05
1.42e+00 1.63e+00 1.32e-01 1.53e+00 1.67e-01 9.38e-07 4.56e-05 4.82e-04 1.91e-04 1.12e-04 1.21e-05
1.41e+00 1.50e+00 1.11e-02 1.50e+00 1.14e-02 3.84e-39 3.90e-39 4.42e-30 2.33e-30 1.27e-30 2.00e-31
1.38e+00 1.70e+00 5.50e-02 1.75e+00 7.35e-02 3.98e-30 1.47e-15 3.50e-04 1.40e-04 8.89e-05 1.62e-05
1.39e+00 1.40e+00 6.13e-02 1.37e+00 6.79e-02 5.89e-04 3.93e-03 5.04e-04 1.88e-04 1.03e-04 1.62e-05
1.39e+00 1.47e+00 3.13e-02 1.48e+00 3.21e-02 1.69e-05 3.60e-05 5.05e-04 2.13e-04 1.14e-04 1.27e-05
1.38e+00 1.32e+00 5.42e-03 1.32e+00 6.38e-03 7.64e-20 8.56e-04 5.14e-04 3.13e-04 3.13e-04 2.84e-05
1.39e+00 1.42e+00 1.56e-01 1.49e+00 1.71e-01 7.09e-04 5.89e-03 5.85e-04 2.49e-04 1.30e-04 1.15e-05
1.37e+00 1.72e+00 4.11e-01 1.67e+00 4.14e-01 4.77e-05 4.60e-03 5.20e-04 1.47e-04 7.98e-05 1.26e-05
1.43e+00 1.59e+00 8.38e-02 1.52e+00 1.08e-01 1.40e-05 6.22e-05 5.00e-04 2.13e-04 1.14e-04 1.23e-05
1.38e+00 1.51e+00 1.83e-01 1.47e+00 1.87e-01 5.09e-04 3.50e-03 5.80e-04 2.38e-04 1.29e-04 1.25e-05
1.40e+00 1.60e+00 2.87e-02 1.60e+00 2.89e-02 2.51e-19 5.36e-18 3.99e-04 2.07e-04 1.02e-04 1.46e-05
1.38e+00 1.34e+00 3.15e-02 1.34e+00 3.16e-02 2.30e-04 3.57e-03 4.30e-04 2.12e-04 1.16e-04 1.48e-05
1.39e+00 1.51e+00 3.94e-02 1.51e+00 3.96e-02 2.98e-05 1.10e-04 5.19e-04 1.89e-04 8.69e-05 9.32e-06
1.40e+00 1.36e+00 1.46e-01 1.31e+00 1.54e-01 2.69e-04 8.51e-03 5.33e-04 1.82e-04 8.61e-05 6.63e-06
1.39e+00 1.40e+00 1.16e-02 1.40e+00 1.21e-02 5.56e-04 1.09e-03 6.35e-04 3.00e-04 2.62e-04 3.83e-05
1.42e+00 1.12e+00 1.06e-01 1.06e+00 1.23e-01 7.93e-08 8.57e-03 4.99e-04 1.87e-04 9.70e-05 1.80e-05
1.38e+00 1.75e+00 6.95e-02 1.75e+00 6.97e-02 4.35e-18 2.02e-12 3.07e-04 1.19e-04 6.74e-05 1.08e-05
1.44e+00 1.52e+00 1.65e-02 1.52e+00 1.66e-02 4.82e-28 5.40e-28 4.00e-23 1.99e-23 9.81e-24 1.72e-24
1.39e+00 1.72e+00 7.12e-02 1.75e+00 7.66e-02 1.58e-33 3.62e-07 3.99e-04 1.29e-04 9.43e-05 1.89e-05
1.39e+00 1.29e+00 4.09e-02 1.26e+00 4.81e-02 1.59e-05 4.75e-03 5.94e-04 1.99e-04 1.42e-04 2.36e-05
1.40e+00 1.41e+00 1.69e-02 1.41e+00 1.70e-02 5.75e-29 9.73e-29 7.45e-29 3.66e-29 1.90e-29 2.78e-30
1.42e+00 1.54e+00 3.17e-01 1.39e+00 3.52e-01 7.97e-04 1.31e-02 4.99e-04 1.50e-04 9.56e-05 1.25e-05
1.38e+00 1.41e+00 4.86e-02 1.41e+00 4.86e-02 4.79e-04 2.01e-03 5.04e-04 2.28e-04 1.25e-04 1.28e-05
1.39e+00 1.75e+00 3.27e-02 1.75e+00 3.27e-02 9.18e-46 2.73e-08 5.36e-04 4.04e-04 6.74e-05 5.39e-06
1.41e+00 1.43e+00 1.84e-01 1.50e+00 1.96e-01 1.21e-06 3.00e-04 2.87e-04 9.19e-05 4.93e-05 8.21e-06
1.39e+00 1.64e+00 2.00e-02 1.64e+00 2.00e-02 1.85e-37 3.17e-11 5.17e-04 3.40e-04 1.34e-04 2.85e-05
1.42e+00 1.35e+00 1.87e-02 1.34e+00 2.06e-02 3.77e-07 2.39e-03 3.87e-04 1.74e-04 1.35e-04 1.69e-05
1.41e+00 1.73e+00 1.65e-01 1.75e+00 1.66e-01 3.11e-06 1.14e-04 3.98e-04 1.73e-04 1.01e-04 1.10e-05
1.42e+00 1.58e+00 2.52e-01 1.64e+00 2.59e-01 1.81e-05 1.84e-03 4.04e-04 1.25e-04 6.55e-05 8.54e-06
1.40e+00 1.38e+00 7.62e-03 1.38e+00 7.64e-03 1.89e-05 1.20e-03 6.41e-04 2.71e-04 2.48e-04 3.22e-05
1.38e+00 1.49e+00 4.69e-02 1.49e+00 4.70e-02 4.41e-05 1.30e-04 5.69e-04 1.96e-04 9.65e-05 1.33e-05
1.39e+00 1.42e+00 1.10e-01 1.47e+00 1.21e-01 6.51e-04 5.53e-03 5.76e-04 2.21e-04 1.30e-04 1.05e-05
1.40e+00 1.47e+00 5.71e-03 1.47e+00 5.74e-03 3.45e-11 3.48e-11 6.16e-04 6.16e-04 1.46e-04 1.11e-04
1.42e+00 1.47e+00 2.40e-01 1.38e+00 2.58e-01 5.43e-04 7.68e-03 4.77e-04 1.67e-04 8.69e-05 6.44e-06
1.40e+00 1.68e+00 2.15e-01 1.64e+00 2.19e-01 5.18e-06 1.51e-03 4.29e-04 1.92e-04 1.23e-04 8.58e-06
1.39e+00 1.53e+00 3.75e-02 1.52e+00 4.02e-02 3.27e-08 4.28e-08 6.88e-04 2.77e-04 1.75e-04 3.08e-05
1.41e+00 1.67e+00 6.42e-02 1.68e+00 6.54e-02 9.51e-09 3.54e-05 1.56e-04 6.35e-05 4.83e-05 4.74e-06
1.41e+00 1.41e+00 4.41e-02 1.40e+00 4.45e-02 5.84e-04 4.17e-03 4.95e-04 2.43e-04 1.21e-04 1.60e-05
1.40e+00 1.03e+00 1.71e-01 9.70e-01 1.80e-01 2.10e-07 4.61e-03 6.08e-04 2.67e-04 1.14e-04 1.83e-05
1.42e+00 1.59e+00 2.87e-02 1.60e+00 3.16e-02 2.38e-181 2.41e-181 5.79e-04 5.79e-04 5.79e-04 5.24e-05
1.42e+00 1.40e+00 6.77e-02 1.40e+00 6.78e-02 5.21e-04 4.16e-03 4.69e-04 2.28e-04 1.35e-04 1.61e-05
1.42e+00 1.48e+00 1.81e-02 1.48e+00 1.81e-02 2.49e-37 3.40e-37 9.90e-36 4.32e-36 2.61e-36 4.02e-37
1.40e+00 1.42e+00 1.27e-01 1.48e+00 1.42e-01 5.44e-05 9.79e-04 2.59e-04 8.16e-05 4.16e-05 5.21e-06
1.43e+00 1.54e+00 4.36e-02 1.52e+00 4.95e-02 1.42e-06 3.71e-06 3.86e-04 1.95e-04 1.58e-04 2.13e-05
1.43e+00 1.32e+00 2.69e-02 1.32e+00 2.70e-02 1.36e-06 4.51e-03 5.28e-04 2.54e-04 1.98e-04 1.98e-05
1.41e+00 1.52e+00 1.37e-04 1.52e+00 1.37e-04 2.56e-148 2.56e-148 6.02e-04 6.02e-04 6.02e-04 6.02e-04
1.41e+00 1.45e+00 2.01e-01 1.53e+00 2.15e-01 9.39e-07 5.32e-04 2.37e-04 8.29e-05 4.52e-05 4.52e-06
1.38e+00 1.20e+00 1.56e-01 1.04e+00 2.24e-01 7.73e-05 2.82e-03 7.18e-04 6.50e-05 2.89e-05 3.61e-06
1.39e+00 1.61e+00 3.08e-02 1.60e+00 3.15e-02 4.94e-19 2.01e-17 4.51e-04 1.63e-04 9.90e-05 1.75e-05
1.38e+00 1.46e+00 8.08e-02 1.48e+00 8.37e-02 7.20e-05 2.76e-04 2.53e-04 1.06e-04 6.59e-05 6.94e-06
1.38e+00 1.43e+00 8.35e-02 1.46e+00 9.00e-02 1.89e-04 1.17e-03 2.92e-04 1.17e-04 5.65e-05 5.47e-06
1.39e+00 1.65e+00 2.97e-02 1.65e+00 3.00e-02 1.18e-27 2.15e-10 5.17e-04 2.10e-04 1.28e-04 1.42e-05
1.38e+00 1.71e+00 5.19e-02 1.75e+00 6.38e-02 6.30e-52 3.24e-10 5.36e-04 1.72e-04 5.93e-05 8.09e-06
1.40e+00 1.33e+00 1.46e-02 1.32e+00 1.58e-02 3.24e-20 9.80e-17 2.50e-17 1.40e-17 6.08e-18 8.49e-19
1.42e+00 1.61e+00 9.51e-02 1.55e+00 1.11e-01 3.71e-06 1.97e-05 4.86e-04 2.34e-04 1.37e-04 1.52e-05
1.38e+00 1.80e+00 1.41e-01 1.84e+00 1.48e-01 6.94e-07 2.17e-04 3.67e-04 1.69e-04 6.67e-05 7.70e-06
1.40e+00 1.59e+00 3.12e-02 1.60e+00 3.21e-02 1.66e-13 3.44e-08 4.43e-04 1.54e-04 9.90e-05 1.75e-05
1.42e+00 1.36e+00 1.16e-01 1.31e+00 1.25e-01 4.90e-11 8.49e-06 1.29e-06 6.69e-07 2.12e-07 2.54e-08
1.37e+00 1.34e+00 7.79e-02 1.30e+00 8.71e-02 6.67e-04 1.04e-02 5.85e-04 2.69e-04 1.67e-04 2.48e-05
1.39e+00 1.51e+00 2.32e-02 1.51e+00 2.35e-02 2.39e-09 2.90e-09 6.81e-04 3.65e-04 1.67e-04 2.43e-05
1.41e+00 1.01e+00 2.87e-02 1.00e+00 2.93e-02 1.66e-09 4.29e-03 5.97e-04 2.40e-04 2.33e-04 2.55e-05
1.42e+00 1.47e+00 5.06e-02 1.48e+00 5.08e-02 2.03e-04 9.53e-04 5.47e-04 1.60e-04 1.14e-04 1.30e-05
1.39e+00 1.68e+00 5.16e-02 1.66e+00 5.52e-02 6.89e-21 5.43e-07 4.27e-04 1.64e-04 9.60e-05 1.13e-05
1.43e+00 1.60e+00 3.93e-03 1.60e+00 3.96e-03 1.46e-98 6.79e-98 5.79e-04 5.79e-04 5.79e-04 2.62e-05
1.40e+00 1.23e+00 2.06e-01 1.04e+00 2.77e-01 4.30e-04 1.47e-02 4.37e-04 1.59e-04 8.30e-05 1.44e-05
1.38e+00 1.62e+00 4.66e-02 1.63e+00 4.73e-02 8.90e-22 2.76e-14 4.39e-04 2.01e-04 9.46e-05 2.29e-05
1.41e+00 1.31e+00 1.31e-02 1.31e+00 1.34e-02 4.19e-12 2.09e-03 5.13e-04 4.57e-04 2.32e-04 3.31e-05
1.42e+00 1.60e+00 6.33e-02 1.60e+00 6.35e-02 1.07e-05 3.04e-05 4.22e-04 2.05e-04 1.07e-04 1.19e-05
1.42e+00 1.42e+00 2.24e-02 1.42e+00 2.24e-02 2.14e-30 7.13e-30 1.83e-30 7.91e-31 4.01e-31 7.58e-32
1.37e+00 1.65e+00 2.22e-02 1.65e+00 2.23e-02 1.72e-41 7.61e-11 5.14e-04 2.33e-04 1.16e-04 1.42e-05
1.39e+00 1.31e+00 1.01e-02 1.31e+00 1.02e-02 7.34e-14 1.71e-03 6.59e-04 3.18e-04 3.18e-04 7.29e-05
1.42e+00 1.32e+00 1.52e-02 1.32e+00 1.52e-02 4.66e-11 2.50e-03 5.81e-04 3.10e-04 2.51e-04 2.64e-05
1.38e+00 1.48e+00 2.76e-02 1.48e+00 2.76e-02 6.65e-06 3.06e-05 4.81e-04 2.34e-04 1.20e-04 1.23e-05
1.40e+00 1.52e+00 3.35e-02 1.51e+00 3.41e-02 7.99e-06 3.67e-05 5.88e-04 2.26e-04 1.16e-04 1.29e-05
1.41e+00 1.51e+00 2.31e-02 1.50e+00 2.37e-02 5.51e-06 1.50e-05 5.12e-04 2.48e-04 1.41e-04 1.84e-05
1.41e+00 1.57e+00 5.45e-02 1.52e+00 7.36e-02 8.54e-07 1.53e-06 4.32e-04 2.51e-04 1.37e-04 1.59e-05
1.41e+00 1.39e+00 1.45e-01 1.31e+00 1.65e-01 2.56e-08 2.16e-03 5.02e-04 1.45e-04 7.14e-05 7.93e-06
1.41e+00 1.28e+00 3.07e-02 1.28e+00 3.11e-02 2.29e-07 4.40e-03 5.63e-04 2.51e-04 1.61e-04 2.68e-05
1.38e+00 1.55e+00 1.84e-01 1.49e+00 1.94e-01 4.24e-04 2.24e-03 6.47e-04 2.64e-04 1.39e-04 9.25e-06
1.42e+00 1.60e+00 4.68e-02 1.60e+00 4.70e-02 1.11e-19 1.44e-08 1.54e-07 7.68e-08 4.19e-08 6.11e-09
1.38e+00 1.54e+00 3.14e-02 1.52e+00 3.75e-02 5.28e-14 6.14e-14 4.54e-04 1.82e-04 9.08e-05 1.21e-05
1.40e+00 1.52e+00 6.17e-02 1.52e+00 6.17e-02 1.83e-06 2.66e-05 2.51e-04 1.01e-04 6.21e-05 6.21e-06
1.41e+00 1.52e+00 3.83e-02 1.49e+00 4.83e-02 1.42e-05 3.39e-05 9.13e-04 3.28e-04 1.83e-04 2.15e-05
1.40e+00 1.44e+00 3.93e-02 1.43e+00 3.98e-02 3.06e-04 9.31e-04 3.09e-04 1.58e-04 1.01e-04 1.78e-05
1.38e+00 1.54e+00 5.26e-02 1.52e+00 5.49e-02 4.66e-06 1.48e-05 4.61e-04 2.35e-04 1.33e-04 1.27e-05
1.38e+00 1.52e+00 4.93e-03 1.52e+00 4.94e-03 3.97e-50 3.97e-50 6.02e-04 6.02e-04 6.02e-04 1.82e-05
1.39e+00 1.30e+00 1.04e-02 1.30e+00 1.15e-02 9.73e-17 1.84e-03 6.62e-04 2.86e-04 2.56e-04 2.99e-05
1.38e+00 1.62e+00 3.31e-01 1.85e+00 4.05e-01 2.84e-06 3.78e-03 3.70e-04 1.68e-04 8.93e-05 1.28e-05
1.41e+00 1.46e+00 7.74e-02 1.48e+00 7.90e-02 1.48e-04 5.65e-04 2.72e-04 1.06e-04 7.29e-05 6.94e-06
1.41e+00 1.46e+00 2.36e-01 1.35e+00 2.61e-01 4.79e-04 8.60e-03 4.86e-04 1.70e-04 7.83e-05 6.53e-06
1.41e+00 1.60e+00 4.24e-02 1.61e+00 4.31e-02 2.52e-09 8.77e-06 4.37e-04 2.29e-04 1.30e-04 1.74e-05
1.42e+00 1.32e+00 1.68e-02 1.32e+00 1.69e-02 1.32e-09 2.84e-03 6.40e-04 2.77e-04 1.68e-04 3.63e-05
1.40e+00 1.57e+00 7.36e-02 1.52e+00 8.85e-02 4.35e-06 1.19e-05 6.02e-04 2.60e-04 1.66e-04 1.35e-05
1.38e+00 1.31e+00 1.85e-01 1.37e+00 1.95e-01 9.08e-04 1.34e-02 6.32e-04 2.03e-04 1.04e-04 1.42e-05
1.38e+00 1.75e+00 1.88e-01 1.75e+00 1.88e-01 7.71e-28 2.71e-04 4.82e-04 1.54e-04 6.20e-05 1.08e-05
1.42e+00 1.35e+00 1.44e-02 1.35e+00 1.46e-02 2.72e-08 1.98e-03 6.49e-04 2.45e-04 1.24e-04 2.28e-05
1.38e+00 1.48e+00 1.70e-01 1.32e+00 2.33e-01 6.87e-05 1.92e-03 1.87e-04 8.35e-05 4.57e-05 6.52e-06
1.39e+00 1.80e+00 1.01e-01 1.84e+00 1.10e-01 3.65e-09 6.70e-05 4.34e-04 1.57e-04 9.75e-05 1.03e-05
1.39e+00 1.61e+00 1.22e-01 1.60e+00 1.22e-01 2.31e-05 1.41e-04 5.02e-04 1.91e-04 1.04e-04 1.30e-05
1.39e+00 1.64e+00 2.69e-02 1.64e+00 2.69e-02 1.84e-43 6.43e-16 5.14e-04 1.88e-04 1.40e-04 1.14e-05
1.42e+00 1.42e+00 7.50e-02 1.42e+00 7.51e-02 3.96e-04 2.50e-03 3.03e-04 1.44e-04 7.58e-05 7.98e-06
1.39e+00 1.62e+00 2.59e-02 1.62e+00 2.59e-02 7.29e-24 2.20e-18 5.10e-04 2.59e-04 1.47e-04 1.44e-05
1.42e+00 1.35e+00 1.16e-02 1.35e+00 1.17e-02 4.38e-10 1.60e-03 6.49e-04 3.20e-04 1.56e-04 1.96e-05
1.37e+00 1.52e+00 5.03e-02 1.49e+00 5.99e-02 6.05e-06 1.72e-05 5.70e-04 2.28e-04 1.30e-04 1.57e-05
1.38e+00 1.48e+00 3.07e-02 1.48e+00 3.10e-02 6.06e-06 1.78e-05 5.02e-04 2.05e-04 1.24e-04 1.24e-05
1.41e+00 1.48e+00 3.84e-02 1.48e+00 3.85e-02 3.85e-05 8.31e-05 2.87e-04 1.26e-04 7.29e-05 1.02e-05
1.38e+00 1.54e+00 5.11e-02 1.52e+00 5.36e-02 1.50e-05 4.38e-05 5.30e-04 2.32e-04 1.39e-04 1.04e-05
1.41e+00 1.57e+00 4.05e-02 1.60e+00 5.27e-02 1.00e-09 1.74e-09 4.80e-04 1.81e-04 1.54e-04 1.75e-05
1.40e+00 1.35e+00 3.23e-02 1.35e+00 3.24e-02 1.36e-04 4.61e-03 5.41e-04 1.99e-04 1.34e-04 1.30e-05
1.41e+00 1.29e+00 1.86e-01 1.37e+00 2.04e-01 4.02e-04 6.10e-03 4.48e-04 1.46e-04 8.43e-05 9.73e-06
1.38e+00 1.31e+00 8.57e-03 1.31e+00 8.95e-03 1.75e-14 1.45e-03 6.59e-04 4.44e-04 2.48e-04 8.94e-05
1.38e+00 1.32e+00 1.35e-01 1.29e+00 1.39e-01 1.43e-04 1.02e-02 3.93e-04 1.61e-04 1.03e-04 1.17e-05
1.39e+00 1.47e+00 6.21e-02 1.49e+00 6.53e-02 1.48e-04 9.15e-04 4.84e-04 1.46e-04 8.23e-05 1.27e-05
1.41e+00 1.84e+00 1.17e-01 1.85e+00 1.17e-01 2.95e-11 8.03e-05 4.11e-04 1.30e-04 7.40e-05 7.66e-06
1.41e+00 1.08e+00 2.13e-01 9.70e-01 2.37e-01 6.00e-06 4.05e-03 5.31e-04 2.27e-04 8.42e-05 1.10e-05
1.39e+00 1.31e+00 8.66e-03 1.31e+00 9.28e-03 3.74e-17 1.62e-03 6.59e-04 6.23e-04 2.19e-04 2.98e-05
1.38e+00 1.36e+00 1.69e-01 1.17e+00 2.55e-01 1.84e-08 1.89e-03 2.85e-04 1.04e-04 6.82e-05 6.82e-06
1.39e+00 1.39e+00 2.04e-02 1.39e+00 2.06e-02 1.51e-24 5.10e-24 1.41e-24 5.22e-25 3.74e-25 6.23e-26
1.40e+00 1.04e+00 4.98e-02 1.04e+00 4.98e-02 2.73e-18 3.32e-03 6.78e-04 3.54e-04 2.20e-04 2.53e-05
1.39e+00 1.23e+00 2.13e-01 1.30e+00 2.23e-01 5.16e-04 2.41e-02 4.82e-04 2.06e-04 1.20e-04 1.33e-05
1.38e+00 1.58e+00 5.16e-02 1.60e+00 5.72e-02 4.96e-09 3.86e-08 4.72e-04 2.48e-04 1.57e-04 1.46e-05
1.42e+00 1.51e+00 3.20e-02 1.50e+00 3.33e-02 1.17e-05 4.91e-05 5.69e-04 2.07e-04 1.21e-04 1.27e-05
1.39e+00 1.40e+00 3.18e-02 1.39e+00 3.34e-02 6.27e-04 2.00e-03 5.84e-04 2.66e-04 1.22e-04 1.92e-05
1.40e+00 1.50e+00 2.56e-02 1.49e+00 2.63e-02 7.22e-06 2.62e-05 4.95e-04 2.85e-04 1.30e-04 1.55e-05
1.40e+00 1.44e+00 9.93e-02 1.47e+00 1.03e-01 5.12e-04 4.29e-03 4.96e-04 1.91e-04 1.21e-04 1.01e-05
1.43e+00 1.34e+00 9.63e-03 1.35e+00 1.26e-02 1.77e-17 1.66e-03 6.49e-04 3.33e-04 3.33e-04 7.17e-05
1.40e+00 1.61e+00 2.37e-02 1.60e+00 2.59e-02 5.03e-29 4.25e-15 4.66e-04 2.33e-04 1.19e-04 1.75e-05
1.41e+00 9.64e-01 1.59e-02 9.70e-01 1.70e-02 6.65e-13 2.66e-03 7.18e-04 2.38e-04 1.65e-04 4.76e-05
1.41e+00 1.31e+00 4.25e-02 1.30e+00 4.30e-02 3.86e-05 6.64e-03 5.59e-04 1.96e-04 1.36e-04 1.66e-05
1.40e+00 1.24e+00 1.49e-01 1.22e+00 1.50e-01 3.36e-04 2.09e-02 5.22e-04 2.15e-04 1.23e-04 1.71e-05
1.40e+00 1.50e+00 3.90e-01 9.90e-01 6.42e-01 4.55e-07 7.74e-03 4.49e-04 2.01e-04 1.13e-04 1.46e-05
1.42e+00 1.15e+00 2.63e-01 9.70e-01 3.20e-01 3.54e-08 2.64e-03 6.92e-04 1.87e-04 1.21e-04 1.10e-05
1.40e+00 1.64e+00 4.29e-02 1.63e+00 4.39e-02 2.56e-22 1.19e-10 4.76e-04 2.21e-04 1.03e-04 1.15e-05
1.42e+00 1.60e+00 4.76e-02 1.60e+00 4.76e-02 3.09e-07 1.78e-06 4.25e-04 1.66e-04 9.90e-05 1.16e-05
1.42e+00 9.60e-01 5.47e-02 9.60e-01 5.47e-02 6.07e-08 3.21e-03 6.38e-04 3.19e-04 2.46e-04 3.30e-05
1.40e+00 1.50e+00 1.36e-02 1.49e+00 1.62e-02 9.84e-56 9.84e-56 6.11e-04 6.11e-04 6.11e-04 2.52e-04
1.38e+00 1.40e+00 5.68e-02 1.40e+00 5.69e-02 3.89e-04 1.96e-03 3.42e-04 1.54e-04 8.34e-05 1.07e-05
1.40e+00 1.47e+00 4.80e-03 1.47e+00 5.91e-03 1.71e-28 1.71e-28 6.16e-04 3.31e-04 3.31e-04 3.31e-04
1.39e+00 1.26e+00 7.79e-02 1.22e+00 8.69e-02 1.36e-04 1.20e-02 5.34e-04 2.40e-04 1.27e-04 1.71e-05
1.42e+00 1.38e+00 1.19e-01 1.37e+00 1.19e-01 6.66e-04 1.09e-02 6.40e-04 2.86e-04 1.51e-04 1.68e-05
1.40e+00 1.47e+00 7.83e-02 1.48e+00 7.90e-02 6.72e-04 3.22e-03 5.73e-04 2.49e-04 1.41e-04 1.66e-05
1.38e+00 1.44e+00 4.79e-02 1.47e+00 5.53e-02 1.04e-04 6.59e-04 5.20e-04 1.86e-04 9.91e-05 1.55e-05
1.41e+00 1.48e+00 8.89e-02 1.50e+00 9.03e-02 2.93e-06 5.53e-05 2.87e-04 1.28e-04 7.22e-05 8.21e-06
1.41e+00 1.34e+00 1.25e-02 1.34e+00 1.29e-02 6.48e-11 2.46e-03 6.45e-04 3.47e-04 3.47e-04 8.18e-05
1.42e+00 1.28e+00 8.27e-02 1.28e+00 8.27e-02 1.47e-04 1.23e-02 5.26e-04 2.14e-04 1.21e-04 1.68e-05
1.40e+00 1.55e+00 3.80e-02 1.53e+00 4.23e-02 7.12e-07 1.58e-06 5.59e-04 2.68e-04 1.52e-04 1.36e-05
1.38e+00 1.72e+00 5.47e-02 1.75e+00 6.27e-02 3.64e-31 2.56e-09 3.61e-04 1.54e-04 9.97e-05 1.08e-05
1.40e+00 1.52e+00 6.14e-05 1.52e+00 6.14e-05 4.56e-138 4.56e-138 6.02e-04 6.02e-04 6.02e-04 6.02e-04
1.38e+00 1.46e+00 3.02e-02 1.47e+00 3.16e-02 2.74e-05 5.54e-05 5.15e-04 2.02e-04 1.33e-04 1.86e-05
1.39e+00 1.14e+00 2.81e-01 1.00e+00 3.13e-01 1.30e-09 6.54e-03 5.42e-04 2.26e-04 8.37e-05 7.28e-06
1.40e+00 1.35e+00 9.05e-02 1.35e+00 9.05e-02 1.37e-04 5.10e-03 5.35e-04 1.86e-04 1.01e-04 9.78e-06
1.41e+00 1.52e+00 3.38e-02 1.52e+00 3.38e-02 1.33e-05 3.38e-05 6.49e-04 2.94e-04 1.87e-04 1.79e-05
1.41e+00 1.35e+00 7.22e-02 1.34e+00 7.37e-02 2.29e-04 6.55e-03 5.14e-04 2.13e-04 1.31e-04 1.31e-05
1.38e+00 1.38e+00 5.50e-03 1.38e+00 7.14e-03 3.77e-04 3.95e-04 6.41e-04 6.22e-04 6.22e-04 3.54e-05
1.42e+00 1.43e+00 2.33e-02 1.42e+00 2.51e-02 6.25e-04 1.99e-03 5.60e-04 3.70e-04 1.96e-04 6.02e-05
1.42e+00 1.86e+00 3.27e-01 1.89e+00 3.28e-01 1.48e-04 2.07e-03 3.69e-04 1.65e-04 9.48e-05 1.25e-05
1.38e+00 1.33e+00 7.21e-03 1.33e+00 7.28e-03 5.70e-11 1.16e-03 6.54e-04 3.02e-04 1.87e-04 1.87e-04
1.41e+00 1.31e+00 9.20e-02 1.37e+00 1.11e-01 3.91e-04 1.26e-02 5.41e-04 2.28e-04 1.58e-04 1.76e-05
1.38e+00 1.80e+00 4.46e-02 1.75e+00 6.37e-02 1.64e-47 3.72e-11 4.34e-04 1.72e-04 1.10e-04 1.62e-05
1.43e+00 1.62e+00 2.06e-02 1.62e+00 2.07e-02 1.33e-18 3.87e-08 9.25e-05 3.48e-05 3.21e-05 3.81e-06
1.39e+00 1.57e+00 3.55e-02 1.60e+00 4.78e-02 5.35e-20 6.21e-20 5.01e-04 3.26e-04 1.83e-04 4.08e-05
1.39e+00 1.61e+00 3.68e-02 1.60e+00 3.97e-02 1.14e-18 2.27e-12 5.27e-04 2.18e-04 1.19e-04 1.46e-05
1.40e+00 1.52e+00 4.15e-02 1.49e+00 4.89e-02 1.48e-05 3.51e-05 5.08e-04 1.95e-04 1.10e-04 1.42e-05
1.43e+00 1.52e+00 3.45e-02 1.49e+00 4.64e-02 1.44e-06 6.44e-06 5.75e-04 2.25e-04 9.54e-05 1.54e-05
1.41e+00 1.52e+00 2.40e-02 1.51e+00 2.48e-02 1.39e-06 3.18e-06 5.43e-04 2.76e-04 1.64e-04 1.86e-05
1.40e+00 1.44e+00 1.76e-02 1.43e+00 1.89e-02 1.97e-31 2.35e-31 1.88e-30 8.37e-31 6.89e-31 1.28e-31
1.42e+00 1.55e+00 5.11e-02 1.52e+00 6.04e-02 1.12e-05 3.98e-05 5.21e-04 2.83e-04 1.63e-04 1.59e-05
1.38e+00 1.77e+00 6.69e-02 1.76e+00 6.72e-02 5.08e-10 3.55e-06 3.48e-04 1.26e-04 6.70e-05 8.04e-06
1.40e+00 1.37e+00 6.78e-03 1.38e+00 9.01e-03 3.31e-07 1.40e-03 6.41e-04 6.05e-04 6.05e-04 1.26e-04
1.38e+00 1.48e+00 2.54e-01 1.40e+00 2.65e-01 8.89e-04 9.43e-03 6.76e-04 1.71e-04 7.62e-05 9.52e-06
1.38e+00 1.62e+00 1.93e-02 1.63e+00 2.01e-02 2.57e-48 5.13e-13 4.39e-04 3.33e-04 1.12e-04 2.87e-05
1.39e+00 1.07e+00 1.58e-01 1.03e+00 1.64e-01 1.14e-21 3.71e-03 6.37e-04 2.79e-04 1.27e-04 1.09e-05
1.41e+00 1.96e+00 2.81e-01 2.01e+00 2.85e-01 2.41e-05 8.24e-04 3.47e-04 1.49e-04 8.73e-05 9.19e-06
1.41e+00 1.33e+00 3.05e-02 1.32e+00 3.13e-02 2.59e-05 4.87e-03 4.95e-04 3.20e-04 1.95e-04 1.65e-05
1.38e+00 1.37e+00 6.30e-02 1.36e+00 6.42e-02 3.91e-04 2.94e-03 3.89e-04 2.03e-04 1.12e-04 1.17e-05
1.40e+00 1.35e+00 3.79e-02 1.35e+00 3.80e-02 2.28e-04 5.26e-03 4.83e-04 2.38e-04 1.50e-04 1.63e-05
1.41e+00 1.60e+00 4.77e-01 1.66e+00 4.80e-01 2.31e-04 1.52e-02 3.84e-04 1.35e-04 8.60e-05 1.43e-05
1.38e+00 1.33e+00 7.81e-02 1.37e+00 8.72e-02 7.58e-04 1.17e-02 5.96e-04 2.70e-04 1.99e-04 1.99e-05
1.39e+00 1.20e+00 5.82e-02 1.20e+00 5.82e-02 6.23e-06 9.39e-03 5.58e-04 2.48e-04 1.41e-04 1.38e-05
1.43e+00 1.42e+00 4.00e-02 1.41e+00 4.04e-02 3.54e-04 2.69e-03 3.44e-04 1.59e-04 8.55e-05 1.25e-05
1.41e+00 1.35e+00 8.30e-03 1.35e+00 8.89e-03 2.41e-11 1.45e-03 6.49e-04 4.99e-04 1.99e-04 9.13e-05
1.41e+00 1.42e+00 1.40e-02 1.42e+00 1.43e-02 4.40e-04 6.27e-04 6.27e-04 3.17e-04 1.96e-04 2.85e-05
1.43e+00 1.44e+00 1.24e-02 1.44e+00 1.24e-02 3.33e-04 5.50e-04 5.46e-04 3.30e-04 2.04e-04 5.02e-05
1.42e+00 1.60e+00 6.85e-02 1.60e+00 6.85e-02 1.78e-05 6.00e-05 4.36e-04 1.64e-04 9.08e-05 8.79e-06
1.41e+00 1.27e+00 1.61e-01 1.33e+00 1.72e-01 5.94e-04 1.86e-02 6.93e-04 2.46e-04 1.55e-04 1.82e-05
1.39e+00 1.42e+00 7.40e-02 1.44e+00 7.56e-02 6.04e-08 3.22e-07 7.29e-08 3.26e-08 1.83e-08 1.83e-09
1.41e+00 1.33e+00 1.84e-02 1.33e+00 1.87e-02 2.16e-07 2.29e-03 4.32e-04 2.48e-04 1.64e-04 2.02e-05
1.41e+00 1.62e+00 1.07e-01 1.60e+00 1.08e-01 3.89e-05 1.27e-04 4.42e-04 1.88e-04 9.26e-05 1.23e-05
1.40e+00 1.50e+00 8.80e-02 1.48e+00 9.05e-02 5.88e-04 2.38e-03 6.56e-04 3.17e-04 2.23e-04 2.33e-05
1.43e+00 1.42e+00 4.15e-01 1.01e+00 5.81e-01 7.44e-06 8.03e-03 5.09e-04 1.27e-04 6.90e-05 7.27e-06
1.42e+00 1.50e+00 2.35e-02 1.49e+00 2.47e-02 3.49e-06 7.96e-06 5.15e-04 2.81e-04 1.19e-04 1.65e-05
1.37e+00 1.65e+00 3.83e-01 1.85e+00 4.33e-01 1.84e-05 3.75e-03 3.50e-04 1.10e-04 6.13e-05 5.11e-06
1.39e+00 1.54e+00 8.09e-02 1.52e+00 8.45e-02 4.91e-05 1.81e-04 5.64e-04 2.51e-04 1.24e-04 1.54e-05
1.39e+00 1.35e+00 1.84e-02 1.34e+00 2.15e-02 9.09e-38 2.41e-36 4.84e-37 2.84e-37 1.12e-37 2.41e-38
1.39e+00 1.30e+00 6.56e-02 1.30e+00 6.57e-02 2.02e-04 8.63e-03 5.17e-04 2.06e-04 1.23e-04 1.33e-05
1.43e+00 1.53e+00 1.48e-02 1.53e+00 1.48e-02 2.67e-33 2.75e-33 2.36e-24 1.17e-24 8.71e-25 1.07e-25
1.41e+00 1.30e+00 1.28e-02 1.30e+00 1.34e-02 4.07e-15 2.16e-03 5.65e-04 3.56e-04 3.56e-04 2.33e-05
1.42e+00 1.34e+00 1.55e-01 1.37e+00 1.57e-01 4.03e-04 9.06e-03 5.11e-04 1.66e-04 1.12e-04 1.08e-05
1.41e+00 1.53e+00 2.74e-02 1.52e+00 2.99e-02 9.03e-115 9.10e-115 6.02e-04 6.02e-04 6.02e-04 2.12e-05
1.39e+00 1.55e+00 4.18e-02 1.52e+00 5.36e-02 4.47e-09 5.46e-09 4.34e-04 3.09e-04 1.84e-04 2.43e-05
1.41e+00 1.58e+00 1.54e-01 1.67e+00 1.80e-01 2.70e-08 3.93e-04 1.61e-04 5.87e-05 3.62e-05 6.85e-06
1.38e+00 1.63e+00 2.59e-02 1.63e+00 2.63e-02 1.71e-32 1.47e-09 4.96e-04 2.29e-04 1.92e-04 1.72e-05
1.39e+00 1.49e+00 3.55e-02 1.49e+00 3.55e-02 4.91e-05 8.22e-05 7.12e-04 3.47e-04 1.33e-04 1.78e-05
1.41e+00 1.78e+00 3.72e-01 1.60e+00 4.12e-01 2.77e-04 3.56e-03 4.39e-04 1.60e-04 9.18e-05 1.02e-05
1.42e+00 1.33e+00 2.90e-02 1.32e+00 3.06e-02 1.57e-05 4.58e-03 5.68e-04 2.47e-04 1.29e-04 1.98e-05
1.43e+00 1.31e+00 1.53e-01 1.33e+00 1.55e-01 1.25e-04 6.74e-03 4.96e-04 1.70e-04 9.66e-05 1.33e-05
1.40e+00 1.44e+00 4.25e-01 1.61e+00 4.60e-01 3.62e-04 2.10e-02 3.59e-04 1.46e-04 9.05e-05 1.17e-05
1.38e+00 1.31e+00 3.84e-01 1.37e+00 3.89e-01 6.85e-04 1.90e-02 4.09e-04 1.39e-04 7.28e-05 1.04e-05
1.39e+00 1.38e+00 4.09e-02 1.38e+00 4.10e-02 5.74e-04 4.57e-03 5.44e-04 2.48e-04 1.22e-04 2.25e-05
1.42e+00 1.31e+00 1.07e-02 1.31e+00 1.07e-02 3.55e-19 1.76e-03 6.59e-04 3.94e-04 3.94e-04 2.32e-05
1.41e+00 1.51e+00 2.86e-01 1.41e+00 3.03e-01 8.12e-04 8.83e-03 5.48e-04 1.27e-04 5.32e-05 8.18e-06
1.39e+00 1.09e+00 9.47e-03 1.09e+00 9.48e-03 1.42e-89 1.82e-03 7.87e-04 4.31e-04 4.31e-04 6.72e-05
1.41e+00 1.60e+00 4.53e-02 1.60e+00 4.53e-02 4.73e-08 6.35e-08 4.75e-04 1.81e-04 1.08e-04 1.46e-05
1.42e+00 1.56e+00 5.73e-02 1.52e+00 7.23e-02 2.60e-06 8.69e-06 5.08e-04 2.75e-04 1.67e-04 1.94e-05
1.42e+00 1.52e+00 3.12e-02 1.51e+00 3.28e-02 3.03e-06 1.13e-05 5.27e-04 2.79e-04 1.33e-04 1.70e-05
1.41e+00 1.47e+00 2.13e-01 1.40e+00 2.25e-01 6.32e-04 4.89e-03 4.69e-04 2.08e-04 9.26e-05 6.39e-06
1.45e+00 1.75e+00 3.19e-03 1.75e+00 3.39e-03 5.54e-168 3.27e-117 5.36e-04 5.36e-04 5.36e-04 7.01e-05
1.45e+00 1.43e+00 8.59e-02 1.38e+00 9.99e-02 3.56e-04 7.12e-03 4.81e-04 2.37e-04 1.44e-04 1.67e-05
1.47e+00 1.05e+00 1.55e-01 1.06e+00 1.56e-01 2.45e-06 1.44e-02 5.17e-04 2.26e-04 1.19e-04 1.08e-05
1.46e+00 1.60e+00 9.08e-03 1.60e+00 9.10e-03 1.03e-27 1.03e-27 5.79e-04 1.54e-04 1.31e-04 1.16e-05
1.46e+00 1.58e+00 2.67e-01 1.46e+00 2.95e-01 6.12e-04 4.14e-03 4.57e-04 1.46e-04 6.53e-05 6.22e-06
1.44e+00 1.48e+00 6.45e-02 1.48e+00 6.45e-02 3.97e-04 2.37e-03 4.67e-04 1.67e-04 1.11e-04 1.74e-05
1.48e+00 1.39e+00 8.71e-02 1.33e+00 1.07e-01 5.51e-04 1.41e-02 5.92e-04 2.83e-04 1.85e-04 1.51e-05
1.49e+00 1.42e+00 2.10e-01 1.51e+00 2.29e-01 9.16e-05 4.11e-04 2.97e-04 9.90e-05 7.82e-05 9.58e-06
1.47e+00 1.16e+00 2.03e-01 1.01e+00 2.52e-01 1.19e-04 1.17e-02 5.52e-04 1.60e-04 8.36e-05 1.09e-05
1.44e+00 1.33e+00 2.30e-02 1.32e+00 2.42e-02 4.35e-08 4.01e-03 5.51e-04 2.61e-04 1.81e-04 2.31e-05
1.46e+00 1.75e+00 1.31e-01 1.84e+00 1.56e-01 8.85e-07 6.78e-05 3.46e-04 1.28e-04 8.47e-05 1.54e-05
1.45e+00 1.16e+00 7.57e-02 1.11e+00 9.23e-02 7.72e-07 1.45e-02 6.08e-04 2.71e-04 1.56e-04 2.43e-05
1.45e+00 1.72e+00 2.60e-01 1.84e+00 2.86e-01 1.88e-04 3.86e-03 3.47e-04 1.26e-04 6.43e-05 5.14e-06
1.47e+00 1.57e+00 5.68e-02 1.60e+00 6.42e-02 1.02e-04 1.90e-04 4.22e-04 2.53e-04 1.57e-04 1.21e-05
1.44e+00 1.45e+00 2.23e-02 1.45e+00 2.24e-02 3.17e-04 7.95e-04 3.39e-04 1.49e-04 9.78e-05 1.32e-05
1.44e+00 9.51e-01 6.78e-02 9.40e-01 6.87e-02 7.42e-09 1.13e-02 5.48e-04 2.39e-04 1.25e-04 1.84e-05
1.45e+00 1.38e+00 2.34e-02 1.38e+00 2.36e-02 1.03e-05 3.63e-03 4.80e-04 2.58e-04 1.51e-04 1.61e-05
1.49e+00 1.58e+00 5.30e-02 1.57e+00 5.49e-02 9.10e-05 1.83e-04 5.13e-04 2.66e-04 1.59e-04 2.14e-05
1.44e+00 1.48e+00 1.86e-02 1.48e+00 1.90e-02 3.98e-05 7.03e-05 5.64e-04 1.97e-04 1.85e-04 1.54e-05
1.48e+00 1.46e+00 1.17e-01 1.50e+00 1.25e-01 6.00e-04 4.96e-03 4.65e-04 1.65e-04 9.29e-05 1.03e-05
1.49e+00 1.26e+00 2.53e-01 1.22e+00 2.56e-01 3.09e-04 3.27e-02 5.49e-04 2.30e-04 1.23e-04 1.37e-05
1.44e+00 1.78e+00 1.40e-01 1.84e+00 1.53e-01 9.68e-07 1.02e-04 3.75e-04 1.18e-04 7.19e-05 1.28e-05
1.46e+00 1.46e+00 5.01e-02 1.48e+00 5.25e-02 3.70e-04 1.59e-03 5.37e-04 1.51e-04 8.33e-05 1.23e-05
1.48e+00 9.68e-01 2.78e-02 9.70e-01 2.79e-02 5.14e-08 3.06e-03 6.30e-04 3.04e-04 1.39e-04 2.56e-05
1.44e+00 1.43e+00 2.63e-01 1.38e+00 2.68e-01 4.70e-04 1.12e-02 4.77e-04 1.48e-04 5.49e-05 6.87e-06
1.46e+00 1.47e+00 5.75e-02 1.48e+00 5.78e-02 6.26e-04 3.54e-03 5.86e-04 2.10e-04 1.29e-04 1.62e-05
1.48e+00 1.55e+00 5.77e-02 1.52e+00 6.39e-02 4.76e-04 1.52e-03 6.98e-04 3.08e-04 1.69e-04 2.60e-05
1.47e+00 1.49e+00 3.60e-02 1.49e+00 3.60e-02 4.57e-04 1.25e-03 5.40e-04 2.06e-04 9.06e-05 1.25e-05
1.45e+00 1.55e+00 4.17e-02 1.52e+00 5.23e-02 1.43e-06 2.06e-06 3.66e-04 2.39e-04 1.36e-04 1.82e-05
1.46e+00 1.55e+00 1.26e-01 1.60e+00 1.37e-01 1.49e-04 1.64e-03 3.96e-04 1.68e-04 1.02e-04 8.99e-06
1.44e+00 1.58e+00 8.63e-02 1.52e+00 1.04e-01 9.41e-05 4.44e-04 8.10e-04 3.23e-04 2.04e-04 1.99e-05
1.46e+00 1.47e+00 6.82e-03 1.47e+00 7.51e-03 3.38e-05 3.54e-05 3.55e-04 2.57e-04 2.57e-04 1.60e-05
1.46e+00 1.37e+00 1.28e-02 1.37e+00 1.29e-02 4.55e-11 2.07e-03 5.21e-04 4.49e-04 2.23e-04 2.26e-05
1.45e+00 1.32e+00 1.52e-02 1.32e+00 1.53e-02 7.82e-17 2.53e-03 5.81e-04 3.20e-04 2.57e-04 2.64e-05
1.46e+00 1.38e+00 1.48e-02 1.38e+00 1.49e-02 2.29e-08 2.25e-03 4.67e-04 2.87e-04 2.13e-04 2.58e-05
1.48e+00 1.61e+00 3.36e-02 1.60e+00 3.67e-02 3.28e-08 3.39e-08 5.04e-04 2.01e-04 1.19e-04 1.16e-05
1.43e+00 1.40e+00 1.36e-02 1.40e+00 1.40e-02 5.29e-05 1.37e-03 3.59e-04 1.67e-04 8.77e-05 1.71e-05
1.47e+00 1.23e+00 4.19e-02 1.22e+00 4.35e-02 4.72e-11 5.73e-03 4.55e-04 2.05e-04 1.20e-04 1.37e-05
1.48e+00 1.51e+00 2.67e-02 1.50e+00 2.78e-02 3.41e-04 6.43e-04 4.67e-04 2.57e-04 1.07e-04 1.22e-05
1.45e+00 1.29e+00 6.23e-02 1.29e+00 6.24e-02 1.72e-08 4.34e-03 4.47e-04 1.55e-04 8.83e-05 8.28e-06
1.44e+00 1.55e+00 3.39e-02 1.52e+00 4.63e-02 1.51e-12 1.93e-12 6.02e-04 1.57e-04 9.99e-05 2.42e-05
1.44e+00 1.30e+00 2.25e-02 1.30e+00 2.28e-02 1.49e-11 2.76e-03 4.38e-04 2.08e-04 1.43e-04 1.08e-05
1.49e+00 1.32e+00 1.56e-01 1.33e+00 1.57e-01 2.36e-05 7.48e-03 3.78e-04 1.17e-04 5.73e-05 4.98e-06
1.48e+00 1.38e+00 5.03e-03 1.38e+00 5.03e-03 3.15e-46 8.48e-04 6.41e-04 6.41e-04 1.06e-04 9.98e-05
1.44e+00 1.15e+00 1.08e-01 1.23e+00 1.33e-01 5.15e-06 1.81e-02 5.25e-04 2.63e-04 1.54e-04 2.39e-05
1.48e+00 1.51e+00 5.03e-02 1.49e+00 5.31e-02 6.88e-04 2.43e-03 6.29e-04 2.23e-04 1.22e-04 1.62e-05
1.46e+00 1.55e+00 6.87e-02 1.52e+00 7.57e-02 1.92e-04 1.07e-03 5.74e-04 2.85e-04 1.31e-04 2.06e-05
1.46e+00 9.87e-01 1.04e-01 9.70e-01 1.05e-01 2.69e-17 1.04e-03 7.29e-04 7.29e-04 2.78e-04 2.56e-05
1.46e+00 1.36e+00 1.15e-01 1.32e+00 1.21e-01 3.82e-08 3.60e-03 4.29e-04 1.78e-04 9.31e-05 7.76e-06
1.45e+00 1.49e+00 5.23e-02 1.49e+00 5.23e-02 3.06e-04 1.55e-03 6.35e-04 1.71e-04 1.03e-04 1.29e-05
1.46e+00 1.50e+00 4.22e-02 1.51e+00 4.26e-02 1.48e-08 5.07e-06 3.18e-04 1.50e-04 8.78e-05 1.12e-05
1.48e+00 1.57e+00 5.83e-02 1.55e+00 6.10e-02 7.63e-05 3.60e-04 5.57e-04 2.34e-04 1.47e-04 1.34e-05
1.47e+00 1.46e+00 8.22e-02 1.48e+00 8.48e-02 6.67e-04 6.80e-03 5.24e-04 2.41e-04 1.20e-04 1.94e-05
1.43e+00 1.53e+00 2.26e-02 1.52e+00 2.39e-02 2.77e-16 4.38e-16 6.02e-04 9.38e-05 5.75e-05 2.12e-05
1.45e+00 1.32e+00 1.90e-02 1.31e+00 2.07e-02 3.23e-12 3.24e-03 5.00e-04 2.29e-04 2.15e-04 1.66e-05
1.47e+00 1.47e+00 2.02e-01 1.38e+00 2.21e-01 4.02e-04 1.00e-02 4.80e-04 2.00e-04 9.34e-05 6.44e-06
1.46e+00 1.40e+00 7.69e-02 1.36e+00 8.53e-02 2.49e-04 4.50e-03 4.98e-04 1.89e-04 1.20e-04 1.30e-05
1.46e+00 1.36e+00 1.06e-02 1.36e+00 1.06e-02 1.52e-15 1.69e-03 6.46e-04 3.47e-04 1.27e-04 1.62e-05
1.48e+00 1.60e+00 1.36e-02 1.60e+00 1.39e-02 6.85e-25 6.85e-25 5.79e-04 5.79e-04 5.79e-04 2.04e-05
1.46e+00 1.55e+00 1.48e-01 1.52e+00 1.50e-01 4.17e-04 3.97e-03 6.07e-04 2.28e-04 1.26e-04 1.08e-05
1.46e+00 1.48e+00 7.17e-03 1.48e+00 7.47e-03 3.40e-06 3.46e-06 6.13e-04 3.21e-04 3.21e-04 3.39e-05
1.46e+00 1.04e+00 3.93e-02 1.06e+00 4.32e-02 1.67e-14 6.05e-03 5.64e-04 2.41e-04 1.29e-04 2.16e-05
1.46e+00 1.42e+00 5.79e-01 1.46e+00 5.81e-01 6.33e-04 1.76e-02 4.68e-04 1.18e-04 6.69e-05 1.27e-05
1.45e+00 1.54e+00 4.57e-02 1.52e+00 4.88e-02 2.19e-05 1.19e-04 8.13e-04 3.49e-04 1.64e-04 1.64e-05
1.47e+00 1.41e+00 4.69e-02 1.40e+00 4.83e-02 2.41e-04 6.26e-03 4.98e-04 2.30e-04 1.09e-04 1.92e-05
1.48e+00 1.57e+00 5.09e-02 1.60e+00 5.73e-02 6.13e-05 1.05e-04 3.70e-04 2.07e-04 1.05e-04 1.16e-05
1.49e+00 1.51e+00 2.39e-02 1.51e+00 2.40e-02 4.45e-04 8.45e-04 4.99e-04 2.19e-04 1.31e-04 2.44e-05
1.46e+00 1.10e+00 6.37e-02 1.09e+00 6.54e-02 4.41e-08 9.07e-03 5.17e-04 2.00e-04 1.14e-04 1.78e-05
1.45e+00 1.41e+00 1.53e-02 1.41e+00 1.59e-02 4.99e-05 1.72e-03 6.33e-04 3.34e-04 1.43e-04 3.82e-05
1.44e+00 1.34e+00 2.11e-01 1.32e+00 2.12e-01 1.00e-04 9.92e-03 5.21e-04 1.62e-04 7.26e-05 6.60e-06
1.45e+00 1.65e+00 2.16e-01 1.56e+00 2.34e-01 2.85e-04 1.29e-03 5.30e-04 1.70e-04 7.82e-05 1.02e-05
1.45e+00 1.49e+00 1.72e-01 1.40e+00 1.92e-01 5.26e-04 9.63e-03 5.24e-04 2.07e-04 1.14e-04 1.22e-05
1.44e+00 1.37e+00 4.87e-02 1.36e+00 5.08e-02 2.13e-08 6.03e-07 4.29e-08 1.90e-08 1.16e-08 1.48e-09
1.45e+00 1.48e+00 1.38e-02 1.48e+00 1.43e-02 1.52e-05 2.03e-05 3.37e-04 1.78e-04 7.26e-05 8.65e-06
1.47e+00 1.45e+00 4.83e-02 1.48e+00 5.53e-02 4.90e-04 2.15e-03 4.72e-04 1.51e-04 7.09e-05 1.54e-05
1.43e+00 1.24e+00 5.64e-02 1.22e+00 6.04e-02 5.66e-06 9.37e-03 5.80e-04 2.39e-04 1.26e-04 1.71e-05
1.48e+00 1.09e+00 2.39e-01 9.60e-01 2.73e-01 4.47e-05 2.38e-03 4.77e-04 1.58e-04 1.32e-04 2.57e-05
1.48e+00 1.49e+00 8.06e-02 1.50e+00 8.13e-02 2.05e-04 5.84e-04 2.99e-04 1.00e-04 5.58e-05 6.57e-06
1.48e+00 1.54e+00 3.49e-01 1.33e+00 4.07e-01 2.00e-04 1.07e-02 4.73e-04 1.12e-04 4.60e-05 6.56e-06
1.47e+00 1.08e+00 5.71e-02 1.04e+00 7.00e-02 6.35e-08 2.24e-03 7.18e-04 1.15e-04 5.05e-05 1.08e-05
1.48e+00 1.52e+00 5.61e-02 1.49e+00 6.34e-02 6.09e-04 2.07e-03 6.97e-04 2.89e-04 1.40e-04 1.75e-05
1.44e+00 1.44e+00 2.35e-01 1.32e+00 2.65e-01 2.60e-06 5.08e-03 5.18e-04 1.62e-04 7.26e-05 9.90e-06
1.46e+00 1.56e+00 8.33e-02 1.52e+00 9.15e-02 1.98e-04 7.12e-04 7.43e-04 2.63e-04 1.50e-04 1.41e-05
1.45e+00 1.62e+00 1.23e-01 1.60e+00 1.24e-01 6.51e-05 3.89e-04 6.20e-04 2.38e-04 1.34e-04 1.48e-05
1.46e+00 1.49e+00 9.14e-03 1.49e+00 9.34e-03 4.42e-07 4.52e-07 6.11e-04 2.73e-04 2.73e-04 2.76e-05
1.47e+00 1.40e+00 8.62e-02 1.37e+00 9.24e-02 2.11e-04 8.11e-03 5.08e-04 1.84e-04 1.20e-04 1.29e-05
1.48e+00 1.30e+00 8.72e-02 1.32e+00 8.87e-02 9.27e-08 4.36e-03 4.19e-04 1.78e-04 1.14e-04 7.76e-06
1.43e+00 1.84e+00 1.71e-02 1.84e+00 1.71e-02 1.53e-73 1.59e-29 5.11e-04 4.34e-04 4.34e-04 7.70e-06
1.48e+00 1.60e+00 1.17e-01 1.52e+00 1.40e-01 2.51e-04 8.07e-04 6.05e-04 2.57e-04 1.50e-04 1.29e-05
1.45e+00 1.49e+00 1.24e-02 1.49e+00 1.26e-02 6.84e-06 7.61e-06 5.43e-04 3.38e-04 2.06e-04 3.07e-05
1.47e+00 1.56e+00 7.64e-02 1.60e+00 8.71e-02 1.88e-04 8.19e-04 3.88e-04 1.66e-04 9.04e-05 1.17e-05
1.44e+00 1.60e+00 1.32e-01 1.52e+00 1.55e-01 7.66e-05 5.01e-04 7.86e-04 2.96e-04 1.28e-04 1.67e-05
1.48e+00 1.36e+00 3.85e-02 1.36e+00 3.88e-02 1.75e-05 5.49e-03 5.00e-04 2.21e-04 1.17e-04 1.62e-05
1.45e+00 1.32e+00 1.68e-02 1.32e+00 1.68e-02 7.35e-14 2.83e-03 6.10e-04 3.04e-04 2.14e-04 2.64e-05
1.47e+00 1.58e+00 6.26e-02 1.60e+00 6.66e-02 6.10e-05 1.24e-04 4.51e-04 2.71e-04 1.19e-04 1.52e-05
1.44e+00 1.61e+00 2.05e-02 1.60e+00 2.19e-02 9.47e-21 8.11e-09 5.79e-04 2.30e-04 1.22e-04 1.46e-05
1.46e+00 1.39e+00 1.28e-02 1.40e+00 1.37e-02 1.20e-08 2.13e-03 5.75e-04 3.26e-04 3.26e-04 2.24e-05
1.45e+00 1.39e+00 7.20e-02 1.36e+00 7.87e-02 2.72e-04 8.01e-03 5.14e-04 2.20e-04 1.39e-04 1.62e-05
1.47e+00 1.54e+00 5.28e-02 1.52e+00 5.83e-02 2.41e-04 5.75e-04 7.17e-04 3.46e-04 2.60e-04 2.41e-05
1.47e+00 1.52e+00 5.06e-02 1.49e+00 5.80e-02 4.18e-04 1.26e-03 7.14e-04 2.74e-04 1.57e-04 1.80e-05
1.49e+00 1.72e+00 1.35e-01 1.75e+00 1.37e-01 7.23e-05 1.66e-04 4.27e-04 1.78e-04 1.17e-04 1.39e-05
1.49e+00 1.73e+00 1.08e-01 1.84e+00 1.52e-01 9.31e-06 1.38e-05 3.85e-04 1.67e-04 1.08e-04 1.28e-05
1.44e+00 1.48e+00 8.34e-02 1.41e+00 1.10e-01 4.04e-04 4.33e-03 4.73e-04 2.30e-04 1.30e-04 1.62e-05
1.48e+00 1.41e+00 1.26e-02 1.41e+00 1.27e-02 1.79e-08 2.14e-03 5.44e-04 2.99e-04 2.99e-04 2.54e-05
1.48e+00 1.51e+00 2.62e-02 1.51e+00 2.63e-02 2.73e-04 4.42e-04 5.45e-04 2.57e-04 1.24e-04 1.58e-05
1.47e+00 1.43e+00 8.29e-02 1.47e+00 9.18e-02 6.16e-04 4.31e-03 5.08e-04 1.98e-04 1.08e-04 1.24e-05
1.45e+00 1.42e+00 2.11e-01 1.35e+00 2.21e-01 5.47e-04 1.68e-02 4.89e-04 1.86e-04 9.46e-05 9.78e-06
1.46e+00 1.19e+00 1.43e-01 1.15e+00 1.48e-01 2.24e-05 1.14e-02 5.18e-04 1.82e-04 9.11e-05 7.01e-06
1.43e+00 1.48e+00 7.89e-02 1.41e+00 1.03e-01 4.48e-04 4.17e-03 4.91e-04 2.08e-04 1.29e-04 2.31e-05
1.47e+00 1.42e+00 9.90e-02 1.40e+00 1.01e-01 3.36e-04 7.94e-03 4.79e-04 2.14e-04 1.18e-04 1.28e-05
1.43e+00 1.52e+00 2.41e-01 1.40e+00 2.70e-01 6.02e-04 7.13e-03 4.85e-04 1.72e-04 6.71e-05 9.58e-06
1.49e+00 1.43e+00 4.94e-02 1.43e+00 4.94e-02 1.84e-04 4.16e-03 3.23e-04 1.63e-04 7.93e-05 1.19e-05
1.43e+00 1.32e+00 8.05e-02 1.31e+00 8.19e-02 4.28e-05 7.04e-03 5.10e-04 2.22e-04 1.42e-04 9.94e-06
1.49e+00 1.53e+00 8.67e-02 1.50e+00 9.26e-02 7.13e-04 3.26e-03 6.02e-04 1.99e-04 1.03e-04 1.11e-05
1.47e+00 1.35e+00 1.57e-01 1.41e+00 1.67e-01 2.18e-04 5.01e-03 3.16e-04 1.14e-04 4.89e-05 8.16e-06
1.49e+00 1.58e+00 8.69e-02 1.57e+00 8.76e-02 2.02e-04 9.70e-04 5.42e-04 2.30e-04 1.05e-04 9.85e-06
1.47e+00 1.66e+00 8.18e-02 1.63e+00 8.66e-02 5.31e-06 1.44e-05 4.27e-04 1.43e-04 6.89e-05 1.15e-05
1.49e+00 1.71e+00 7.04e-02 1.75e+00 8.08e-02 2.54e-08 2.69e-08 3.88e-04 1.35e-04 9.97e-05 1.35e-05
1.45e+00 1.29e+00 1.89e-02 1.29e+00 1.89e-02 2.05e-13 3.15e-03 6.38e-04 3.64e-04 1.70e-04 2.00e-05
1.44e+00 1.54e+00 4.66e-02 1.52e+00 5.01e-02 1.89e-05 7.41e-05 6.70e-04 3.79e-04 1.83e-04 1.66e-05
1.44e+00 1.45e+00 2.45e-02 1.44e+00 2.57e-02 6.19e-04 2.02e-03 5.52e-04 2.60e-04 1.44e-04 3.14e-05
1.45e+00 1.74e+00 2.49e-02 1.75e+00 2.54e-02 1.88e-131 1.11e-74 5.36e-04 5.36e-04 5.36e-04 1.62e-05
1.44e+00 1.23e+00 7.05e-02 1.23e+00 7.06e-02 1.56e-06 1.01e-02 5.94e-04 1.98e-04 1.16e-04 1.71e-05
1.46e+00 1.53e+00 6.05e-02 1.49e+00 7.50e-02 3.52e-04 1.11e-03 4.42e-04 2.43e-04 1.23e-04 1.66e-05
1.46e+00 1.53e+00 9.17e-02 1.49e+00 1.01e-01 2.90e-04 2.60e-03 5.08e-04 2.17e-04 1.25e-04 1.28e-05
1.48e+00 1.53e+00 5.44e-02 1.52e+00 5.54e-02 4.11e-04 1.26e-03 6.82e-04 2.69e-04 1.45e-04 2.07e-05
1.49e+00 1.81e+00 1.74e-01 1.84e+00 1.77e-01 1.18e-68 5.59e-05 5.11e-04 4.77e-04 4.77e-04 1.03e-05
1.45e+00 1.46e+00 8.42e-02 1.49e+00 9.03e-02 3.05e-04 4.13e-03 4.65e-04 1.67e-04 9.30e-05 1.28e-05
1.48e+00 1.54e+00 3.48e-02 1.52e+00 4.16e-02 6.59e-16 6.59e-16 6.02e-04 6.02e-04 1.75e-04 9.08e-06
1.49e+00 1.55e+00 4.85e-02 1.54e+00 5.08e-02 1.46e-04 3.57e-04 5.38e-04 2.58e-04 1.53e-04 1.27e-05
1.45e+00 1.30e+00 3.23e-03 1.30e+00 3.26e-03 1.14e-114 7.40e-04 6.62e-04 6.62e-04 6.62e-04 2.33e-05
1.44e+00 1.21e+00 6.34e-02 1.21e+00 6.34e-02 2.01e-06 9.28e-03 4.91e-04 1.99e-04 1.31e-04 1.37e-05
1.48e+00 9.77e-01 1.23e-02 9.70e-01 1.40e-02 9.62e-16 1.33e-03 7.29e-04 3.26e-04 1.68e-04 3.66e-05
1.45e+00 1.54e+00 6.57e-02 1.52e+00 6.82e-02 1.42e-04 6.30e-04 5.54e-04 2.37e-04 1.20e-04 1.41e-05
1.43e+00 9.23e-01 1.77e-01 8.90e-01 1.80e-01 1.76e-07 7.38e-03 6.00e-04 2.22e-04 1.44e-04 7.41e-06
1.45e+00 1.30e+00 4.99e-02 1.31e+00 5.03e-02 2.58e-15 2.74e-03 5.86e-04 2.75e-04 1.42e-04 1.99e-05
1.49e+00 1.47e+00 3.77e-02 1.48e+00 3.82e-02 6.00e-04 3.22e-03 5.94e-04 1.79e-04 9.45e-05 1.35e-05
1.43e+00 1.70e+00 1.48e-01 1.64e+00 1.60e-01 4.64e-06 1.90e-04 4.21e-04 1.91e-04 1.07e-04 1.15e-05
1.46e+00 1.40e+00 7.00e-02 1.37e+00 7.78e-02 2.91e-04 4.24e-03 5.42e-04 1.91e-04 1.01e-04 1.62e-05
1.47e+00 1.49e+00 2.95e-02 1.49e+00 2.96e-02 4.09e-04 1.03e-03 5.13e-04 2.33e-04 1.38e-04 1.23e-05
1.47e+00 1.70e+00 5.25e-02 1.75e+00 7.26e-02 3.91e-50 3.91e-50 5.36e-04 1.37e-04 7.82e-05 2.70e-05
1.47e+00 1.52e+00 3.07e-02 1.51e+00 3.27e-02 5.64e-05 1.13e-04 5.14e-04 1.74e-04 1.16e-04 1.22e-05
1.48e+00 1.72e+00 1.01e-01 1.63e+00 1.33e-01 2.13e-08 2.32e-08 4.22e-04 1.63e-04 1.03e-04 2.01e-05
1.44e+00 1.63e+00 1.54e-01 1.60e+00 1.57e-01 1.12e-04 6.86e-04 5.61e-04 2.37e-04 1.07e-04 1.15e-05
1.47e+00 1.45e+00 6.50e-02 1.47e+00 6.93e-02 3.54e-04 2.93e-03 2.94e-04 1.60e-04 7.85e-05 8.92e-06
1.45e+00 1.06e+00 5.92e-02 1.06e+00 5.93e-02 5.48e-09 9.21e-03 5.71e-04 2.26e-04 1.29e-04 1.80e-05
1.45e+00 1.31e+00 1.70e-02 1.31e+00 1.72e-02 4.88e-14 2.74e-03 5.70e-04 2.65e-04 1.66e-04 1.99e-05
1.45e+00 1.59e+00 2.84e-01 1.60e+00 2.84e-01 3.65e-04 4.84e-03 6.25e-04 1.60e-04 8.87e-05 1.27e-05
