1.04e+00 1.11e+00 3.60e-02 1.12e+00 3.66e-02 2.11e-06 2.20e-04 6.04e-04 2.58e-04 1.27e-04 1.41e-05
1.03e+00 1.08e+00 3.82e-02 1.07e+00 3.89e-02 4.24e-04 9.57e-04 6.30e-04 3.42e-04 1.71e-04 2.85e-05
1.05e+00 1.01e+00 4.28e-02 1.01e+00 4.30e-02 4.52e-04 5.91e-03 5.41e-04 2.40e-04 1.71e-04 1.82e-05
1.01e+00 1.02e+00 1.28e-02 1.02e+00 1.29e-02 6.10e-04 1.02e-03 8.01e-04 3.21e-04 3.21e-04 5.63e-05
1.05e+00 1.01e+00 8.36e-03 1.01e+00 9.28e-03 1.53e-07 1.78e-03 7.23e-04 6.87e-04 2.22e-04 1.38e-04
1.02e+00 1.17e+00 1.99e-02 1.18e+00 2.13e-02 4.22e-49 1.54e-20 6.91e-04 6.91e-04 6.91e-04 1.39e-05
1.05e+00 9.70e-01 4.85e-02 9.70e-01 4.85e-02 1.94e-04 9.93e-03 7.40e-04 3.01e-04 2.01e-04 2.74e-05
1.02e+00 1.10e+00 2.74e-02 1.10e+00 2.75e-02 6.74e-06 8.40e-06 6.59e-04 3.16e-04 1.91e-04 3.90e-05
1.02e+00 1.25e+00 1.37e-01 1.18e+00 1.54e-01 1.26e-05 2.35e-05 5.17e-04 1.35e-04 7.29e-05 1.04e-05
1.04e+00 1.08e+00 2.33e-02 1.08e+00 2.36e-02 2.86e-04 4.43e-04 6.90e-04 2.89e-04 2.81e-04 3.21e-05
1.03e+00 1.07e+00 6.21e-02 1.06e+00 6.25e-02 2.25e-04 1.18e-03 2.00e-04 9.09e-05 5.32e-05 6.49e-06
1.02e+00 1.40e+00 3.86e-01 9.40e-01 5.98e-01 4.60e-05 6.36e-03 4.40e-04 1.44e-04 7.58e-05 1.08e-05
1.03e+00 1.17e+00 5.16e-03 1.17e+00 5.77e-03 1.77e-103 1.77e-103 6.93e-04 6.93e-04 2.96e-04 3.83e-05
1.05e+00 1.03e+00 2.40e-02 1.03e+00 2.43e-02 6.34e-04 3.78e-03 6.98e-04 2.70e-04 2.31e-04 2.57e-05
1.03e+00 9.44e-01 1.12e-02 9.40e-01 1.20e-02 6.16e-09 2.20e-03 6.95e-04 3.57e-04 2.91e-04 5.52e-05
1.05e+00 1.12e+00 8.26e-03 1.12e+00 8.27e-03 3.65e-17 3.65e-17 7.53e-04 3.40e-04 3.40e-04 2.65e-05
1.03e+00 1.22e+00 2.50e-02 1.22e+00 2.50e-02 1.10e-07 1.32e-07 6.40e-04 2.16e-04 1.74e-04 1.39e-05
1.03e+00 9.59e-01 9.64e-03 9.60e-01 9.69e-03 1.40e-12 1.82e-03 7.30e-04 3.89e-04 3.89e-04 7.70e-05
1.03e+00 9.64e-01 1.33e-02 9.60e-01 1.38e-02 4.06e-08 2.57e-03 6.93e-04 3.63e-04 3.63e-04 2.93e-05
1.02e+00 1.03e+00 2.38e-02 1.02e+00 2.63e-02 7.44e-04 1.56e-03 8.55e-04 2.89e-04 1.29e-04 3.02e-05
1.05e+00 9.77e-01 2.50e-02 9.70e-01 2.59e-02 1.64e-05 3.81e-03 5.75e-04 3.26e-04 1.72e-04 1.83e-05
1.02e+00 1.44e+00 2.99e-03 1.44e+00 3.15e-03 5.60e-209 3.18e-205 6.25e-04 6.25e-04 6.25e-04 6.90e-05
1.04e+00 1.19e+00 1.31e-02 1.19e+00 1.31e-02 7.74e-27 7.74e-27 4.94e-04 2.09e-04 1.98e-04 4.71e-05
1.02e+00 1.12e+00 6.05e-03 1.12e+00 6.80e-03 4.81e-224 4.57e-205 7.03e-04 7.03e-04 7.03e-04 7.07e-05
1.02e+00 9.81e-01 1.12e-01 9.10e-01 1.33e-01 1.01e-04 7.11e-03 5.42e-04 1.56e-04 7.43e-05 1.11e-05
1.02e+00 9.50e-01 1.17e-02 9.50e-01 1.17e-02 3.90e-08 2.15e-03 7.31e-04 5.11e-04 1.73e-04 3.31e-05
1.01e+00 9.52e-01 3.82e-02 9.60e-01 3.90e-02 2.16e-04 7.90e-03 7.19e-04 3.04e-04 1.61e-04 2.77e-05
1.05e+00 1.05e+00 2.03e-02 1.05e+00 2.04e-02 7.36e-04 2.97e-03 8.14e-04 3.88e-04 2.00e-04 2.09e-05
1.03e+00 1.15e+00 6.76e-03 1.15e+00 8.09e-03 9.62e-54 9.62e-54 7.17e-04 6.42e-04 6.42e-04 6.49e-05
9.98e-01 9.47e-01 4.85e-03 9.50e-01 5.88e-03 2.97e-29 3.72e-04 2.45e-04 1.26e-04 1.26e-04 1.26e-04
1.02e+00 1.01e+00 1.42e-02 1.01e+00 1.45e-02 6.65e-04 2.85e-03 7.54e-04 4.42e-04 2.50e-04 3.94e-05
1.04e+00 1.07e+00 1.02e-01 1.03e+00 1.09e-01 6.91e-04 5.30e-03 5.02e-04 2.58e-04 1.33e-04 1.85e-05
1.03e+00 9.30e-01 7.05e-03 9.30e-01 7.06e-03 8.66e-74 4.25e-04 2.44e-04 9.93e-05 7.23e-05 7.35e-06
1.05e+00 9.75e-01 3.71e-02 9.70e-01 3.74e-02 1.12e-04 7.58e-03 6.67e-04 3.11e-04 1.64e-04 2.28e-05
1.04e+00 1.20e+00 1.56e-02 1.20e+00 1.56e-02 1.79e-09 2.03e-09 5.27e-04 2.34e-04 2.00e-04 1.72e-05
1.03e+00 1.43e+00 3.55e-03 1.43e+00 3.65e-03 8.22e-102 3.65e-90 6.27e-04 6.27e-04 6.27e-04 8.20e-05
1.03e+00 1.43e+00 5.41e-03 1.43e+00 6.52e-03 2.06e-57 3.55e-50 6.27e-04 4.19e-04 4.19e-04 2.84e-05
1.03e+00 1.01e+00 2.25e-02 1.01e+00 2.29e-02 5.16e-04 4.60e-03 7.62e-04 2.76e-04 2.76e-04 4.38e-05
1.02e+00 1.50e+00 2.05e-01 1.41e+00 2.25e-01 1.24e-11 5.03e-06 5.79e-04 2.19e-04 8.58e-05 6.36e-06
1.04e+00 1.06e+00 2.80e-02 1.05e+00 2.89e-02 6.68e-04 1.57e-03 7.60e-04 3.13e-04 1.59e-04 2.09e-05
1.01e+00 9.77e-01 4.32e-02 9.80e-01 4.33e-02 6.56e-04 7.17e-03 7.60e-04 3.44e-04 1.63e-04 2.26e-05
1.02e+00 1.02e+00 2.37e-02 1.02e+00 2.40e-02 8.59e-04 2.44e-03 7.23e-04 2.77e-04 1.69e-04 1.73e-05
1.03e+00 9.56e-01 6.30e-03 9.60e-01 7.50e-03 1.07e-20 1.46e-03 7.30e-04 6.20e-04 6.20e-04 2.93e-05
1.03e+00 1.06e+00 3.13e-02 1.05e+00 3.35e-02 5.07e-04 1.11e-03 7.47e-04 3.47e-04 1.84e-04 2.92e-05
1.06e+00 1.21e+00 7.56e-02 1.24e+00 8.30e-02 2.42e-06 4.22e-04 4.65e-04 2.33e-04 1.44e-04 1.22e-05
1.02e+00 1.04e+00 2.70e-02 1.03e+00 2.80e-02 7.82e-04 1.92e-03 7.15e-04 2.65e-04 1.41e-04 2.14e-05
1.03e+00 1.00e+00 2.18e-02 1.00e+00 2.18e-02 4.31e-04 4.92e-03 8.06e-04 4.03e-04 1.90e-04 5.76e-05
1.05e+00 1.18e+00 8.53e-03 1.18e+00 9.35e-03 1.07e-40 1.07e-40 6.81e-04 6.03e-04 2.05e-04 1.23e-04
1.02e+00 9.48e-01 2.63e-02 9.50e-01 2.64e-02 1.49e-05 5.50e-03 7.67e-04 3.63e-04 2.14e-04 2.79e-05
1.05e+00 1.16e+00 3.06e-02 1.16e+00 3.08e-02 1.42e-06 2.12e-06 5.90e-04 2.86e-04 1.38e-04 1.77e-05
1.03e+00 1.14e+00 1.46e-02 1.14e+00 1.54e-02 1.63e-12 1.64e-12 7.03e-04 4.29e-04 1.83e-04 4.03e-05
1.01e+00 1.01e+00 1.31e-02 1.01e+00 1.31e-02 8.31e-04 1.72e-03 7.32e-04 2.98e-04 2.80e-04 4.82e-05
1.03e+00 1.05e+00 4.23e-02 1.03e+00 4.53e-02 8.46e-04 3.65e-03 6.51e-04 2.70e-04 1.63e-04 2.57e-05
1.01e+00 1.02e+00 4.69e-03 1.02e+00 5.39e-03 3.44e-04 3.56e-04 8.62e-04 8.62e-04 3.29e-04 3.29e-04
1.06e+00 1.14e+00 2.41e-02 1.15e+00 2.52e-02 5.06e-18 5.11e-05 6.97e-04 5.22e-04 2.00e-04 9.46e-05
1.05e+00 1.05e+00 1.10e-02 1.05e+00 1.18e-02 7.28e-04 1.10e-03 8.31e-04 4.13e-04 2.80e-04 5.85e-05
1.03e+00 8.83e-01 5.43e-02 8.40e-01 6.95e-02 2.84e-05 1.10e-02 7.34e-04 3.18e-04 1.94e-04 1.85e-05
1.01e+00 8.40e-01 3.85e-02 8.40e-01 3.85e-02 4.47e-09 1.49e-03 7.40e-04 5.20e-04 5.20e-04 2.97e-05
1.04e+00 1.01e+00 2.82e-02 1.01e+00 2.83e-02 3.17e-04 4.63e-03 6.03e-04 3.12e-04 1.53e-04 2.54e-05
1.02e+00 8.59e-01 4.62e-02 8.50e-01 4.70e-02 1.56e-59 7.39e-04 7.39e-04 7.39e-04 7.39e-04 7.39e-04
1.01e+00 1.05e+00 5.81e-03 1.05e+00 7.53e-03 1.22e-14 1.22e-14 8.31e-04 7.39e-04 7.39e-04 4.18e-05
1.05e+00 1.81e+00 2.08e-01 1.72e+00 2.26e-01 1.80e-07 1.42e-04 3.84e-04 1.10e-04 5.76e-05 8.22e-06
1.02e+00 1.00e+00 1.11e-02 1.00e+00 1.13e-02 2.66e-04 2.55e-03 8.81e-04 5.05e-04 2.83e-04 3.54e-05
1.01e+00 1.42e+00 4.28e-01 9.20e-01 6.62e-01 1.04e-04 1.03e-02 4.32e-04 1.59e-04 8.86e-05 1.11e-05
1.01e+00 1.11e+00 8.07e-03 1.12e+00 1.15e-02 3.94e-82 1.42e-20 7.03e-04 4.14e-04 4.14e-04 4.14e-04
1.05e+00 1.15e+00 3.50e-02 1.16e+00 3.65e-02 1.30e-05 4.92e-05 6.10e-04 2.52e-04 1.67e-04 1.77e-05
1.04e+00 9.70e-01 2.11e-02 9.70e-01 2.11e-02 5.46e-06 2.54e-03 6.44e-04 3.55e-04 2.01e-04 1.46e-05
1.05e+00 9.73e-01 6.21e-03 9.70e-01 6.80e-03 9.04e-25 1.24e-03 7.29e-04 3.99e-04 3.99e-04 9.52e-05
1.02e+00 9.71e-01 1.50e-02 9.70e-01 1.50e-02 2.33e-06 2.49e-03 5.57e-04 2.78e-04 2.53e-04 5.13e-05
1.05e+00 1.15e+00 1.50e-01 9.90e-01 2.18e-01 3.40e-04 5.82e-03 4.60e-04 1.82e-04 1.09e-04 1.60e-05
1.02e+00 1.14e+00 3.11e-02 1.15e+00 3.31e-02 2.06e-06 3.27e-06 6.27e-04 2.85e-04 1.48e-04 1.80e-05
1.04e+00 1.22e+00 4.84e-03 1.22e+00 6.03e-03 1.83e-103 1.83e-103 6.81e-04 3.80e-04 3.80e-04 3.80e-04
1.03e+00 9.18e-01 1.18e-01 8.20e-01 1.54e-01 1.60e-04 6.10e-03 6.18e-04 1.30e-04 7.09e-05 1.57e-05
1.00e+00 1.06e+00 1.13e-01 1.15e+00 1.43e-01 4.38e-12 1.64e-03 6.88e-04 2.88e-04 2.16e-04 3.60e-05
1.04e+00 1.07e+00 1.80e-02 1.07e+00 1.84e-02 1.95e-04 2.47e-04 6.99e-04 3.90e-04 2.72e-04 4.47e-05
1.06e+00 1.10e+00 2.71e-02 1.10e+00 2.73e-02 4.13e-04 7.53e-04 6.82e-04 4.09e-04 2.22e-04 2.34e-05
1.06e+00 9.90e-01 7.59e-03 9.90e-01 7.60e-03 6.31e-23 1.49e-03 7.26e-04 3.94e-04 3.43e-04 1.82e-05
1.03e+00 1.06e+00 3.73e-02 1.04e+00 4.05e-02 7.99e-04 2.54e-03 6.68e-04 3.04e-04 2.07e-04 2.54e-05
1.05e+00 1.16e+00 8.33e-03 1.16e+00 8.59e-03 1.94e-13 7.48e-10 6.95e-04 3.77e-04 2.48e-04 8.03e-05
1.04e+00 1.02e+00 7.67e-02 9.70e-01 9.10e-02 4.19e-04 6.93e-03 5.07e-04 2.37e-04 1.46e-04 1.50e-05
1.01e+00 1.01e+00 1.22e-02 1.01e+00 1.22e-02 8.61e-04 1.88e-03 6.44e-04 6.35e-04 2.72e-04 7.01e-05
1.06e+00 1.19e+00 1.29e-02 1.19e+00 1.33e-02 6.44e-10 5.42e-09 6.16e-04 3.74e-04 2.73e-04 2.42e-05
1.03e+00 1.65e+00 3.29e-01 1.39e+00 4.19e-01 7.68e-07 1.55e-03 3.68e-04 1.64e-04 8.92e-05 1.11e-05
1.02e+00 1.02e+00 7.97e-02 9.80e-01 9.15e-02 5.12e-04 6.38e-03 5.22e-04 2.26e-04 1.30e-04 1.85e-05
1.05e+00 1.05e+00 6.64e-02 1.07e+00 6.94e-02 5.86e-04 1.45e-03 6.59e-04 3.25e-04 1.26e-04 2.03e-05
1.03e+00 9.80e-01 4.46e-02 9.90e-01 4.58e-02 1.86e-04 4.58e-03 5.91e-04 3.10e-04 1.90e-04 1.82e-05
1.02e+00 1.14e+00 7.76e-03 1.14e+00 8.80e-03 1.46e-45 1.46e-45 7.29e-04 5.75e-04 1.50e-04 1.06e-04
1.05e+00 1.14e+00 6.33e-02 1.15e+00 6.37e-02 5.55e-05 2.38e-04 1.61e-04 6.83e-05 4.27e-05 4.27e-06
1.04e+00 9.81e-01 5.39e-02 9.80e-01 5.39e-02 5.62e-04 9.89e-03 7.15e-04 2.85e-04 1.72e-04 2.26e-05
1.05e+00 1.33e+00 1.39e-01 1.35e+00 1.41e-01 3.58e-05 6.59e-04 3.77e-04 1.35e-04 5.79e-05 7.24e-06
1.01e+00 1.43e+00 3.81e-03 1.43e+00 4.09e-03 2.35e-186 1.22e-181 6.27e-04 6.27e-04 6.27e-04 1.20e-04
1.02e+00 9.43e-01 1.22e-02 9.40e-01 1.26e-02 7.06e-08 2.24e-03 6.03e-04 4.31e-04 2.83e-04 2.58e-05
1.06e+00 1.12e+00 7.17e-03 1.13e+00 8.92e-03 4.15e-17 4.15e-17 7.41e-04 7.41e-04 7.41e-04 8.93e-05
1.02e+00 1.02e+00 1.09e-01 1.04e+00 1.11e-01 4.08e-04 4.95e-03 3.18e-04 1.39e-04 8.31e-05 1.28e-05
1.04e+00 9.85e-01 1.25e-02 9.80e-01 1.36e-02 1.57e-08 2.35e-03 6.62e-04 3.65e-04 3.65e-04 2.19e-05
1.01e+00 9.88e-01 3.48e-02 9.80e-01 3.57e-02 6.99e-04 6.24e-03 7.41e-04 3.06e-04 1.80e-04 2.25e-05
1.02e+00 8.52e-01 1.09e-01 8.20e-01 1.13e-01 1.12e-04 6.56e-03 6.33e-04 2.25e-04 1.01e-04 1.12e-05
1.02e+00 1.21e+00 4.32e-02 1.21e+00 4.35e-02 8.41e-06 1.51e-05 5.16e-04 2.65e-04 1.69e-04 1.03e-05
1.04e+00 1.03e+00 8.57e-02 1.03e+00 8.59e-02 8.42e-04 9.91e-03 6.59e-04 2.45e-04 1.51e-04 2.15e-05
1.03e+00 1.29e+00 1.10e-02 1.28e+00 1.22e-02 1.84e-142 1.84e-142 6.67e-04 2.88e-04 2.45e-04 2.68e-05
1.05e+00 9.76e-01 1.37e-02 9.80e-01 1.41e-02 6.62e-10 2.55e-03 7.20e-04 3.51e-04 1.61e-04 5.12e-05
1.02e+00 9.70e-01 4.55e-02 9.60e-01 4.65e-02 1.24e-04 4.73e-03 6.00e-04 2.13e-04 1.12e-04 1.49e-05
1.02e+00 1.28e+00 1.25e-02 1.28e+00 1.27e-02 3.68e-128 3.68e-128 6.67e-04 3.35e-04 1.37e-04 2.68e-05
1.03e+00 1.37e+00 4.02e-01 1.03e+00 5.26e-01 7.10e-04 4.69e-03 4.30e-04 9.04e-05 5.06e-05 7.23e-06
1.02e+00 9.85e-01 7.51e-02 9.60e-01 7.91e-02 9.57e-06 3.50e-03 6.02e-04 2.75e-04 1.58e-04 1.47e-05
1.02e+00 7.58e-01 8.70e-02 7.50e-01 8.74e-02 7.47e-06 1.32e-02 6.42e-04 3.01e-04 1.76e-04 1.60e-05
1.03e+00 1.02e+00 6.39e-02 1.05e+00 7.07e-02 6.26e-04 6.65e-03 6.04e-04 3.11e-04 1.59e-04 2.53e-05
1.05e+00 1.04e+00 3.69e-02 1.04e+00 3.71e-02 7.97e-04 4.59e-03 6.43e-04 2.54e-04 1.73e-04 2.11e-05
1.02e+00 9.45e-01 7.20e-03 9.50e-01 8.56e-03 1.90e-18 1.65e-03 7.31e-04 7.05e-04 7.05e-04 9.55e-05
1.03e+00 9.57e-01 1.05e-02 9.60e-01 1.10e-02 3.53e-08 2.07e-03 7.30e-04 3.41e-04 2.20e-04 2.93e-05
1.05e+00 1.19e+00 6.70e-03 1.19e+00 7.89e-03 1.57e-75 1.57e-75 6.69e-04 5.45e-04 5.45e-04 5.04e-05
1.04e+00 1.16e+00 4.98e-03 1.16e+00 5.19e-03 7.08e-26 9.07e-19 6.95e-04 6.95e-04 1.85e-04 5.59e-05
1.06e+00 1.14e+00 2.12e-02 1.14e+00 2.12e-02 8.53e-06 1.14e-05 6.74e-04 3.41e-04 1.80e-04 2.56e-05
1.04e+00 9.52e-01 6.60e-02 9.30e-01 6.96e-02 2.00e-04 7.71e-03 5.97e-04 1.88e-04 1.28e-04 1.13e-05
1.03e+00 9.94e-01 1.22e-01 9.10e-01 1.48e-01 1.83e-04 8.82e-03 4.95e-04 1.79e-04 1.01e-04 1.95e-05
1.05e+00 1.10e+00 1.56e-02 1.10e+00 1.64e-02 7.81e-06 8.20e-06 7.33e-04 2.49e-04 2.34e-04 6.24e-05
1.04e+00 1.04e+00 1.32e-02 1.04e+00 1.35e-02 8.03e-04 1.65e-03 7.61e-04 3.34e-04 3.34e-04 4.65e-05
1.03e+00 9.47e-01 1.15e-02 9.50e-01 1.18e-02 2.34e-07 2.22e-03 6.91e-04 4.19e-04 2.35e-04 2.57e-05
1.03e+00 9.45e-01 8.59e-02 9.40e-01 8.61e-02 3.46e-04 1.18e-02 5.90e-04 2.15e-04 1.44e-04 1.59e-05
1.04e+00 1.24e+00 5.02e-02 1.21e+00 5.71e-02 1.23e-06 1.37e-06 5.57e-04 2.41e-04 1.27e-04 1.37e-05
1.03e+00 1.21e+00 6.25e-03 1.21e+00 7.66e-03 5.94e-216 2.93e-215 6.45e-04 5.77e-04 5.77e-04 3.57e-05
1.03e+00 1.04e+00 4.95e-03 1.04e+00 5.18e-03 4.46e-04 4.77e-04 8.41e-04 8.41e-04 2.33e-04 6.34e-05
1.03e+00 1.03e+00 1.38e-02 1.03e+00 1.38e-02 6.39e-04 1.22e-03 5.46e-04 2.60e-04 2.35e-04 5.06e-05
1.04e+00 1.43e+00 7.52e-03 1.43e+00 7.60e-03 0.00e+00 0.00e+00 6.27e-04 6.27e-04 6.27e-04 6.27e-04
1.01e+00 9.58e-01 1.01e-02 9.60e-01 1.03e-02 2.09e-09 1.92e-03 7.30e-04 3.81e-04 3.81e-04 8.07e-05
1.02e+00 1.00e+00 3.24e-02 1.00e+00 3.24e-02 8.23e-04 5.26e-03 7.40e-04 4.14e-04 2.51e-04 2.64e-05
1.05e+00 1.06e+00 5.81e-02 1.05e+00 5.87e-02 1.58e-04 1.05e-03 1.14e-04 5.20e-05 3.20e-05 3.20e-06
1.03e+00 1.07e+00 8.56e-02 1.11e+00 9.56e-02 4.24e-04 4.39e-03 5.64e-04 2.70e-04 2.13e-04 2.13e-05
1.03e+00 1.22e+00 6.69e-04 1.22e+00 6.70e-04 4.23e-94 4.23e-94 6.81e-04 6.81e-04 6.81e-04 6.81e-04
1.04e+00 9.95e-01 2.50e-02 9.90e-01 2.54e-02 1.67e-04 5.90e-03 7.57e-04 3.94e-04 2.06e-04 3.13e-05
1.01e+00 9.30e-01 5.51e-03 9.30e-01 5.51e-03 4.14e-20 1.01e-03 7.33e-04 7.33e-04 1.47e-04 1.22e-04
1.05e+00 9.92e-01 1.25e-02 9.90e-01 1.26e-02 1.39e-07 2.90e-03 6.89e-04 6.76e-04 3.18e-04 8.51e-05
1.04e+00 1.11e+00 1.42e-01 9.80e-01 1.90e-01 1.39e-11 1.36e-03 7.27e-04 2.78e-04 2.16e-04 3.65e-05
1.02e+00 9.13e-01 3.00e-02 9.20e-01 3.08e-02 2.73e-07 6.91e-03 7.72e-04 3.00e-04 2.00e-04 3.81e-05
1.05e+00 1.01e+00 6.89e-03 1.01e+00 6.92e-03 6.16e-10 1.28e-03 7.23e-04 3.09e-04 2.40e-04 2.40e-04
1.05e+00 1.28e+00 2.78e-02 1.28e+00 2.79e-02 1.55e-20 4.24e-20 5.13e-04 2.55e-04 1.61e-04 3.02e-05
1.05e+00 1.11e+00 6.34e-02 1.16e+00 7.93e-02 6.08e-10 8.12e-04 6.95e-04 2.90e-04 2.79e-04 3.14e-05
1.05e+00 1.12e+00 8.18e-02 1.04e+00 1.16e-01 5.69e-04 3.39e-03 5.91e-04 2.33e-04 1.25e-04 2.51e-05
1.02e+00 1.04e+00 3.95e-03 1.04e+00 4.39e-03 7.72e-05 7.72e-05 8.41e-04 8.41e-04 8.41e-04 2.03e-04
1.04e+00 9.66e-01 2.66e-02 9.60e-01 2.72e-02 2.29e-05 4.61e-03 6.42e-04 2.79e-04 1.58e-04 2.93e-05
1.03e+00 9.99e-01 2.40e-02 1.00e+00 2.41e-02 3.77e-05 2.81e-03 6.88e-04 4.33e-04 1.78e-04 4.37e-05
1.01e+00 9.65e-01 2.44e-02 9.60e-01 2.50e-02 3.74e-06 2.56e-03 5.83e-04 2.71e-04 2.49e-04 1.47e-05
1.03e+00 8.68e-01 4.74e-03 8.70e-01 5.22e-03 2.06e-303 3.25e-04 2.37e-04 2.37e-04 8.08e-05 9.51e-06
1.05e+00 1.06e+00 2.36e-02 1.06e+00 2.40e-02 7.46e-04 1.69e-03 7.21e-04 2.89e-04 2.35e-04 3.30e-05
1.01e+00 9.99e-01 1.59e-02 1.00e+00 1.59e-02 8.04e-04 2.79e-03 7.62e-04 4.43e-04 1.82e-04 3.99e-05
1.06e+00 1.16e+00 9.19e-03 1.16e+00 9.20e-03 1.06e-25 1.06e-25 7.05e-04 3.65e-04 3.65e-04 6.38e-05
1.02e+00 9.61e-01 2.46e-02 9.60e-01 2.46e-02 3.96e-05 5.16e-03 7.84e-04 3.09e-04 2.17e-04 3.23e-05
1.03e+00 1.06e+00 4.28e-02 1.04e+00 4.79e-02 7.50e-04 2.01e-03 6.55e-04 2.24e-04 1.61e-04 2.11e-05
1.03e+00 9.97e-01 2.64e-02 9.90e-01 2.72e-02 3.99e-04 6.04e-03 8.13e-04 4.06e-04 2.72e-04 3.13e-05
1.03e+00 1.23e+00 5.07e-03 1.23e+00 6.30e-03 3.43e-209 9.16e-171 6.21e-04 3.96e-04 3.96e-04 3.96e-04
1.03e+00 9.48e-01 5.99e-03 9.50e-01 6.30e-03 2.33e-20 1.17e-03 7.31e-04 3.27e-04 3.27e-04 1.10e-04
1.06e+00 1.03e+00 1.74e-02 1.03e+00 1.75e-02 4.01e-05 2.04e-03 7.20e-04 4.12e-04 2.17e-04 2.17e-05
1.05e+00 1.09e+00 7.59e-03 1.09e+00 7.61e-03 4.17e-11 4.17e-11 7.87e-04 3.80e-04 2.93e-04 2.77e-05
1.03e+00 1.03e+00 1.52e-02 1.03e+00 1.58e-02 7.99e-04 2.40e-03 7.66e-04 4.37e-04 2.05e-04 5.56e-05
1.05e+00 1.09e+00 3.90e-02 1.09e+00 3.90e-02 3.11e-04 8.58e-04 4.25e-04 1.90e-04 1.28e-04 1.42e-05
1.02e+00 1.02e+00 1.13e-02 1.03e+00 1.26e-02 7.52e-04 1.20e-03 8.52e-04 3.42e-04 3.42e-04 5.14e-05
1.05e+00 9.81e-01 3.48e-02 9.70e-01 3.65e-02 4.56e-05 4.14e-03 5.93e-04 2.16e-04 1.06e-04 1.83e-05
1.05e+00 1.12e+00 5.42e-02 1.14e+00 5.82e-02 1.38e-05 8.43e-04 5.97e-04 2.39e-04 1.30e-04 1.76e-05
1.03e+00 9.53e-01 1.40e-02 9.50e-01 1.44e-02 1.91e-08 2.51e-03 6.39e-04 3.42e-04 1.87e-04 2.94e-05
1.04e+00 1.04e+00 1.85e-02 1.03e+00 1.92e-02 8.00e-04 2.16e-03 7.62e-04 4.37e-04 1.97e-04 2.14e-05
1.05e+00 1.01e+00 6.96e-03 1.01e+00 7.15e-03 1.00e-10 1.26e-03 7.23e-04 3.38e-04 3.38e-04 2.91e-05
1.01e+00 9.40e-01 1.80e-03 9.40e-01 1.82e-03 1.54e-121 2.53e-04 2.45e-04 2.45e-04 2.45e-04 2.45e-04
1.04e+00 1.01e+00 7.31e-03 1.01e+00 7.62e-03 1.62e-06 1.33e-03 7.23e-04 3.89e-04 1.71e-04 4.36e-05
1.02e+00 9.89e-01 1.26e-02 9.90e-01 1.27e-02 4.49e-05 2.97e-03 8.15e-04 3.40e-04 3.40e-04 5.82e-05
1.03e+00 8.45e-01 2.46e-02 8.40e-01 2.51e-02 6.47e-08 4.12e-03 8.53e-04 2.39e-04 1.73e-04 2.34e-05
1.03e+00 1.24e+00 5.58e-03 1.24e+00 5.76e-03 2.64e-240 2.64e-240 6.77e-04 6.77e-04 6.77e-04 4.08e-05
1.01e+00 9.36e-01 9.11e-02 9.40e-01 9.12e-02 1.34e-04 7.94e-03 6.03e-04 2.35e-04 1.32e-04 1.47e-05
1.03e+00 1.20e+00 1.61e-02 1.20e+00 1.65e-02 1.29e-21 1.29e-21 6.47e-04 4.03e-04 1.62e-04 2.31e-05
1.05e+00 1.10e+00 5.17e-02 1.10e+00 5.17e-02 1.15e-04 3.94e-04 1.31e-04 6.21e-05 3.22e-05 4.72e-06
1.05e+00 9.59e-01 5.57e-03 9.60e-01 5.60e-03 2.94e-23 1.05e-03 7.30e-04 7.30e-04 1.87e-04 1.32e-04
1.04e+00 9.89e-01 2.65e-02 9.80e-01 2.78e-02 1.38e-04 6.05e-03 7.71e-04 3.23e-04 2.87e-04 2.69e-05
1.02e+00 1.11e+00 7.85e-03 1.11e+00 7.99e-03 3.82e-38 3.82e-38 7.64e-04 4.45e-04 2.61e-04 4.61e-05
1.03e+00 1.02e+00 3.23e-02 1.03e+00 3.35e-02 8.42e-04 4.50e-03 7.23e-04 3.77e-04 1.58e-04 3.85e-05
1.04e+00 1.07e+00 2.66e-02 1.07e+00 2.67e-02 4.35e-04 8.31e-04 6.83e-04 3.17e-04 2.60e-04 4.07e-05
1.05e+00 1.17e+00 1.39e-02 1.17e+00 1.40e-02 2.93e-11 1.21e-09 5.19e-04 2.47e-04 1.85e-04 2.79e-05
1.03e+00 1.04e+00 8.34e-02 1.00e+00 9.17e-02 6.51e-04 6.03e-03 5.83e-04 2.35e-04 1.44e-04 1.51e-05
1.03e+00 9.17e-01 1.58e-02 9.10e-01 1.72e-02 4.72e-08 2.92e-03 6.47e-04 4.29e-04 2.77e-04 5.17e-05
1.02e+00 1.22e+00 5.82e-03 1.22e+00 5.87e-03 8.14e-103 8.14e-103 6.81e-04 6.81e-04 1.99e-04 1.03e-04
1.03e+00 1.05e+00 4.83e-03 1.05e+00 5.49e-03 1.29e-09 1.29e-09 8.31e-04 8.31e-04 3.26e-04 3.26e-04
1.04e+00 8.89e-01 1.48e-02 8.90e-01 1.48e-02 4.35e-12 2.76e-03 6.96e-04 2.81e-04 2.33e-04 4.81e-05
1.04e+00 1.03e+00 3.49e-02 1.02e+00 3.57e-02 5.09e-04 3.79e-03 6.13e-04 2.61e-04 1.45e-04 1.45e-05
1.02e+00 9.53e-01 4.68e-02 9.60e-01 4.73e-02 2.66e-04 9.53e-03 6.87e-04 3.04e-04 2.03e-04 3.23e-05
1.03e+00 9.70e-01 2.63e-02 9.70e-01 2.63e-02 4.48e-05 4.48e-03 6.33e-04 3.30e-04 1.94e-04 2.20e-05
1.03e+00 9.50e-01 1.38e-02 9.50e-01 1.38e-02 1.58e-07 2.35e-03 5.14e-04 2.61e-04 2.06e-04 5.14e-05
1.05e+00 1.18e+00 7.85e-03 1.18e+00 8.54e-03 1.24e-47 1.24e-47 6.81e-04 5.38e-04 1.78e-04 7.87e-05
1.02e+00 9.93e-01 4.21e-02 9.80e-01 4.41e-02 3.20e-04 4.75e-03 6.04e-04 2.34e-04 1.28e-04 1.46e-05
1.02e+00 9.53e-01 1.38e-02 9.50e-01 1.42e-02 5.89e-08 2.47e-03 6.36e-04 3.20e-04 1.80e-04 2.57e-05
1.02e+00 1.12e+00 7.98e-02 1.15e+00 8.54e-02 6.83e-05 6.74e-04 5.95e-04 2.48e-04 1.13e-04 1.42e-05
1.03e+00 1.23e+00 3.78e-03 1.23e+00 4.12e-03 2.19e-253 2.19e-253 6.79e-04 6.79e-04 6.79e-04 1.40e-04
1.03e+00 1.01e+00 1.95e-02 1.01e+00 1.97e-02 3.94e-04 3.13e-03 5.89e-04 2.54e-04 1.82e-04 4.72e-05
1.03e+00 1.07e+00 1.27e-01 9.70e-01 1.61e-01 1.33e-05 3.86e-03 5.90e-04 1.76e-04 1.06e-04 1.10e-05
1.04e+00 1.05e+00 3.81e-02 1.04e+00 3.87e-02 8.28e-04 4.11e-03 7.02e-04 3.04e-04 1.69e-04 2.54e-05
1.02e+00 9.14e-01 5.60e-03 9.10e-01 6.77e-03 6.79e-24 1.21e-03 7.35e-04 4.32e-04 4.32e-04 2.59e-05
1.05e+00 1.09e+00 1.15e-01 1.14e+00 1.27e-01 1.49e-08 6.73e-04 6.68e-04 3.90e-04 3.20e-04 4.57e-05
1.04e+00 1.10e+00 3.03e-02 1.11e+00 3.08e-02 6.29e-05 8.72e-05 5.80e-04 3.30e-04 1.88e-04 2.69e-05
1.05e+00 1.44e+00 6.07e-04 1.44e+00 6.08e-04 1.33e-142 8.50e-135 6.25e-04 6.25e-04 6.25e-04 6.25e-04
1.05e+00 1.01e+00 6.91e-03 1.01e+00 6.99e-03 3.32e-09 1.31e-03 7.23e-04 3.45e-04 2.22e-04 2.22e-04
1.05e+00 1.14e+00 5.46e-02 1.14e+00 5.46e-02 8.84e-06 2.45e-05 2.59e-05 1.23e-05 6.99e-06 9.32e-07
1.05e+00 1.07e+00 8.41e-02 1.02e+00 9.73e-02 4.18e-04 6.07e-03 5.41e-04 2.94e-04 1.95e-04 2.21e-05
1.03e+00 9.42e-01 5.52e-02 9.60e-01 5.81e-02 1.52e-04 8.77e-03 6.78e-04 2.26e-04 1.20e-04 2.30e-05
1.02e+00 9.46e-01 4.79e-03 9.50e-01 5.94e-03 3.49e-107 3.78e-04 2.45e-04 1.33e-04 1.33e-04 1.33e-04
1.01e+00 1.01e+00 1.94e-02 1.01e+00 1.95e-02 8.51e-04 2.37e-03 7.80e-04 4.60e-04 1.97e-04 3.07e-05
1.02e+00 1.05e+00 1.33e-01 9.80e-01 1.50e-01 5.33e-05 3.60e-03 5.63e-04 1.68e-04 1.10e-04 1.10e-05
1.04e+00 1.25e+00 9.47e-03 1.25e+00 9.66e-03 3.80e-34 3.80e-34 5.97e-04 2.55e-04 2.55e-04 5.10e-05
1.04e+00 1.00e+00 1.11e-01 9.60e-01 1.19e-01 2.11e-04 7.91e-03 5.05e-04 1.22e-04 8.00e-05 1.39e-05
1.04e+00 1.04e+00 9.89e-02 1.09e+00 1.11e-01 3.35e-04 3.90e-03 6.09e-04 2.24e-04 1.32e-04 2.81e-05
1.02e+00 1.11e+00 4.79e-02 1.11e+00 4.80e-02 1.29e-04 3.11e-04 6.26e-04 2.73e-04 1.92e-04 1.92e-05
1.03e+00 9.65e-01 1.31e-02 9.60e-01 1.41e-02 5.21e-08 2.58e-03 7.30e-04 4.11e-04 4.11e-04 2.57e-05
1.04e+00 1.00e+00 2.10e-02 1.00e+00 2.12e-02 1.24e-04 3.74e-03 5.90e-04 3.13e-04 2.26e-04 2.55e-05
1.01e+00 1.13e+00 1.14e-02 1.13e+00 1.21e-02 5.18e-24 5.18e-24 7.41e-04 3.80e-04 2.94e-04 6.70e-05
1.03e+00 1.58e+00 2.19e-01 1.67e+00 2.36e-01 3.43e-06 9.16e-05 1.47e-04 5.58e-05 2.84e-05 2.94e-06
1.03e+00 9.65e-01 1.27e-02 9.60e-01 1.35e-02 6.43e-08 2.52e-03 7.23e-04 3.78e-04 3.78e-04 1.83e-05
1.03e+00 1.04e+00 6.98e-03 1.04e+00 7.34e-03 4.94e-04 5.58e-04 8.41e-04 4.74e-04 4.74e-04 3.81e-05
1.03e+00 1.06e+00 1.98e-01 8.50e-01 2.87e-01 7.09e-04 1.17e-02 5.83e-04 3.32e-04 1.31e-04 1.16e-05
1.05e+00 1.21e+00 1.51e-02 1.21e+00 1.51e-02 1.39e-09 2.38e-09 6.08e-04 2.85e-04 2.41e-04 3.78e-05
1.03e+00 1.02e+00 2.51e-02 1.03e+00 2.58e-02 8.29e-04 3.08e-03 7.49e-04 2.95e-04 1.97e-04 1.71e-05
1.01e+00 1.43e+00 4.25e-03 1.43e+00 4.65e-03 8.69e-143 9.46e-137 6.27e-04 6.27e-04 1.64e-04 1.64e-04
1.04e+00 9.58e-01 6.68e-03 9.60e-01 7.13e-03 6.44e-18 1.33e-03 7.30e-04 4.40e-04 4.40e-04 1.43e-04
1.02e+00 1.17e+00 3.99e-02 1.18e+00 4.24e-02 6.03e-07 2.50e-06 5.28e-04 2.12e-04 1.25e-04 2.43e-05
1.02e+00 1.07e+00 3.12e-02 1.07e+00 3.13e-02 1.72e-04 3.05e-04 7.20e-04 3.54e-04 1.83e-04 2.44e-05
1.05e+00 1.13e+00 8.29e-03 1.13e+00 8.61e-03 9.10e-15 9.10e-15 7.41e-04 4.69e-04 2.57e-04 8.19e-05
1.03e+00 9.61e-01 1.78e-02 9.60e-01 1.78e-02 7.63e-07 3.14e-03 6.05e-04 3.56e-04 1.98e-04 2.20e-05
1.03e+00 1.37e+00 8.62e-03 1.37e+00 8.62e-03 1.06e-192 2.88e-180 6.44e-04 3.01e-04 3.01e-04 4.53e-05
1.01e+00 1.07e+00 4.67e-02 1.08e+00 4.90e-02 5.63e-04 1.67e-03 6.78e-04 3.61e-04 1.97e-04 2.81e-05
1.02e+00 1.20e+00 5.12e-03 1.20e+00 5.60e-03 3.11e-46 3.11e-46 6.86e-04 6.86e-04 2.55e-04 4.14e-05
1.03e+00 9.25e-01 1.36e-01 8.30e-01 1.66e-01 6.59e-05 2.03e-03 7.40e-04 9.67e-05 3.72e-05 7.44e-06
1.05e+00 9.98e-01 2.83e-02 9.90e-01 2.94e-02 6.11e-06 2.80e-03 6.57e-04 3.83e-04 2.48e-04 1.82e-05
1.02e+00 1.39e+00 1.43e-02 1.39e+00 1.49e-02 1.37e-215 1.22e-195 6.38e-04 2.98e-04 2.98e-04 2.57e-05
1.01e+00 9.63e-01 1.42e-02 9.60e-01 1.46e-02 1.83e-06 2.55e-03 6.49e-04 3.34e-04 1.61e-04 3.67e-05
1.03e+00 1.26e+00 9.49e-03 1.26e+00 1.03e-02 8.24e-41 8.24e-41 5.85e-04 2.03e-04 2.03e-04 2.06e-05
1.04e+00 1.10e+00 3.64e-02 1.09e+00 3.68e-02 2.64e-04 5.18e-04 6.59e-04 3.16e-04 2.05e-04 2.37e-05
1.05e+00 1.44e+00 8.81e-04 1.44e+00 8.84e-04 5.81e-152 9.66e-145 6.25e-04 6.25e-04 6.25e-04 6.25e-04
1.01e+00 9.36e-01 6.78e-03 9.40e-01 7.78e-03 7.45e-19 1.47e-03 7.32e-04 5.89e-04 5.89e-04 4.05e-05
1.02e+00 1.02e+00 1.21e-01 9.90e-01 1.25e-01 6.18e-04 6.00e-03 6.27e-04 2.23e-04 1.28e-04 1.09e-05
1.03e+00 1.06e+00 1.46e-01 8.50e-01 2.52e-01 2.89e-04 4.14e-03 4.95e-04 2.01e-04 1.04e-04 1.12e-05
1.01e+00 1.83e+00 8.99e-02 1.85e+00 9.14e-02 3.35e-18 1.15e-13 3.55e-04 1.17e-04 8.42e-05 1.53e-05
1.04e+00 1.07e+00 6.71e-03 1.07e+00 6.72e-03 2.04e-06 2.04e-06 8.09e-04 2.97e-04 2.36e-04 2.36e-04
1.05e+00 1.07e+00 3.20e-02 1.06e+00 3.46e-02 1.92e-04 5.14e-04 1.93e-04 9.17e-05 4.80e-05 5.46e-06
1.01e+00 9.71e-01 4.45e-02 9.60e-01 4.59e-02 1.66e-04 4.50e-03 6.39e-04 2.75e-04 1.54e-04 1.10e-05
1.03e+00 9.85e-01 2.92e-02 9.80e-01 2.97e-02 8.78e-05 4.14e-03 6.58e-04 2.92e-04 1.83e-04 1.46e-05
1.02e+00 1.15e+00 1.39e-02 1.16e+00 1.52e-02 2.42e-14 2.42e-14 6.73e-04 4.18e-04 1.70e-04 4.61e-05
1.03e+00 1.26e+00 3.08e-03 1.26e+00 3.14e-03 3.22e-195 3.22e-195 6.72e-04 6.72e-04 6.72e-04 4.05e-05
1.03e+00 9.42e-01 1.40e-02 9.40e-01 1.41e-02 1.87e-08 2.65e-03 7.10e-04 3.35e-04 1.62e-04 2.21e-05
1.05e+00 1.17e+00 1.41e-02 1.17e+00 1.41e-02 1.39e-10 4.28e-09 5.81e-04 2.51e-04 2.12e-04 2.09e-05
1.01e+00 1.03e+00 5.24e-03 1.03e+00 6.81e-03 5.55e-06 5.55e-06 8.52e-04 6.72e-04 6.72e-04 6.72e-04
1.02e+00 1.22e+00 6.67e-03 1.22e+00 8.05e-03 7.58e-141 7.58e-141 6.81e-04 3.83e-04 3.83e-04 2.40e-05
1.01e+00 1.28e+00 1.38e-01 1.21e+00 1.55e-01 1.49e-06 3.37e-04 4.71e-04 2.06e-04 1.27e-04 6.87e-06
1.01e+00 9.29e-01 1.00e-02 9.30e-01 1.01e-02 2.74e-09 1.68e-03 7.33e-04 3.35e-04 3.35e-04 5.53e-05
1.01e+00 9.84e-01 1.03e-01 1.01e+00 1.06e-01 8.94e-04 1.32e-02 6.57e-04 2.99e-04 1.90e-04 2.26e-05
1.02e+00 9.28e-01 4.84e-02 9.40e-01 4.97e-02 9.25e-06 4.80e-03 6.38e-04 2.76e-04 1.03e-04 1.11e-05
1.02e+00 9.36e-01 1.40e-02 9.40e-01 1.46e-02 1.36e-10 2.47e-03 6.51e-04 4.71e-04 1.58e-04 2.58e-05
1.01e+00 9.41e-01 9.76e-02 9.70e-01 1.02e-01 7.97e-04 1.45e-02 7.32e-04 2.59e-04 1.44e-04 2.32e-05
1.04e+00 1.01e+00 4.44e-02 1.00e+00 4.48e-02 5.04e-04 7.56e-03 6.75e-04 2.59e-04 1.67e-04 2.63e-05
1.04e+00 9.83e-01 1.66e-02 9.80e-01 1.68e-02 2.29e-06 2.31e-03 5.77e-04 4.86e-04 2.56e-04 3.65e-05
1.02e+00 1.03e+00 1.37e-02 1.03e+00 1.40e-02 4.16e-04 5.86e-04 5.82e-04 3.15e-04 1.77e-04 3.26e-05
1.02e+00 9.44e-01 1.36e-02 9.40e-01 1.43e-02 1.28e-07 2.60e-03 7.14e-04 3.94e-04 3.94e-04 2.58e-05
1.01e+00 8.42e-01 8.63e-02 8.20e-01 8.91e-02 9.36e-05 1.46e-02 6.68e-04 2.55e-04 1.49e-04 1.92e-05
1.03e+00 9.74e-01 1.11e-02 9.70e-01 1.19e-02 2.82e-08 2.11e-03 7.29e-04 3.15e-04 2.60e-04 5.13e-05
1.03e+00 1.03e+00 5.27e-03 1.03e+00 5.88e-03 8.02e-04 8.49e-04 8.52e-04 3.81e-04 3.81e-04 5.14e-05
1.02e+00 9.41e-01 4.42e-02 9.50e-01 4.50e-02 1.66e-04 9.34e-03 6.74e-04 2.93e-04 1.77e-04 2.33e-05
1.03e+00 1.04e+00 4.36e-02 1.02e+00 4.65e-02 8.14e-04 4.97e-03 6.50e-04 2.90e-04 1.69e-04 2.60e-05
1.04e+00 1.43e+00 5.96e-03 1.43e+00 6.75e-03 4.89e-35 4.95e-26 6.27e-04 4.19e-04 4.19e-04 5.99e-05
1.02e+00 1.11e+00 6.05e-03 1.11e+00 7.08e-03 6.84e-58 6.84e-58 7.64e-04 5.30e-04 5.30e-04 6.91e-05
1.03e+00 1.07e+00 7.93e-03 1.07e+00 8.87e-03 3.21e-10 3.21e-10 8.09e-04 5.61e-04 1.71e-04 1.30e-04
1.05e+00 1.01e+00 4.98e-02 9.90e-01 5.53e-02 7.76e-05 4.05e-03 6.68e-04 2.52e-04 1.13e-04 1.46e-05
1.04e+00 1.11e+00 1.05e-02 1.11e+00 1.07e-02 3.90e-11 3.91e-11 7.64e-04 3.92e-04 1.77e-04 1.92e-05
1.02e+00 1.05e+00 1.10e-01 1.04e+00 1.11e-01 6.38e-04 6.87e-03 6.19e-04 2.58e-04 1.31e-04 1.54e-05
1.03e+00 9.64e-01 1.63e-02 9.60e-01 1.68e-02 2.09e-06 2.90e-03 6.46e-04 2.42e-04 2.09e-04 1.83e-05
1.03e+00 9.74e-01 6.14e-02 9.60e-01 6.29e-02 5.15e-04 1.47e-02 1.12e-03 4.08e-04 2.11e-04 2.19e-05
1.04e+00 9.17e-01 2.80e-02 9.30e-01 3.08e-02 2.64e-20 1.15e-03 2.13e-04 9.81e-05 4.05e-05 1.59e-05
1.03e+00 9.74e-01 3.11e-02 9.70e-01 3.13e-02 6.34e-06 3.14e-03 6.77e-04 3.04e-04 1.90e-04 1.46e-05
1.04e+00 1.22e+00 4.45e-02 1.24e+00 4.72e-02 2.82e-07 3.45e-06 4.54e-04 2.23e-04 1.20e-04 1.80e-05
1.03e+00 1.20e+00 5.72e-03 1.20e+00 7.17e-03 1.98e-183 1.98e-183 6.57e-04 5.28e-04 5.28e-04 3.30e-05
1.01e+00 1.11e+00 7.77e-03 1.11e+00 7.87e-03 3.92e-186 1.23e-61 6.91e-04 6.91e-04 4.61e-04 4.61e-04
1.05e+00 1.04e+00 2.98e-02 1.03e+00 3.08e-02 7.11e-04 4.18e-03 7.28e-04 2.74e-04 1.71e-04 2.57e-05
1.03e+00 1.03e+00 2.34e-02 1.03e+00 2.34e-02 8.52e-04 2.63e-03 7.02e-04 2.95e-04 1.80e-04 3.42e-05
1.03e+00 9.65e-01 7.55e-03 9.70e-01 8.97e-03 9.26e-18 1.70e-03 7.29e-04 7.14e-04 7.14e-04 1.24e-04
1.02e+00 9.99e-01 2.80e-02 1.00e+00 2.81e-02 6.80e-04 5.21e-03 7.13e-04 3.50e-04 1.90e-04 2.21e-05
1.02e+00 1.01e+00 1.36e-02 1.01e+00 1.36e-02 7.60e-04 2.68e-03 7.62e-04 3.42e-04 3.07e-04 6.13e-05
1.02e+00 1.04e+00 5.77e-02 1.03e+00 5.79e-02 8.28e-04 5.20e-03 6.51e-04 2.70e-04 1.67e-04 2.57e-05
1.02e+00 9.48e-01 1.84e-02 9.50e-01 1.84e-02 1.45e-07 3.11e-03 6.69e-04 2.90e-04 1.58e-04 4.04e-05
1.04e+00 9.67e-01 6.77e-03 9.70e-01 7.24e-03 9.80e-22 1.31e-03 7.29e-04 4.14e-04 4.14e-04 3.30e-05
1.02e+00 1.86e+00 8.08e-02 1.89e+00 8.52e-02 4.15e-44 1.61e-06 4.59e-04 2.00e-04 8.98e-05 9.98e-06
1.02e+00 1.23e+00 9.65e-02 1.19e+00 1.04e-01 1.02e-07 1.40e-07 5.50e-04 1.11e-04 6.23e-05 6.92e-06
1.04e+00 1.44e+00 4.44e-03 1.44e+00 5.20e-03 1.47e-264 6.97e-258 6.25e-04 6.25e-04 2.32e-04 2.32e-04
1.01e+00 1.04e+00 4.91e-03 1.04e+00 5.82e-03 2.25e-10 2.25e-10 8.41e-04 4.10e-04 4.10e-04 4.10e-04
1.04e+00 1.24e+00 1.16e-02 1.24e+00 1.25e-02 1.21e-25 2.42e-14 6.09e-04 2.91e-04 2.11e-04 3.98e-05
1.03e+00 1.19e+00 4.42e-03 1.19e+00 4.45e-03 8.44e-174 8.44e-174 6.69e-04 6.69e-04 6.69e-04 6.39e-05
1.04e+00 9.81e-01 3.41e-02 9.80e-01 3.41e-02 1.88e-04 7.24e-03 7.42e-04 3.84e-04 1.76e-04 1.81e-05
1.05e+00 9.86e-01 1.03e-02 9.80e-01 1.17e-02 1.68e-09 1.95e-03 7.27e-04 2.96e-04 2.45e-04 2.56e-05
1.05e+00 9.49e-01 3.26e-03 9.50e-01 3.33e-03 5.50e-146 2.76e-04 2.45e-04 2.45e-04 2.45e-04 2.59e-05
1.02e+00 9.86e-01 3.72e-02 9.70e-01 4.04e-02 2.70e-05 3.26e-03 7.18e-04 2.78e-04 1.10e-04 1.46e-05
1.01e+00 9.26e-01 7.46e-03 9.30e-01 8.66e-03 4.41e-20 1.43e-03 7.33e-04 4.83e-04 4.83e-04 9.58e-05
1.05e+00 1.02e+00 5.68e-02 1.00e+00 6.05e-02 5.24e-05 4.56e-03 6.30e-04 2.29e-04 1.13e-04 1.09e-05
1.05e+00 1.08e+00 2.44e-02 1.07e+00 2.62e-02 3.68e-07 6.37e-07 5.36e-07 2.80e-07 1.67e-07 1.52e-08
1.03e+00 9.68e-01 5.84e-02 9.60e-01 5.90e-02 5.22e-05 5.01e-03 5.94e-04 3.12e-04 1.72e-04 1.47e-05
1.01e+00 9.39e-01 1.11e-02 9.40e-01 1.12e-02 6.95e-09 1.95e-03 7.32e-04 3.86e-04 1.40e-04 3.68e-05
1.05e+00 1.22e+00 7.79e-03 1.22e+00 8.63e-03 1.57e-33 3.85e-32 6.81e-04 4.31e-04 1.27e-04 8.56e-05
1.05e+00 1.17e+00 9.65e-03 1.18e+00 1.10e-02 4.05e-30 4.05e-30 6.81e-04 2.36e-04 2.26e-04 3.42e-05
1.02e+00 8.95e-01 2.27e-02 9.00e-01 2.32e-02 9.48e-08 2.55e-03 5.70e-04 3.92e-04 1.44e-04 1.85e-05
1.02e+00 1.20e+00 2.39e-01 1.20e+00 2.39e-01 1.75e-05 6.38e-03 4.62e-04 2.38e-04 1.17e-04 1.03e-05
1.01e+00 9.24e-01 7.40e-03 9.30e-01 9.57e-03 1.78e-26 1.54e-03 7.33e-04 5.71e-04 5.71e-04 3.68e-05
1.02e+00 1.04e+00 5.05e-02 1.07e+00 5.81e-02 1.54e-09 1.23e-03 6.02e-04 3.12e-04 1.90e-04 3.22e-05
1.05e+00 9.59e-01 3.36e-02 9.60e-01 3.36e-02 2.20e-05 4.84e-03 6.39e-04 3.19e-04 1.43e-04 1.10e-05
1.05e+00 1.17e+00 9.32e-03 1.18e+00 1.06e-02 2.31e-31 2.31e-31 6.81e-04 6.54e-04 2.09e-04 2.74e-05
1.03e+00 1.00e+00 8.43e-03 1.00e+00 9.46e-03 4.68e-06 1.72e-03 7.24e-04 6.55e-04 1.82e-04 1.42e-04
1.05e+00 1.11e+00 1.31e-02 1.11e+00 1.38e-02 1.11e-07 1.12e-07 7.07e-04 3.65e-04 3.65e-04 3.07e-05
1.03e+00 1.03e+00 3.63e-02 1.03e+00 3.66e-02 8.40e-04 3.66e-03 6.38e-04 2.70e-04 1.80e-04 2.57e-05
1.05e+00 9.73e-01 1.27e-02 9.70e-01 1.31e-02 9.95e-08 2.32e-03 6.37e-04 2.93e-04 2.93e-04 1.83e-05
1.05e+00 1.19e+00 7.34e-03 1.19e+00 7.44e-03 4.73e-61 4.73e-61 6.69e-04 3.19e-04 2.09e-04 3.03e-05
1.06e+00 1.15e+00 1.63e-02 1.15e+00 1.63e-02 8.87e-09 9.73e-09 6.13e-04 3.28e-04 1.41e-04 2.52e-05
1.03e+00 9.56e-01 1.02e-02 9.60e-01 1.09e-02 1.41e-09 2.09e-03 7.30e-04 3.23e-04 2.16e-04 3.67e-05
1.04e+00 1.13e+00 2.58e-02 1.14e+00 2.76e-02 4.57e-06 3.49e-05 5.97e-04 2.71e-04 1.72e-04 2.11e-05
1.05e+00 1.15e+00 3.67e-02 1.15e+00 3.68e-02 6.12e-06 9.92e-06 1.70e-04 7.54e-05 5.13e-05 7.04e-06
1.04e+00 9.74e-01 4.78e-02 9.80e-01 4.82e-02 3.03e-04 9.43e-03 7.73e-04 3.03e-04 1.81e-04 1.81e-05
1.05e+00 1.44e+00 1.85e-03 1.44e+00 1.87e-03 4.50e-150 5.32e-144 6.25e-04 6.25e-04 6.25e-04 2.20e-05
1.02e+00 9.90e-01 7.37e-02 9.70e-01 7.63e-02 4.91e-05 3.94e-03 6.04e-04 1.94e-04 8.42e-05 1.10e-05
1.04e+00 9.63e-01 2.65e-02 9.60e-01 2.67e-02 2.10e-05 3.97e-03 6.38e-04 2.86e-04 1.32e-04 1.83e-05
1.06e+00 1.20e+00 7.65e-03 1.20e+00 7.65e-03 6.22e-63 6.22e-63 6.57e-04 2.87e-04 2.81e-04 2.64e-05
1.05e+00 1.01e+00 1.18e-02 1.01e+00 1.22e-02 1.27e-06 2.27e-03 6.36e-04 3.42e-04 3.42e-04 2.18e-05
1.05e+00 9.89e-01 1.22e-02 9.90e-01 1.23e-02 1.67e-08 2.38e-03 6.53e-04 5.03e-04 2.48e-04 3.28e-05
1.02e+00 1.04e+00 4.74e-03 1.04e+00 5.78e-03 1.49e-07 1.49e-07 8.41e-04 4.23e-04 4.23e-04 4.23e-04
1.04e+00 1.04e+00 2.58e-02 1.04e+00 2.59e-02 8.38e-04 2.69e-03 7.36e-04 3.09e-04 1.73e-04 2.11e-05
1.03e+00 1.00e+00 2.24e-02 1.00e+00 2.26e-02 5.59e-04 4.72e-03 7.60e-04 3.43e-04 2.46e-04 3.07e-05
1.02e+00 9.57e-01 2.15e-02 9.50e-01 2.25e-02 7.77e-06 3.53e-03 7.20e-04 3.12e-04 1.58e-04 1.84e-05
1.04e+00 1.27e+00 2.12e-02 1.28e+00 2.18e-02 1.59e-15 1.82e-15 5.70e-04 2.68e-04 1.57e-04 2.35e-05
1.02e+00 1.04e+00 7.21e-02 9.80e-01 9.12e-02 5.19e-04 5.04e-03 4.91e-04 2.05e-04 1.17e-04 2.20e-05
1.05e+00 1.08e+00 1.80e-02 1.08e+00 1.83e-02 1.46e-04 1.72e-04 7.18e-04 4.29e-04 2.93e-04 4.01e-05
1.05e+00 1.10e+00 3.50e-02 1.09e+00 3.54e-02 4.04e-04 8.14e-04 6.53e-04 2.97e-04 1.82e-04 2.37e-05
1.04e+00 1.10e+00 2.14e-02 1.10e+00 2.16e-02 2.27e-05 2.69e-05 6.47e-04 3.90e-04 1.87e-04 3.90e-05
1.06e+00 1.01e+00 7.38e-03 1.01e+00 7.50e-03 2.66e-15 1.38e-03 7.23e-04 3.89e-04 2.40e-04 2.91e-05
1.01e+00 1.12e+00 3.38e-02 1.12e+00 3.40e-02 1.71e-06 2.70e-06 5.90e-04 3.46e-04 2.09e-04 3.18e-05
1.02e+00 1.23e+00 8.24e-03 1.23e+00 8.24e-03 3.26e-154 3.26e-154 6.79e-04 3.79e-04 2.83e-04 6.48e-05
1.03e+00 1.39e+00 1.26e-02 1.38e+00 1.56e-02 1.03e-198 3.71e-171 6.41e-04 6.09e-04 1.84e-04 2.90e-05
1.05e+00 1.02e+00 3.11e-02 1.02e+00 3.13e-02 4.99e-04 6.02e-03 7.11e-04 3.14e-04 1.90e-04 2.15e-05
1.05e+00 9.07e-01 1.75e-01 8.10e-01 2.00e-01 9.47e-05 1.39e-02 5.19e-04 1.87e-04 9.15e-05 1.14e-05
1.02e+00 1.09e+00 5.63e-02 1.07e+00 5.93e-02 6.18e-06 1.58e-04 6.66e-04 3.01e-04 1.93e-04 3.94e-05
1.05e+00 1.19e+00 3.35e-02 1.20e+00 3.45e-02 5.16e-08 8.07e-08 2.22e-05 9.87e-06 5.14e-06 8.34e-07
1.03e+00 9.53e-01 1.08e-02 9.50e-01 1.13e-02 1.58e-11 1.99e-03 7.31e-04 3.31e-04 2.17e-04 3.67e-05
1.04e+00 1.26e+00 1.47e-02 1.26e+00 1.49e-02 1.96e-11 2.12e-09 5.29e-04 2.62e-04 1.47e-04 2.06e-05
1.02e+00 9.68e-01 3.95e-02 9.70e-01 3.95e-02 3.73e-04 7.72e-03 7.53e-04 3.24e-04 1.69e-04 2.74e-05
1.06e+00 1.01e+00 9.92e-02 9.90e-01 1.02e-01 4.40e-04 9.76e-03 5.53e-04 2.10e-04 1.22e-04 1.15e-05
1.02e+00 1.18e+00 4.92e-03 1.18e+00 5.59e-03 4.14e-34 4.14e-34 6.91e-04 6.91e-04 2.08e-04 2.08e-04
1.04e+00 1.02e+00 1.96e-02 1.03e+00 2.17e-02 7.00e-04 3.44e-03 8.13e-04 2.61e-04 2.40e-04 5.14e-05
1.02e+00 1.17e+00 3.57e-03 1.17e+00 3.78e-03 5.29e-86 5.29e-86 6.93e-04 6.93e-04 6.93e-04 1.08e-04
1.03e+00 9.78e-01 1.28e-02 9.80e-01 1.30e-02 3.93e-07 2.37e-03 6.43e-04 4.53e-04 2.70e-04 3.65e-05
1.03e+00 1.35e+00 1.36e-02 1.35e+00 1.37e-02 1.13e-140 1.13e-140 6.49e-04 2.51e-04 1.53e-04 2.61e-05
1.00e+00 1.02e+00 4.57e-03 1.02e+00 5.15e-03 7.58e-06 7.58e-06 8.62e-04 8.62e-04 2.95e-04 2.95e-04
1.02e+00 1.11e+00 5.63e-03 1.11e+00 5.91e-03 1.12e-53 1.12e-53 7.64e-04 2.92e-04 2.92e-04 9.60e-05
1.04e+00 7.14e-01 1.26e-01 7.00e-01 1.27e-01 7.50e-07 9.36e-03 5.75e-04 1.97e-04 1.02e-04 1.13e-05
1.05e+00 9.94e-01 1.51e-02 9.90e-01 1.57e-02 2.53e-06 3.47e-03 8.15e-04 5.19e-04 2.55e-04 4.48e-05
1.04e+00 1.07e+00 2.16e-02 1.07e+00 2.17e-02 3.87e-04 6.21e-04 7.40e-04 3.66e-04 1.95e-04 3.66e-05
1.02e+00 1.21e+00 6.65e-03 1.21e+00 7.74e-03 7.63e-55 7.63e-55 6.84e-04 4.54e-04 4.54e-04 4.81e-05
1.03e+00 9.66e-01 1.02e-02 9.70e-01 1.09e-02 2.21e-11 2.00e-03 7.29e-04 2.93e-04 2.53e-04 5.49e-05
1.01e+00 1.04e+00 4.93e-03 1.04e+00 6.39e-03 8.30e-24 8.30e-24 8.41e-04 5.79e-04 5.79e-04 5.79e-04
1.04e+00 1.07e+00 7.39e-03 1.07e+00 7.67e-03 2.56e-10 2.56e-10 8.09e-04 3.62e-04 1.99e-04 6.51e-05
1.02e+00 1.86e+00 3.93e-02 1.88e+00 4.46e-02 1.08e-76 6.44e-20 3.99e-04 2.21e-04 1.10e-04 2.76e-05
1.03e+00 1.04e+00 8.58e-03 1.04e+00 8.82e-03 5.36e-04 6.24e-04 8.41e-04 5.62e-04 3.04e-04 3.81e-05
1.03e+00 1.11e+00 1.60e-02 1.11e+00 1.60e-02 3.82e-10 3.84e-10 6.64e-04 3.53e-04 1.46e-04 2.69e-05
1.02e+00 1.16e+00 7.14e-03 1.16e+00 7.77e-03 3.75e-28 7.75e-25 6.95e-04 4.05e-04 4.05e-04 5.59e-05
1.01e+00 9.81e-01 2.23e-02 9.80e-01 2.23e-02 3.31e-04 4.86e-03 8.19e-04 3.57e-04 2.03e-04 2.71e-05
1.02e+00 9.33e-01 5.28e-03 9.30e-01 6.19e-03 3.22e-24 1.17e-03 7.33e-04 4.05e-04 4.05e-04 2.95e-05
1.03e+00 1.20e+00 7.50e-03 1.20e+00 7.61e-03 1.23e-98 1.25e-39 6.86e-04 6.86e-04 6.86e-04 4.14e-05
1.01e+00 1.05e+00 2.63e-02 1.04e+00 2.97e-02 3.15e-04 5.07e-04 7.32e-04 3.68e-04 2.07e-04 2.54e-05
1.01e+00 9.73e-01 3.05e-02 9.70e-01 3.07e-02 3.73e-04 6.16e-03 7.58e-04 4.29e-04 2.60e-04 2.28e-05
1.03e+00 1.07e+00 9.70e-02 1.03e+00 1.06e-01 7.65e-04 5.16e-03 6.07e-04 2.78e-04 1.82e-04 2.32e-05
1.03e+00 1.11e+00 7.97e-03 1.12e+00 9.48e-03 9.04e-68 2.98e-35 7.03e-04 7.03e-04 2.01e-04 1.34e-04
1.05e+00 1.15e+00 1.64e-02 1.16e+00 1.77e-02 3.16e-09 1.29e-07 6.46e-04 4.26e-04 1.71e-04 3.49e-05
1.05e+00 1.16e+00 1.11e-01 1.23e+00 1.31e-01 1.03e-05 1.89e-03 4.45e-04 1.84e-04 1.06e-04 1.25e-05
1.03e+00 1.07e+00 2.62e-02 1.06e+00 2.68e-02 3.17e-04 5.43e-04 7.50e-04 3.30e-04 1.90e-04 2.47e-05
1.03e+00 9.74e-01 7.22e-02 9.70e-01 7.23e-02 2.62e-04 7.02e-03 6.04e-04 1.89e-04 8.89e-05 1.11e-05
1.03e+00 1.17e+00 3.24e-02 1.18e+00 3.52e-02 6.65e-07 8.34e-07 5.38e-04 1.84e-04 1.32e-04 1.39e-05
1.05e+00 1.14e+00 7.46e-02 1.17e+00 8.19e-02 3.90e-05 4.97e-04 5.99e-04 2.26e-04 1.15e-04 1.39e-05
1.03e+00 9.45e-01 6.11e-03 9.40e-01 7.62e-03 2.57e-23 1.41e-03 7.32e-04 5.92e-04 5.92e-04 4.42e-05
1.02e+00 9.30e-01 7.83e-02 9.50e-01 8.07e-02 5.09e-04 1.66e-02 7.35e-04 3.40e-04 2.00e-04 2.33e-05
1.05e+00 1.08e+00 3.57e-02 1.05e+00 4.76e-02 7.69e-04 1.57e-03 6.22e-04 2.80e-04 2.63e-04 5.01e-05
1.03e+00 9.65e-01 1.87e-02 9.60e-01 1.94e-02 6.55e-06 3.37e-03 6.90e-04 2.97e-04 2.97e-04 2.93e-05
1.03e+00 9.44e-01 4.56e-02 9.40e-01 4.58e-02 7.96e-05 5.78e-03 5.74e-04 1.93e-04 1.11e-04 1.11e-05
1.03e+00 1.06e+00 2.98e-02 1.05e+00 3.02e-02 6.68e-04 1.66e-03 6.30e-04 3.47e-04 2.13e-04 2.51e-05
1.03e+00 9.27e-01 1.34e-02 9.30e-01 1.39e-02 2.12e-09 2.33e-03 7.33e-04 3.61e-04 1.33e-04 2.21e-05
1.02e+00 1.18e+00 5.38e-03 1.18e+00 5.80e-03 4.21e-43 2.55e-41 6.91e-04 6.91e-04 2.67e-04 5.90e-05
1.01e+00 1.50e+00 6.57e-02 1.46e+00 7.51e-02 2.31e-08 7.32e-08 4.51e-04 1.31e-04 7.78e-05 9.33e-06
1.02e+00 9.49e-01 2.13e-02 9.50e-01 2.13e-02 2.36e-06 3.12e-03 6.28e-04 3.20e-04 1.62e-04 1.47e-05
1.02e+00 9.39e-01 1.18e-02 9.40e-01 1.18e-02 1.47e-07 2.06e-03 7.32e-04 4.38e-04 1.44e-04 2.21e-05
1.04e+00 9.41e-01 7.36e-02 9.40e-01 7.36e-02 6.87e-05 7.54e-03 6.01e-04 1.83e-04 8.58e-05 1.12e-05
1.04e+00 1.29e+00 7.87e-03 1.29e+00 7.88e-03 2.59e-23 7.40e-20 5.49e-04 2.48e-04 2.29e-04 3.04e-05
1.04e+00 1.07e+00 5.83e-02 1.10e+00 6.50e-02 3.56e-04 2.53e-03 5.12e-04 2.06e-04 1.49e-04 1.78e-05
1.04e+00 9.52e-01 1.18e-01 8.30e-01 1.70e-01 1.79e-04 6.58e-03 4.26e-04 1.41e-04 7.98e-05 1.52e-05
1.01e+00 1.15e+00 1.09e-02 1.15e+00 1.10e-02 6.52e-15 1.69e-14 6.97e-04 3.85e-04 1.51e-04 2.45e-05
1.02e+00 1.11e+00 4.68e-02 1.13e+00 5.10e-02 7.04e-05 5.53e-04 5.71e-04 2.40e-04 1.30e-04 1.41e-05
1.03e+00 9.67e-01 1.09e-02 9.70e-01 1.12e-02 1.70e-10 2.03e-03 7.29e-04 3.73e-04 2.23e-04 2.93e-05
1.03e+00 1.06e+00 1.26e-01 1.02e+00 1.32e-01 6.59e-04 5.23e-03 5.37e-04 2.03e-04 8.70e-05 1.09e-05
1.05e+00 1.09e+00 1.84e-02 1.09e+00 1.87e-02 1.14e-04 1.42e-04 6.21e-04 3.68e-04 1.70e-04 2.37e-05
1.03e+00 1.04e+00 5.77e-03 1.04e+00 5.90e-03 1.98e-04 2.11e-04 8.41e-04 8.41e-04 2.71e-04 1.31e-04
1.03e+00 9.49e-01 3.37e-02 9.50e-01 3.37e-02 3.17e-05 4.12e-03 6.10e-04 2.35e-04 1.73e-04 1.10e-05
1.01e+00 1.08e+00 1.12e-02 1.08e+00 1.14e-02 9.93e-16 7.02e-07 6.72e-04 3.97e-04 2.18e-04 2.14e-05
1.01e+00 1.03e+00 2.48e-02 1.02e+00 2.64e-02 6.50e-04 1.35e-03 8.23e-04 3.59e-04 1.73e-04 3.03e-05
1.06e+00 1.01e+00 8.58e-02 9.70e-01 9.32e-02 2.23e-08 2.92e-03 6.04e-04 3.30e-04 1.06e-04 1.46e-05
1.03e+00 1.19e+00 4.32e-03 1.19e+00 4.40e-03 1.14e-182 1.14e-182 6.69e-04 6.69e-04 6.69e-04 4.71e-05
1.01e+00 1.04e+00 5.05e-03 1.04e+00 6.46e-03 3.62e-07 3.62e-07 8.41e-04 5.84e-04 5.84e-04 5.84e-04
1.01e+00 7.85e-01 1.11e-01 8.40e-01 1.24e-01 5.71e-05 1.33e-02 5.59e-04 2.53e-04 1.03e-04 1.41e-05
1.05e+00 1.07e+00 1.09e-02 1.06e+00 1.23e-02 2.11e-04 2.33e-04 8.20e-04 3.30e-04 3.26e-04 3.71e-05
1.04e+00 1.23e+00 4.07e-03 1.23e+00 4.48e-03 2.09e-181 2.09e-181 6.79e-04 6.79e-04 6.79e-04 1.60e-04
1.05e+00 9.78e-01 1.31e-02 9.80e-01 1.33e-02 1.43e-06 2.31e-03 6.32e-04 4.39e-04 2.67e-04 2.56e-05
1.03e+00 1.00e+00 2.74e-02 1.00e+00 2.78e-02 2.43e-04 3.86e-03 6.04e-04 3.46e-04 2.62e-04 1.09e-05
1.05e+00 1.23e+00 7.92e-03 1.23e+00 7.95e-03 4.22e-31 1.83e-30 6.79e-04 3.62e-04 2.35e-04 3.75e-05
1.02e+00 9.96e-01 1.46e-02 1.00e+00 1.51e-02 4.04e-04 3.30e-03 8.64e-04 5.67e-04 2.66e-04 3.99e-05
1.03e+00 9.54e-01 3.66e-02 9.50e-01 3.67e-02 6.34e-05 4.94e-03 6.00e-04 2.37e-04 1.22e-04 1.11e-05
1.03e+00 1.49e+00 2.45e-01 1.63e+00 2.83e-01 3.62e-05 1.80e-03 4.10e-04 1.41e-04 7.46e-05 8.61e-06
1.03e+00 1.04e+00 7.44e-03 1.04e+00 7.79e-03 4.39e-04 4.85e-04 8.41e-04 5.03e-04 2.11e-04 5.50e-05
1.03e+00 1.23e+00 2.88e-03 1.23e+00 3.01e-03 1.30e-294 1.30e-294 6.79e-04 6.79e-04 6.79e-04 6.82e-05
1.04e+00 9.44e-01 9.95e-03 9.40e-01 1.09e-02 1.82e-10 1.94e-03 7.32e-04 2.80e-04 2.35e-04 2.94e-05
1.04e+00 1.03e+00 1.32e-02 1.03e+00 1.33e-02 4.63e-04 2.40e-03 6.25e-04 5.61e-04 2.01e-04 4.71e-05
1.02e+00 9.38e-01 4.65e-02 9.50e-01 4.79e-02 1.63e-04 9.35e-03 7.53e-04 2.93e-04 1.49e-04 2.33e-05
1.04e+00 1.02e+00 2.42e-02 1.02e+00 2.44e-02 5.59e-04 4.29e-03 7.32e-04 2.90e-04 1.56e-04 3.90e-05
1.02e+00 1.03e+00 3.02e-02 1.03e+00 3.02e-02 7.71e-04 2.32e-03 6.85e-04 3.12e-04 1.88e-04 1.71e-05
1.00e+00 9.25e-01 3.61e-02 9.20e-01 3.64e-02 9.12e-05 8.88e-03 8.02e-04 3.23e-04 2.04e-04 2.85e-05
1.05e+00 1.10e+00 2.99e-02 1.11e+00 3.26e-02 3.49e-04 5.05e-04 6.30e-04 3.84e-04 2.27e-04 3.07e-05
1.02e+00 1.17e+00 4.06e-03 1.17e+00 4.17e-03 6.76e-60 6.88e-60 6.93e-04 6.93e-04 6.93e-04 3.48e-05
1.01e+00 9.17e-01 1.48e-02 9.10e-01 1.63e-02 5.82e-08 2.72e-03 6.06e-04 4.03e-04 2.48e-04 3.69e-05
1.05e+00 1.29e+00 1.14e-02 1.29e+00 1.22e-02 2.04e-61 2.15e-58 5.49e-04 2.54e-04 1.88e-04 3.87e-05
1.04e+00 9.95e-01 2.02e-02 9.90e-01 2.08e-02 1.29e-04 4.80e-03 7.65e-04 4.70e-04 2.33e-04 7.61e-05
1.03e+00 1.60e+00 5.42e-01 1.06e+00 7.67e-01 6.27e-04 2.70e-03 4.31e-04 1.22e-04 6.11e-05 1.08e-05
1.02e+00 8.44e-01 1.17e-02 8.40e-01 1.23e-02 3.73e-08 1.12e-03 7.40e-04 3.68e-04 3.68e-04 3.68e-04
1.03e+00 1.15e+00 3.48e-02 1.18e+00 4.31e-02 1.02e-05 1.08e-05 6.14e-04 2.05e-04 1.74e-04 2.43e-05
1.02e+00 9.94e-01 1.70e-02 9.90e-01 1.74e-02 3.62e-04 3.90e-03 7.21e-04 3.94e-04 3.18e-04 2.69e-05
1.01e+00 9.98e-01 7.24e-03 1.00e+00 7.52e-03 1.22e-04 1.66e-03 8.81e-04 5.01e-04 2.35e-04 4.87e-05
1.02e+00 1.02e+00 1.82e-02 1.02e+00 1.84e-02 8.24e-04 2.20e-03 7.62e-04 3.46e-04 2.60e-04 3.46e-05
1.05e+00 9.83e-01 8.22e-03 9.80e-01 8.67e-03 7.08e-12 1.46e-03 7.27e-04 4.17e-04 2.05e-04 9.87e-05
1.01e+00 9.33e-01 1.30e-02 9.30e-01 1.33e-02 4.04e-08 2.38e-03 7.22e-04 3.02e-04 1.95e-04 4.42e-05
1.02e+00 1.05e+00 3.35e-02 1.03e+00 4.03e-02 7.21e-04 1.54e-03 6.55e-04 3.60e-04 2.14e-04 3.42e-05
1.02e+00 1.18e+00 2.55e-02 1.17e+00 2.72e-02 1.15e-10 2.98e-06 6.48e-04 2.51e-04 1.05e-04 2.09e-05
1.01e+00 1.12e+00 4.33e-03 1.12e+00 4.69e-03 9.93e-129 4.64e-67 7.03e-04 7.03e-04 7.03e-04 1.31e-04
1.02e+00 9.52e-01 2.68e-02 9.50e-01 2.69e-02 2.82e-05 3.70e-03 6.10e-04 2.28e-04 1.29e-04 1.47e-05
1.06e+00 1.08e+00 2.44e-02 1.07e+00 2.82e-02 6.39e-04 1.20e-03 6.53e-04 3.83e-04 1.69e-04 3.63e-05
1.02e+00 9.47e-01 7.06e-03 9.50e-01 7.64e-03 5.93e-20 1.40e-03 7.31e-04 4.78e-04 4.78e-04 4.78e-05
1.05e+00 1.06e+00 8.55e-03 1.06e+00 8.79e-03 2.91e-04 3.38e-04 7.15e-04 4.67e-04 2.55e-04 3.23e-05
1.04e+00 1.03e+00 3.39e-02 1.03e+00 3.41e-02 7.57e-04 5.06e-03 6.89e-04 3.21e-04 2.14e-04 2.14e-05
1.06e+00 1.17e+00 1.43e-02 1.17e+00 1.43e-02 1.32e-07 2.48e-06 6.23e-04 2.65e-04 1.74e-04 5.22e-05
1.02e+00 1.18e+00 6.85e-03 1.18e+00 7.86e-03 1.65e-33 9.52e-30 6.91e-04 5.14e-04 5.14e-04 5.55e-05
1.02e+00 1.03e+00 3.01e-02 1.03e+00 3.02e-02 8.15e-04 2.89e-03 6.51e-04 2.83e-04 1.84e-04 2.57e-05
1.03e+00 1.13e+00 3.99e-02 1.14e+00 4.14e-02 7.23e-05 1.07e-04 5.61e-04 2.27e-04 1.80e-04 1.83e-05
1.02e+00 1.22e+00 9.90e-03 1.22e+00 1.09e-02 1.74e-82 1.74e-82 6.81e-04 3.60e-04 1.68e-04 5.14e-05
1.01e+00 1.26e+00 2.21e-01 1.42e+00 2.74e-01 2.69e-06 1.86e-03 5.79e-04 2.37e-04 1.08e-04 1.27e-05
1.01e+00 1.11e+00 8.43e-03 1.10e+00 1.30e-02 1.17e-46 4.47e-08 7.07e-04 6.72e-04 6.72e-04 6.72e-04
1.02e+00 1.13e+00 1.56e-02 1.13e+00 1.62e-02 1.47e-13 1.47e-13 6.96e-04 4.28e-04 1.86e-04 6.33e-05
1.04e+00 1.05e+00 5.87e-03 1.05e+00 6.17e-03 3.84e-04 4.06e-04 8.31e-04 3.63e-04 3.63e-04 1.17e-04
1.03e+00 1.23e+00 4.94e-03 1.23e+00 6.39e-03 1.38e-140 1.38e-140 6.79e-04 4.67e-04 4.67e-04 4.67e-04
1.04e+00 1.02e+00 3.27e-02 1.02e+00 3.31e-02 6.27e-04 5.83e-03 6.63e-04 3.16e-04 1.99e-04 2.60e-05
1.02e+00 8.40e-01 1.91e-04 8.40e-01 1.91e-04 1.44e-51 7.40e-04 7.40e-04 7.40e-04 7.40e-04 7.40e-04
1.03e+00 9.56e-01 1.65e-02 9.50e-01 1.76e-02 2.30e-07 2.75e-03 7.09e-04 3.82e-04 1.91e-04 3.67e-05
1.05e+00 9.68e-01 2.58e-02 9.70e-01 2.59e-02 1.63e-05 4.07e-03 5.97e-04 3.52e-04 1.79e-04 1.47e-05
1.00e+00 9.21e-01 1.91e-02 9.20e-01 1.91e-02 4.82e-06 3.20e-03 6.83e-04 3.25e-04 1.44e-04 1.85e-05
1.03e+00 1.13e+00 6.01e-03 1.13e+00 7.67e-03 2.81e-58 2.81e-58 7.41e-04 6.78e-04 6.78e-04 4.10e-05
1.02e+00 9.36e-01 2.43e-02 9.40e-01 2.46e-02 1.12e-05 3.72e-03 7.14e-04 3.31e-04 1.69e-04 1.47e-05
1.04e+00 1.07e+00 1.77e-01 1.00e+00 1.89e-01 4.55e-04 5.54e-03 5.93e-04 2.22e-04 8.37e-05 7.28e-06
1.03e+00 1.21e+00 8.99e-02 1.18e+00 9.46e-02 6.76e-05 2.64e-04 6.27e-04 2.30e-04 1.41e-04 1.28e-05
1.03e+00 1.02e+00 3.07e-02 1.02e+00 3.10e-02 6.60e-04 3.82e-03 6.05e-04 2.79e-04 1.67e-04 2.18e-05
1.04e+00 1.00e+00 2.46e-02 1.00e+00 2.46e-02 1.93e-04 4.29e-03 6.63e-04 3.53e-04 1.64e-04 2.18e-05
1.01e+00 1.30e+00 5.85e-02 1.31e+00 5.98e-02 1.72e-11 2.06e-11 5.13e-04 2.45e-04 2.25e-04 2.98e-05
1.04e+00 1.33e+00 9.82e-02 1.38e+00 1.09e-01 3.72e-05 6.93e-05 6.36e-04 2.99e-04 1.66e-04 1.71e-05
1.01e+00 1.43e+00 2.99e-01 1.19e+00 3.85e-01 1.38e-07 1.01e-06 4.25e-04 1.18e-04 6.23e-05 1.04e-05
1.02e+00 1.76e+00 3.51e-01 1.85e+00 3.63e-01 1.64e-07 1.17e-03 3.29e-04 9.76e-05 4.88e-05 5.14e-06
1.01e+00 1.13e+00 5.71e-01 7.00e-01 7.15e-01 8.82e-07 9.67e-03 5.17e-04 8.87e-05 5.17e-05 7.39e-06
1.03e+00 1.25e+00 5.86e-02 1.23e+00 6.17e-02 3.57e-08 1.78e-06 5.09e-04 2.09e-04 1.06e-04 1.03e-05
1.02e+00 8.79e-01 8.65e-02 8.30e-01 9.93e-02 1.80e-04 1.83e-02 7.90e-04 3.37e-04 1.86e-04 2.32e-05
1.04e+00 1.04e+00 3.58e-02 1.03e+00 3.62e-02 7.96e-04 4.63e-03 7.35e-04 3.27e-04 1.62e-04 2.13e-05
1.03e+00 1.23e+00 1.82e-02 1.22e+00 2.02e-02 2.12e-11 5.79e-10 6.98e-04 3.30e-04 1.70e-04 1.77e-05
1.03e+00 1.07e+00 1.28e-01 1.03e+00 1.36e-01 7.63e-04 5.22e-03 5.82e-04 2.16e-04 1.12e-04 7.71e-06
1.05e+00 1.01e+00 2.45e-02 1.01e+00 2.45e-02 2.32e-04 4.16e-03 6.47e-04 3.20e-04 1.93e-04 2.91e-05
1.02e+00 9.86e-01 3.76e-02 9.80e-01 3.82e-02 3.25e-04 5.33e-03 6.21e-04 2.78e-04 1.53e-04 1.83e-05
1.03e+00 1.05e+00 2.00e-02 1.05e+00 2.06e-02 4.91e-04 8.38e-04 6.85e-04 3.72e-04 1.59e-04 3.34e-05
1.01e+00 1.23e+00 2.57e-02 1.22e+00 2.73e-02 1.96e-11 1.56e-10 5.24e-04 3.08e-04 1.51e-04 1.71e-05
1.04e+00 1.22e+00 1.86e-01 1.18e+00 1.91e-01 7.79e-05 1.55e-04 4.94e-04 1.50e-04 7.31e-05 6.96e-06
1.04e+00 1.17e+00 5.74e-02 1.17e+00 5.75e-02 3.75e-07 2.33e-04 5.57e-04 2.06e-04 1.18e-04 1.39e-05
1.01e+00 1.04e+00 1.24e-01 1.08e+00 1.30e-01 4.41e-05 5.64e-04 5.50e-05 2.02e-05 1.22e-05 1.74e-06
1.03e+00 1.12e+00 4.81e-02 1.12e+00 4.83e-02 1.61e-04 4.10e-04 6.30e-04 2.54e-04 1.83e-04 2.61e-05
1.04e+00 1.03e+00 3.35e-02 1.03e+00 3.39e-02 7.39e-04 4.24e-03 6.81e-04 3.08e-04 1.97e-04 2.57e-05
1.02e+00 9.46e-01 6.67e-02 9.70e-01 7.09e-02 1.60e-04 6.11e-03 6.22e-04 3.44e-04 2.01e-04 1.83e-05
1.03e+00 9.74e-01 3.93e-02 9.70e-01 3.95e-02 1.41e-04 4.97e-03 5.71e-04 2.89e-04 1.83e-04 1.83e-05
1.05e+00 1.05e+00 5.63e-02 1.04e+00 5.70e-02 6.83e-04 5.17e-03 5.74e-04 2.56e-04 1.19e-04 1.80e-05
1.04e+00 1.05e+00 6.80e-02 1.01e+00 8.09e-02 3.56e-04 4.35e-03 4.84e-04 1.82e-04 1.31e-04 1.82e-05
1.03e+00 9.75e-01 5.39e-02 9.50e-01 5.95e-02 2.69e-04 6.66e-03 5.83e-04 2.38e-04 1.46e-04 1.53e-05
1.02e+00 7.58e-01 5.58e-02 8.30e-01 9.13e-02 2.61e-06 9.30e-03 5.44e-04 3.61e-04 2.68e-04 2.23e-05
1.07e+00 1.01e+00 7.07e-02 1.00e+00 7.20e-02 2.77e-05 5.26e-03 6.52e-04 3.39e-04 2.04e-04 1.09e-05
1.09e+00 1.17e+00 1.90e-02 1.18e+00 2.10e-02 8.83e-08 1.04e-05 6.49e-04 3.85e-04 1.15e-04 2.08e-05
1.09e+00 1.13e+00 6.37e-02 1.09e+00 7.29e-02 7.07e-04 2.99e-03 5.74e-04 1.96e-04 1.32e-04 2.49e-05
1.11e+00 1.05e+00 2.39e-02 1.04e+00 2.46e-02 2.60e-05 4.34e-03 6.21e-04 2.78e-04 2.38e-04 3.61e-05
1.07e+00 1.05e+00 8.14e-03 1.05e+00 8.25e-03 2.95e-05 1.74e-03 8.31e-04 5.09e-04 3.17e-04 3.34e-05
1.07e+00 1.05e+00 7.83e-03 1.05e+00 8.65e-03 2.61e-04 1.73e-03 8.31e-04 6.30e-04 1.96e-04 1.09e-04
1.09e+00 1.03e+00 1.40e-02 1.04e+00 1.59e-02 1.69e-07 2.43e-03 7.18e-04 3.00e-04 1.91e-04 5.41e-05
1.07e+00 1.16e+00 4.65e-02 1.17e+00 4.72e-02 1.21e-05 3.71e-05 5.02e-05 2.36e-05 1.41e-05 1.97e-06
1.06e+00 9.75e-01 4.47e-02 9.70e-01 4.50e-02 4.89e-05 5.81e-03 5.99e-04 2.98e-04 1.58e-04 1.10e-05
1.09e+00 1.15e+00 8.28e-03 1.15e+00 8.28e-03 3.21e-17 3.21e-17 7.17e-04 3.35e-04 3.35e-04 3.96e-05
1.07e+00 9.82e-01 7.08e-03 9.80e-01 7.30e-03 2.23e-34 1.32e-03 7.27e-04 3.69e-04 1.90e-04 3.29e-05
1.08e+00 1.21e+00 9.32e-03 1.21e+00 9.85e-03 2.59e-23 1.56e-20 6.84e-04 6.29e-04 2.41e-04 4.81e-05
1.07e+00 1.35e+00 8.48e-03 1.35e+00 8.56e-03 2.94e-186 9.02e-167 6.49e-04 4.14e-04 1.96e-04 2.93e-05
1.11e+00 1.26e+00 2.64e-02 1.26e+00 2.65e-02 3.50e-12 5.50e-12 6.55e-04 2.30e-04 2.13e-04 2.36e-05
1.07e+00 1.14e+00 3.83e-02 1.15e+00 3.97e-02 2.65e-06 2.72e-04 5.75e-04 2.14e-04 1.86e-04 2.45e-05
1.11e+00 1.24e+00 7.74e-03 1.24e+00 7.75e-03 1.09e-54 1.09e-54 6.77e-04 2.72e-04 1.87e-04 6.46e-05
1.08e+00 1.18e+00 2.71e-02 1.18e+00 2.71e-02 2.02e-06 3.28e-06 5.41e-04 2.43e-04 1.34e-04 2.40e-05
1.09e+00 1.19e+00 7.65e-03 1.19e+00 8.40e-03 9.82e-28 9.82e-28 6.69e-04 5.38e-04 5.38e-04 7.06e-05
1.08e+00 1.13e+00 1.16e-01 1.23e+00 1.54e-01 1.04e-04 5.14e-03 4.72e-04 2.02e-04 1.18e-04 1.86e-05
1.10e+00 1.45e+00 6.88e-02 1.44e+00 6.98e-02 1.04e-07 4.29e-06 5.84e-04 1.57e-04 5.02e-05 6.28e-06
1.09e+00 1.05e+00 2.10e-02 1.05e+00 2.11e-02 1.60e-04 3.30e-03 6.55e-04 2.30e-04 1.98e-04 1.80e-05
1.08e+00 1.11e+00 1.60e-02 1.11e+00 1.62e-02 1.69e-04 2.53e-04 6.34e-04 2.84e-04 1.77e-04 7.30e-05
1.08e+00 1.26e+00 2.79e-03 1.26e+00 2.80e-03 7.19e-186 1.90e-156 6.72e-04 6.72e-04 6.72e-04 1.69e-05
1.09e+00 1.12e+00 5.75e-03 1.12e+00 7.29e-03 1.34e-05 1.34e-05 7.53e-04 6.16e-04 6.16e-04 3.40e-05
1.07e+00 9.60e-01 1.74e-02 9.60e-01 1.74e-02 3.62e-08 3.15e-03 6.46e-04 3.52e-04 1.61e-04 1.83e-05
1.09e+00 1.08e+00 2.66e-02 1.07e+00 3.02e-02 7.45e-04 3.85e-03 6.87e-04 3.51e-04 2.22e-04 2.42e-05
1.09e+00 1.44e+00 8.05e-02 1.46e+00 8.28e-02 2.30e-07 3.55e-06 5.63e-04 1.66e-04 9.39e-05 1.81e-05
1.10e+00 1.08e+00 5.92e-02 1.06e+00 6.41e-02 5.42e-04 6.30e-03 5.45e-04 2.22e-04 1.26e-04 1.79e-05
1.08e+00 1.34e+00 9.32e-03 1.35e+00 1.12e-02 3.79e-158 4.60e-131 6.49e-04 5.71e-04 1.89e-04 3.59e-05
1.07e+00 1.22e+00 1.46e-02 1.22e+00 1.46e-02 4.21e-19 5.10e-15 5.57e-04 2.77e-04 2.48e-04 2.23e-05
1.08e+00 1.29e+00 8.49e-02 1.27e+00 8.64e-02 2.05e-10 8.05e-10 5.38e-04 2.35e-04 1.72e-04 1.35e-05
1.09e+00 1.19e+00 1.27e-02 1.19e+00 1.27e-02 6.94e-10 5.15e-07 6.88e-04 4.53e-04 1.80e-04 3.11e-05
1.07e+00 1.01e+00 1.73e-02 1.02e+00 1.84e-02 1.51e-05 3.23e-03 7.14e-04 2.65e-04 2.10e-04 2.90e-05
1.10e+00 1.12e+00 6.06e-03 1.12e+00 7.39e-03 2.03e-07 2.03e-07 1.47e-05 1.15e-05 1.15e-05 7.41e-07
1.09e+00 1.15e+00 1.09e-02 1.15e+00 1.09e-02 1.56e-11 1.56e-11 7.17e-04 4.36e-04 1.55e-04 1.80e-05
1.07e+00 1.24e+00 1.13e-01 1.22e+00 1.15e-01 8.42e-08 4.47e-05 5.45e-04 2.64e-04 1.57e-04 7.13e-06
1.06e+00 1.35e+00 8.55e-02 1.33e+00 8.85e-02 7.90e-22 2.63e-20 5.98e-04 2.96e-04 1.28e-04 9.86e-06
1.07e+00 9.77e-01 2.67e-02 9.70e-01 2.76e-02 9.08e-07 3.94e-03 5.71e-04 3.73e-04 1.68e-04 4.39e-05
1.09e+00 1.23e+00 1.17e-02 1.23e+00 1.17e-02 4.93e-23 4.48e-19 6.21e-04 4.21e-04 1.59e-04 3.43e-05
1.09e+00 1.00e+00 1.67e-02 1.00e+00 1.67e-02 5.65e-11 3.20e-03 6.52e-04 4.04e-04 1.71e-04 3.28e-05
1.09e+00 1.41e+00 1.56e-01 1.38e+00 1.59e-01 1.37e-07 1.38e-05 5.67e-04 2.25e-04 1.24e-04 1.01e-05
1.10e+00 1.10e+00 3.67e-02 1.09e+00 3.72e-02 7.77e-04 4.58e-03 6.57e-04 3.15e-04 2.09e-04 3.15e-05
1.06e+00 1.24e+00 2.87e-02 1.22e+00 3.34e-02 4.84e-14 4.17e-13 5.38e-04 2.47e-04 1.68e-04 1.71e-05
1.08e+00 1.28e+00 1.58e-01 1.21e+00 1.72e-01 1.85e-05 7.48e-05 4.80e-04 1.62e-04 9.33e-05 1.04e-05
1.08e+00 9.98e-01 1.50e-02 1.00e+00 1.51e-02 1.57e-07 2.72e-03 5.93e-04 3.68e-04 2.55e-04 2.55e-05
1.08e+00 1.33e+00 1.48e-02 1.33e+00 1.50e-02 6.44e-105 6.45e-105 6.54e-04 2.04e-04 1.58e-04 2.96e-05
1.10e+00 1.26e+00 2.73e-02 1.26e+00 2.76e-02 1.79e-09 3.36e-06 4.89e-04 2.14e-04 1.20e-04 1.46e-05
1.09e+00 1.33e+00 1.49e-01 1.29e+00 1.56e-01 3.56e-06 1.88e-05 5.32e-04 2.49e-04 1.55e-04 1.01e-05
1.08e+00 1.12e+00 4.01e-02 1.13e+00 4.09e-02 1.89e-04 6.55e-04 2.50e-04 1.17e-04 8.03e-05 9.26e-06
1.08e+00 9.95e-01 1.84e-02 1.00e+00 1.92e-02 3.78e-08 3.54e-03 6.37e-04 3.42e-04 3.02e-04 2.91e-05
1.06e+00 1.27e+00 4.02e-03 1.27e+00 4.28e-03 5.24e-221 5.24e-221 6.69e-04 6.69e-04 6.69e-04 1.38e-04
1.10e+00 1.20e+00 8.41e-03 1.20e+00 8.53e-03 1.77e-23 1.77e-23 6.57e-04 4.10e-04 2.61e-04 3.30e-05
1.10e+00 9.84e-01 8.05e-02 9.70e-01 8.16e-02 3.54e-07 5.22e-03 5.68e-04 2.34e-04 1.17e-04 1.83e-05
1.10e+00 1.24e+00 6.07e-03 1.24e+00 7.39e-03 6.50e-56 2.34e-15 6.09e-04 5.02e-04 5.02e-04 2.45e-05
1.06e+00 1.33e+00 1.26e-01 1.32e+00 1.27e-01 2.75e-05 1.99e-04 9.21e-04 4.89e-04 2.16e-04 1.71e-05
1.10e+00 1.04e+00 3.13e-02 1.04e+00 3.14e-02 1.85e-08 1.98e-03 7.18e-04 2.45e-04 2.45e-04 1.44e-05
1.07e+00 9.77e-01 3.03e-02 9.70e-01 3.12e-02 4.02e-16 2.00e-03 7.29e-04 2.93e-04 2.23e-04 4.76e-05
1.07e+00 1.04e+00 1.08e-02 1.04e+00 1.10e-02 2.25e-05 1.62e-03 7.18e-04 2.45e-04 1.30e-04 2.89e-05
1.10e+00 1.10e+00 6.33e-02 1.07e+00 7.20e-02 3.05e-04 4.08e-03 5.12e-04 2.33e-04 1.18e-04 1.79e-05
1.06e+00 1.00e+00 5.66e-02 9.80e-01 6.02e-02 6.88e-05 4.53e-03 6.07e-04 2.34e-04 1.02e-04 1.10e-05
1.07e+00 1.04e+00 8.16e-03 1.04e+00 9.39e-03 4.66e-05 1.93e-03 8.41e-04 7.36e-04 1.78e-04 1.65e-04
1.09e+00 1.27e+00 2.42e-02 1.27e+00 2.43e-02 7.00e-17 3.88e-14 5.85e-04 2.72e-04 1.35e-04 2.35e-05
1.09e+00 1.23e+00 6.95e-03 1.23e+00 7.31e-03 7.60e-54 5.40e-41 6.21e-04 3.74e-04 3.74e-04 2.18e-05
1.10e+00 1.00e+00 1.48e-02 1.01e+00 1.62e-02 3.83e-11 2.85e-03 7.23e-04 4.40e-04 2.72e-04 6.90e-05
1.10e+00 1.09e+00 2.75e-02 1.09e+00 2.76e-02 7.70e-04 3.89e-03 6.76e-04 3.60e-04 2.10e-04 3.56e-05
1.09e+00 1.07e+00 3.76e-02 1.07e+00 3.76e-02 5.13e-04 4.99e-03 5.55e-04 2.58e-04 1.83e-04 1.79e-05
1.11e+00 1.18e+00 3.49e-02 1.19e+00 3.60e-02 6.25e-09 1.09e-04 6.88e-04 4.43e-04 1.83e-04 2.42e-05
1.08e+00 1.03e+00 1.50e-02 1.03e+00 1.51e-02 5.45e-06 2.52e-03 5.64e-04 2.46e-04 2.28e-04 3.62e-05
1.10e+00 1.11e+00 7.58e-02 1.04e+00 1.05e-01 2.71e-05 3.30e-03 5.09e-04 2.24e-04 1.23e-04 1.80e-05
1.10e+00 1.15e+00 4.07e-02 1.15e+00 4.07e-02 6.01e-05 2.04e-04 9.24e-05 4.02e-05 2.47e-05 3.44e-06
1.08e+00 1.09e+00 1.20e-02 1.09e+00 1.23e-02 5.83e-04 9.11e-04 6.56e-04 3.80e-04 3.80e-04 5.14e-05
1.08e+00 1.19e+00 9.83e-03 1.19e+00 1.00e-02 8.59e-23 8.59e-23 6.69e-04 3.33e-04 3.33e-04 5.38e-05
1.07e+00 1.01e+00 2.03e-02 1.02e+00 2.10e-02 2.41e-05 3.65e-03 5.95e-04 2.72e-04 1.74e-04 2.90e-05
1.07e+00 1.17e+00 4.75e-02 1.17e+00 4.75e-02 4.39e-06 1.11e-05 3.23e-05 1.42e-05 9.94e-06 1.42e-06
1.06e+00 1.12e+00 1.87e-01 1.01e+00 2.15e-01 4.45e-05 4.03e-03 6.21e-04 2.91e-04 1.74e-04 2.18e-05
1.09e+00 1.15e+00 1.50e-02 1.15e+00 1.51e-02 1.20e-06 1.35e-06 6.02e-04 3.24e-04 2.96e-04 2.52e-05
1.07e+00 1.34e+00 6.54e-02 1.34e+00 6.55e-02 1.05e-09 1.34e-08 4.29e-04 2.10e-04 1.44e-04 4.26e-05
1.07e+00 1.18e+00 2.09e-02 1.18e+00 2.13e-02 2.32e-09 2.69e-09 5.46e-04 3.17e-04 1.57e-04 3.07e-05
1.10e+00 1.06e+00 1.75e-02 1.05e+00 2.25e-02 5.17e-05 2.99e-03 6.91e-04 4.14e-04 2.63e-04 2.16e-05
1.07e+00 1.27e+00 7.46e-03 1.27e+00 7.74e-03 5.47e-48 5.73e-43 5.73e-04 2.88e-04 1.50e-04 4.03e-05
1.09e+00 1.19e+00 6.01e-02 1.19e+00 6.01e-02 1.96e-04 5.87e-04 5.57e-04 2.39e-04 1.28e-04 2.08e-05
1.07e+00 1.00e+00 2.00e-02 1.00e+00 2.02e-02 7.07e-06 3.65e-03 5.64e-04 3.24e-04 2.00e-04 2.55e-05
1.08e+00 1.35e+00 1.27e-02 1.35e+00 1.31e-02 7.80e-105 7.71e-98 6.49e-04 2.35e-04 1.47e-04 3.26e-05
1.10e+00 1.16e+00 7.46e-03 1.16e+00 8.47e-03 3.61e-15 3.61e-15 7.05e-04 6.20e-04 6.20e-04 8.15e-05
1.09e+00 1.24e+00 2.92e-03 1.24e+00 3.06e-03 0.00e+00 8.89e-208 6.77e-04 6.77e-04 6.77e-04 7.14e-05
1.08e+00 1.06e+00 5.62e-02 1.05e+00 5.74e-02 1.84e-04 1.73e-03 1.59e-04 6.41e-05 3.62e-05 5.17e-06
1.10e+00 1.04e+00 1.44e-02 1.04e+00 1.44e-02 8.17e-07 2.08e-03 7.18e-04 1.95e-04 1.88e-04 1.44e-05
1.08e+00 1.04e+00 2.36e-02 1.04e+00 2.40e-02 2.55e-04 4.31e-03 6.77e-04 3.89e-04 2.24e-04 2.54e-05
1.07e+00 1.01e+00 1.11e-02 1.01e+00 1.15e-02 1.11e-09 2.16e-03 6.61e-04 4.03e-04 2.47e-04 2.91e-05
1.11e+00 1.20e+00 7.61e-03 1.20e+00 7.83e-03 6.10e-28 6.10e-28 6.57e-04 3.86e-04 2.05e-04 3.96e-05
1.06e+00 9.82e-01 2.69e-02 9.80e-01 2.70e-02 1.17e-07 3.25e-03 6.62e-04 3.62e-04 1.86e-04 3.29e-05
1.09e+00 1.11e+00 1.26e-02 1.11e+00 1.31e-02 2.75e-04 3.52e-04 6.95e-04 3.42e-04 3.42e-04 2.30e-05
1.08e+00 1.29e+00 1.68e-02 1.30e+00 1.80e-02 9.49e-93 3.70e-86 4.72e-04 2.39e-04 1.26e-04 2.99e-05
1.07e+00 9.24e-01 1.59e-02 9.30e-01 1.71e-02 3.81e-15 9.42e-04 2.19e-04 1.37e-04 5.64e-05 9.81e-06
1.10e+00 1.02e+00 5.33e-03 1.02e+00 5.39e-03 1.93e-40 1.00e-03 7.21e-04 7.21e-04 1.74e-04 1.02e-04
1.11e+00 1.19e+00 5.40e-02 1.21e+00 5.73e-02 2.26e-07 2.90e-04 4.74e-04 4.54e-04 1.37e-04 2.41e-05
1.07e+00 9.90e-01 1.50e-02 9.90e-01 1.50e-02 3.67e-09 2.91e-03 6.64e-04 3.39e-04 3.32e-04 2.92e-05
1.10e+00 1.22e+00 1.13e-02 1.22e+00 1.15e-02 1.97e-17 1.98e-17 6.33e-04 3.75e-04 1.78e-04 3.82e-05
1.10e+00 1.24e+00 5.91e-03 1.24e+00 6.14e-03 7.65e-76 2.76e-35 6.09e-04 2.45e-04 2.45e-04 9.18e-05
1.06e+00 1.14e+00 1.02e-01 1.19e+00 1.12e-01 1.44e-11 1.22e-03 5.48e-04 2.99e-04 1.65e-04 3.03e-05
1.06e+00 1.23e+00 1.63e-02 1.23e+00 1.68e-02 4.38e-16 5.03e-08 5.40e-04 2.15e-04 1.72e-04 1.87e-05
1.07e+00 1.16e+00 6.55e-02 1.17e+00 6.58e-02 2.46e-05 1.10e-04 6.29e-05 2.52e-05 1.76e-05 2.00e-06
1.08e+00 1.13e+00 4.46e-02 1.13e+00 4.46e-02 1.58e-04 5.97e-04 2.05e-04 1.02e-04 5.59e-05 9.54e-06
1.08e+00 1.00e+00 4.45e-02 1.02e+00 4.78e-02 1.78e-04 9.57e-03 7.19e-04 3.94e-04 1.78e-04 2.17e-05
1.06e+00 9.86e-01 1.38e-02 9.90e-01 1.42e-02 5.08e-09 2.66e-03 7.04e-04 3.94e-04 1.82e-04 4.38e-05
1.06e+00 1.51e+00 1.09e-01 1.45e+00 1.24e-01 3.79e-06 8.10e-05 3.87e-04 1.37e-04 6.56e-05 9.37e-06
1.11e+00 1.24e+00 6.49e-03 1.24e+00 6.86e-03 8.92e-58 8.97e-58 6.77e-04 3.88e-04 3.88e-04 9.86e-05
1.08e+00 1.07e+00 2.56e-02 1.07e+00 2.59e-02 5.95e-04 3.20e-03 6.23e-04 3.01e-04 1.50e-04 2.15e-05
1.09e+00 1.40e+00 1.69e-01 1.45e+00 1.77e-01 1.50e-05 4.93e-04 5.62e-04 1.25e-04 3.75e-05 6.25e-06
1.05e+00 9.92e-01 1.45e-02 9.90e-01 1.47e-02 4.48e-08 2.83e-03 6.78e-04 3.79e-04 2.52e-04 3.28e-05
1.08e+00 1.07e+00 2.71e-02 1.06e+00 2.86e-02 1.11e-04 6.31e-04 1.29e-04 4.32e-05 3.95e-05 3.66e-06
1.10e+00 1.07e+00 3.95e-02 1.06e+00 4.12e-02 1.39e-04 1.59e-03 1.85e-04 7.78e-05 4.64e-05 4.64e-06
1.10e+00 1.21e+00 7.91e-02 1.24e+00 8.57e-02 1.08e-05 8.42e-04 4.62e-04 1.50e-04 8.57e-05 1.22e-05
1.07e+00 1.23e+00 1.47e-02 1.23e+00 1.49e-02 8.91e-19 2.27e-15 5.21e-04 2.90e-04 1.90e-04 3.12e-05
1.07e+00 1.26e+00 4.76e-03 1.26e+00 4.84e-03 7.79e-182 1.98e-149 6.72e-04 6.72e-04 6.72e-04 4.05e-05
1.06e+00 9.47e-01 4.08e-02 9.40e-01 4.13e-02 2.21e-05 4.77e-03 6.52e-04 2.14e-04 1.07e-04 1.11e-05
1.07e+00 1.26e+00 3.81e-03 1.26e+00 3.81e-03 6.59e-198 5.73e-168 6.72e-04 6.72e-04 6.72e-04 4.39e-05
1.10e+00 1.16e+00 3.85e-02 1.16e+00 3.87e-02 2.73e-04 7.37e-04 5.80e-04 2.51e-04 1.61e-04 2.10e-05
1.09e+00 1.01e+00 5.90e-02 1.03e+00 6.26e-02 2.80e-04 1.07e-02 6.63e-04 3.00e-04 1.41e-04 2.14e-05
1.10e+00 1.14e+00 9.47e-02 1.07e+00 1.17e-01 5.72e-04 5.45e-03 5.24e-04 1.90e-04 1.33e-04 1.44e-05
1.08e+00 1.23e+00 1.35e-01 1.29e+00 1.46e-01 5.41e-05 1.97e-03 3.81e-04 1.41e-04 7.73e-05 1.10e-05
1.06e+00 9.46e-01 5.29e-03 9.50e-01 6.85e-03 6.80e-19 4.40e-04 2.45e-04 1.88e-04 1.88e-04 1.88e-04
1.06e+00 1.06e+00 4.33e-02 1.05e+00 4.38e-02 1.73e-04 1.14e-03 1.47e-04 5.93e-05 3.15e-05 4.78e-06
1.08e+00 1.16e+00 1.13e-01 1.24e+00 1.38e-01 4.76e-15 9.96e-04 5.17e-04 2.02e-04 1.44e-04 2.75e-05
1.06e+00 9.95e-01 9.57e-03 1.00e+00 1.06e-02 4.93e-14 1.74e-03 7.24e-04 2.55e-04 2.18e-04 2.18e-05
1.06e+00 1.43e+00 4.60e-03 1.43e+00 5.02e-03 2.16e-199 6.68e-167 6.27e-04 6.27e-04 1.92e-04 2.21e-05
1.09e+00 1.01e+00 1.27e-02 1.01e+00 1.28e-02 6.91e-10 2.37e-03 6.29e-04 3.16e-04 3.16e-04 4.00e-05
1.10e+00 1.04e+00 8.50e-02 1.00e+00 9.30e-02 6.11e-05 5.76e-03 5.87e-04 1.86e-04 8.02e-05 1.09e-05
1.10e+00 1.04e+00 3.62e-02 1.04e+00 3.63e-02 8.70e-05 2.67e-03 2.98e-04 1.12e-04 7.14e-05 7.14e-06
1.08e+00 1.12e+00 5.92e-03 1.12e+00 7.58e-03 1.80e-08 1.81e-08 7.53e-04 6.73e-04 6.73e-04 3.78e-05
1.09e+00 1.27e+00 1.14e-02 1.27e+00 1.21e-02 1.56e-83 2.86e-83 6.69e-04 2.83e-04 2.56e-04 4.71e-05
1.08e+00 1.05e+00 6.50e-02 1.00e+00 8.45e-02 2.23e-04 5.16e-03 5.06e-04 1.97e-04 1.60e-04 2.19e-05
1.09e+00 1.18e+00 4.18e-02 1.19e+00 4.23e-02 3.14e-06 9.02e-06 2.41e-05 1.20e-05 6.31e-06 9.23e-07
1.09e+00 1.08e+00 5.95e-02 1.06e+00 6.29e-02 4.41e-05 4.61e-04 3.98e-05 1.67e-05 9.88e-06 1.52e-06
1.08e+00 1.06e+00 6.29e-03 1.06e+00 6.63e-03 7.88e-06 1.38e-03 8.20e-04 4.08e-04 4.08e-04 1.36e-04
1.11e+00 1.01e+00 3.60e-02 1.01e+00 3.60e-02 2.51e-05 6.13e-03 5.74e-04 2.47e-04 1.60e-04 2.18e-05
1.09e+00 1.17e+00 7.32e-03 1.17e+00 8.62e-03 2.48e-30 2.48e-30 6.88e-04 6.84e-04 6.84e-04 8.99e-05
1.09e+00 1.01e+00 8.09e-03 1.01e+00 8.11e-03 3.60e-20 1.50e-03 7.23e-04 4.00e-04 3.09e-04 3.27e-05
1.09e+00 1.07e+00 6.06e-02 1.04e+00 6.63e-02 2.37e-05 3.24e-03 5.27e-04 1.77e-04 1.01e-04 1.08e-05
1.10e+00 1.24e+00 6.50e-03 1.24e+00 6.60e-03 2.49e-63 3.71e-27 6.09e-04 2.51e-04 2.51e-04 1.41e-04
1.07e+00 1.22e+00 1.73e-02 1.22e+00 1.73e-02 5.03e-17 1.28e-07 6.14e-04 3.12e-04 1.53e-04 2.86e-05
1.09e+00 1.16e+00 1.11e-02 1.17e+00 1.24e-02 1.28e-12 1.28e-12 6.83e-04 3.31e-04 3.07e-04 4.88e-05
1.08e+00 1.16e+00 1.04e-01 1.23e+00 1.23e-01 2.49e-05 1.86e-03 5.02e-04 2.22e-04 1.25e-04 1.56e-05
1.09e+00 1.28e+00 4.57e-03 1.28e+00 4.75e-03 2.13e-214 3.18e-159 5.61e-04 5.61e-04 1.30e-04 3.38e-05
1.06e+00 1.08e+00 1.91e-02 1.08e+00 1.92e-02 3.92e-04 6.68e-04 6.38e-04 2.93e-04 2.09e-04 4.01e-05
1.11e+00 1.03e+00 6.35e-03 1.03e+00 7.40e-03 6.65e-30 1.30e-03 7.20e-04 4.74e-04 4.74e-04 4.34e-05
