1.36e+00 1.47e+00 1.09e-02 1.47e+00 1.15e-02 3.96e-15 9.35e-15 3.86e-04 1.49e-04 1.16e-04 2.14e-05
1.36e+00 1.76e+00 1.27e-02 1.75e+00 1.65e-02 3.64e-252 2.85e-132 2.06e-07 8.17e-08 8.17e-08 7.24e-09
1.33e+00 1.24e+00 3.35e-02 1.24e+00 3.38e-02 3.56e-03 2.31e+00 2.40e-01 1.09e-01 6.08e-02 7.60e-03
1.33e+00 1.39e+00 2.41e-02 1.39e+00 2.41e-02 2.18e-04 4.98e-04 7.83e-03 3.36e-03 1.82e-03 2.33e-04
1.32e+00 1.38e+00 2.70e-02 1.38e+00 2.70e-02 1.64e-03 2.75e-03 8.81e-03 4.46e-03 2.40e-03 4.00e-04
1.34e+00 1.41e+00 1.81e-02 1.41e+00 1.82e-02 8.20e-07 9.18e-07 2.44e-03 1.47e-03 8.23e-04 1.26e-04
1.37e+00 1.39e+00 3.99e-02 1.39e+00 4.01e-02 9.15e-03 3.73e-02 8.10e-03 3.89e-03 2.16e-03 3.24e-04
1.35e+00 1.45e+00 5.82e-02 1.46e+00 5.84e-02 1.23e-04 2.05e-03 1.23e-02 5.91e-03 3.89e-03 3.61e-04
1.33e+00 1.24e+00 5.78e-02 1.23e+00 5.95e-02 4.75e-02 2.03e+00 1.24e-01 5.97e-02 2.98e-02 4.26e-03
1.32e+00 1.34e+00 4.67e-02 1.35e+00 4.77e-02 5.98e-02 2.78e-01 5.65e-02 2.43e-02 1.20e-02 1.71e-03
1.34e+00 1.71e+00 7.03e-03 1.71e+00 7.66e-03 0.00e+00 0.00e+00 7.09e-07 3.95e-07 3.95e-07 6.06e-08
1.33e+00 1.72e+00 7.39e-03 1.72e+00 7.43e-03 0.00e+00 4.37e-263 5.43e-07 1.80e-07 1.55e-07 3.27e-08
1.36e+00 1.65e+00 1.90e-02 1.65e+00 1.96e-02 1.10e-68 2.93e-54 2.96e-06 1.25e-06 5.86e-07 1.74e-07
1.35e+00 1.62e+00 2.15e-02 1.62e+00 2.16e-02 1.04e-57 4.77e-50 5.51e-06 3.29e-06 1.49e-06 1.73e-07
1.33e+00 1.38e+00 6.38e-02 1.34e+00 7.32e-02 4.90e-03 1.50e-02 4.56e-03 1.46e-03 9.27e-04 1.32e-04
1.31e+00 1.26e+00 3.95e-02 1.24e+00 4.58e-02 3.14e-02 3.61e-01 3.86e-02 1.88e-02 1.14e-02 2.03e-03
1.32e+00 1.31e+00 4.94e-02 1.32e+00 5.01e-02 4.32e-02 2.94e-01 3.20e-02 1.44e-02 7.34e-03 8.89e-04
1.33e+00 1.34e+00 3.82e-02 1.36e+00 4.23e-02 3.74e-03 1.92e-02 8.51e-03 3.11e-03 2.73e-03 2.39e-04
1.34e+00 1.36e+00 3.86e-02 1.36e+00 3.86e-02 1.52e-02 5.30e-02 1.40e-02 7.56e-03 3.42e-03 5.40e-04
1.34e+00 1.46e+00 1.29e-02 1.46e+00 1.30e-02 3.75e-16 3.79e-16 3.99e-04 2.39e-04 1.50e-04 2.60e-05
1.36e+00 1.36e+00 5.20e-02 1.39e+00 5.96e-02 6.63e-03 6.37e-02 6.88e-03 3.81e-03 2.45e-03 3.50e-04
1.37e+00 1.47e+00 2.53e-02 1.46e+00 2.80e-02 6.81e-09 1.04e-08 1.24e-03 5.79e-04 2.86e-04 3.76e-05
1.34e+00 1.23e+00 8.78e-02 1.27e+00 9.62e-02 4.95e-02 1.93e+00 7.65e-02 3.13e-02 1.84e-02 2.30e-03
1.33e+00 1.31e+00 5.48e-02 1.30e+00 5.54e-02 4.45e-02 4.62e-01 4.08e-02 1.77e-02 9.22e-03 1.46e-03
1.32e+00 1.45e+00 1.13e-02 1.45e+00 1.17e-02 2.32e-35 2.32e-35 2.43e-04 2.38e-04 1.30e-04 2.17e-05
1.35e+00 1.66e+00 8.48e-03 1.66e+00 8.88e-03 6.69e-307 2.92e-263 2.60e-06 1.78e-06 9.80e-07 3.92e-07
1.32e+00 1.70e+00 1.13e-02 1.71e+00 1.24e-02 1.99e-253 3.81e-146 7.09e-07 3.35e-07 3.35e-07 4.99e-08
1.32e+00 1.29e+00 5.02e-02 1.31e+00 5.30e-02 5.13e-02 3.93e-01 4.23e-02 1.66e-02 9.68e-03 1.11e-03
1.32e+00 1.30e+00 3.44e-02 1.30e+00 3.46e-02 1.03e-01 6.98e-01 1.01e-01 4.39e-02 2.41e-02 3.01e-03
1.33e+00 1.47e+00 2.48e-02 1.47e+00 2.51e-02 1.42e-08 2.63e-08 1.44e-03 5.76e-04 3.24e-04 6.30e-05
1.32e+00 1.34e+00 1.30e-01 1.40e+00 1.44e-01 6.09e-03 1.52e-01 3.33e-02 9.67e-03 5.85e-03 6.75e-04
1.36e+00 1.38e+00 1.56e-02 1.38e+00 1.56e-02 4.90e-03 7.37e-03 1.50e-02 8.87e-03 6.52e-03 8.15e-04
1.34e+00 1.12e+00 7.67e-02 1.10e+00 7.85e-02 3.77e-02 2.81e+01 1.35e+00 4.79e-01 2.84e-01 4.44e-02
1.35e+00 1.39e+00 5.50e-02 1.39e+00 5.50e-02 6.49e-03 3.23e-02 6.98e-03 2.96e-03 2.09e-03 2.18e-04
1.34e+00 1.29e+00 4.91e-02 1.29e+00 4.92e-02 5.11e-02 1.32e+00 1.16e-01 4.76e-02 2.45e-02 2.89e-03
1.34e+00 1.41e+00 7.68e-02 1.44e+00 8.34e-02 2.55e-03 1.44e-02 3.40e-03 1.44e-03 8.21e-04 1.14e-04
1.33e+00 1.31e+00 6.31e-03 1.31e+00 6.51e-03 6.35e-04 8.82e-02 5.53e-02 2.25e-02 2.25e-02 9.17e-03
1.35e+00 1.27e+00 4.82e-02 1.24e+00 5.66e-02 1.20e-02 5.75e-01 4.08e-02 1.78e-02 1.11e-02 1.98e-03
1.34e+00 1.69e+00 4.34e-02 1.69e+00 4.34e-02 1.86e-19 4.92e-11 5.98e-06 2.93e-06 1.39e-06 1.88e-07
1.30e+00 1.15e+00 7.76e-02 1.08e+00 1.04e-01 1.45e-02 4.92e+00 2.95e-01 1.26e-01 7.78e-02 7.98e-03
1.32e+00 1.69e+00 1.24e-02 1.69e+00 1.27e-02 1.42e-192 1.06e-112 9.06e-07 7.79e-07 4.71e-07 3.62e-08
1.31e+00 1.06e+00 7.19e-02 1.04e+00 7.46e-02 6.22e-03 1.47e+01 1.65e+00 8.87e-01 5.41e-01 3.24e-02
1.34e+00 1.71e+00 4.01e-02 1.71e+00 4.03e-02 4.32e-19 1.60e-11 3.39e-06 1.50e-06 9.65e-07 1.03e-07
1.35e+00 1.47e+00 2.46e-02 1.47e+00 2.48e-02 4.64e-07 8.51e-07 1.15e-02 5.48e-03 2.47e-03 4.68e-04
1.33e+00 1.41e+00 1.19e-01 1.51e+00 1.54e-01 9.50e-04 2.64e-02 4.44e-03 1.90e-03 1.16e-03 1.38e-04
1.36e+00 1.37e+00 5.29e-02 1.39e+00 5.57e-02 8.73e-03 4.88e-02 9.14e-03 3.37e-03 2.21e-03 3.68e-04
1.35e+00 1.30e+00 1.77e-01 1.43e+00 2.22e-01 5.80e-03 1.83e-01 1.21e-02 4.13e-03 2.19e-03 4.05e-04
1.35e+00 1.27e+00 4.15e-02 1.26e+00 4.22e-02 8.95e-03 1.59e+00 1.85e-01 6.80e-02 3.78e-02 4.32e-03
1.33e+00 1.11e+00 6.35e-02 1.07e+00 7.64e-02 4.18e-03 1.43e+01 9.62e-01 3.62e-01 2.57e-01 4.29e-02
1.36e+00 1.32e+00 1.26e-02 1.32e+00 1.27e-02 1.99e-03 6.13e-01 1.65e-01 1.18e-01 4.76e-02 1.19e-02
1.36e+00 1.34e+00 3.59e-02 1.34e+00 3.59e-02 2.26e-02 2.05e-01 2.42e-02 1.08e-02 6.36e-03 7.39e-04
1.34e+00 1.60e+00 2.50e-02 1.60e+00 2.50e-02 4.49e-41 4.83e-38 1.16e-05 4.65e-06 4.58e-06 7.26e-07
1.37e+00 1.47e+00 7.56e-02 1.48e+00 7.67e-02 3.73e-04 2.03e-03 1.26e-03 5.23e-04 2.66e-04 4.15e-05
1.34e+00 1.47e+00 7.88e-03 1.47e+00 8.15e-03 3.72e-37 3.72e-37 2.07e-04 1.26e-04 6.43e-05 1.66e-05
1.35e+00 1.45e+00 3.87e-02 1.47e+00 4.55e-02 1.99e-04 5.95e-04 1.81e-03 8.33e-04 4.17e-04 6.94e-05
1.35e+00 1.29e+00 4.10e-02 1.28e+00 4.26e-02 3.11e-02 6.80e-01 6.17e-02 2.80e-02 2.03e-02 2.68e-03
1.34e+00 1.48e+00 3.12e-02 1.47e+00 3.17e-02 2.54e-06 5.19e-06 1.47e-03 7.12e-04 3.00e-04 5.62e-05
1.33e+00 1.18e+00 1.27e-01 1.17e+00 1.27e-01 7.92e-04 7.54e-01 4.24e-02 1.52e-02 8.98e-03 1.24e-03
1.36e+00 1.44e+00 8.39e-02 1.45e+00 8.40e-02 7.71e-04 2.96e-03 2.43e-03 9.88e-04 5.01e-04 7.37e-05
1.34e+00 1.34e+00 5.55e-02 1.34e+00 5.55e-02 2.32e-02 1.71e-01 1.81e-02 8.65e-03 4.79e-03 7.01e-04
1.33e+00 1.48e+00 1.49e-02 1.48e+00 1.49e-02 2.42e-14 3.85e-14 7.62e-04 3.45e-04 2.87e-04 2.69e-05
1.33e+00 1.62e+00 1.16e-01 1.63e+00 1.17e-01 5.57e-11 1.69e-06 2.09e-05 9.68e-06 6.02e-06 6.54e-07
1.34e+00 1.63e+00 1.45e-02 1.63e+00 1.50e-02 3.96e-127 1.25e-113 5.37e-06 2.88e-06 1.66e-06 3.05e-07
1.35e+00 1.59e+00 2.01e-02 1.59e+00 2.01e-02 1.17e-58 1.18e-58 1.20e-05 5.27e-06 5.20e-06 4.92e-07
1.32e+00 1.20e+00 4.38e-02 1.22e+00 4.83e-02 3.97e-03 3.93e+00 3.32e-01 1.28e-01 7.02e-02 1.06e-02
1.34e+00 1.42e+00 2.71e-02 1.42e+00 2.75e-02 3.65e-05 5.28e-05 4.06e-03 2.12e-03 1.21e-03 1.40e-04
1.38e+00 1.47e+00 2.19e-02 1.47e+00 2.20e-02 5.53e-06 6.56e-06 9.03e-03 5.78e-03 2.35e-03 4.21e-04
1.36e+00 1.29e+00 6.65e-02 1.28e+00 6.71e-02 5.81e-32 3.98e-04 1.69e-04 4.92e-05 4.33e-05 6.79e-06
1.34e+00 1.58e+00 2.24e-02 1.58e+00 2.28e-02 5.07e-47 8.66e-47 1.82e-05 6.95e-06 6.44e-06 1.02e-06
1.31e+00 1.26e+00 4.68e-02 1.26e+00 4.69e-02 4.36e-02 1.41e+00 1.30e-01 4.94e-02 2.64e-02 3.53e-03
1.35e+00 1.66e+00 1.69e-02 1.66e+00 1.71e-02 3.36e-88 9.33e-64 2.10e-06 9.02e-07 6.56e-07 1.05e-07
1.35e+00 1.32e+00 5.57e-02 1.34e+00 5.77e-02 2.61e-02 2.47e-01 2.13e-02 9.18e-03 5.81e-03 6.75e-04
1.33e+00 1.60e+00 9.27e-03 1.60e+00 9.30e-03 2.83e-253 2.83e-253 1.14e-05 5.95e-06 5.95e-06 9.72e-07
1.34e+00 1.31e+00 4.38e-02 1.32e+00 4.51e-02 3.19e-02 2.53e-01 2.50e-02 1.24e-02 7.49e-03 1.02e-03
1.32e+00 1.25e+00 3.25e-02 1.24e+00 3.45e-02 2.86e-02 6.95e-01 1.23e-01 5.74e-02 2.56e-02 3.10e-03
1.35e+00 1.44e+00 5.83e-02 1.47e+00 6.74e-02 1.80e-04 2.47e-03 1.95e-03 6.40e-04 3.37e-04 5.82e-05
1.32e+00 1.33e+00 7.37e-02 1.34e+00 7.39e-02 2.34e-02 1.57e-01 1.91e-02 7.57e-03 4.34e-03 4.96e-04
1.33e+00 1.33e+00 1.53e-01 1.46e+00 2.01e-01 5.61e-07 8.20e-02 1.34e-02 6.40e-03 3.89e-03 7.29e-04
1.35e+00 1.66e+00 6.48e-03 1.66e+00 6.57e-03 0.00e+00 0.00e+00 2.60e-06 1.01e-06 6.40e-07 6.40e-07
1.33e+00 1.26e+00 5.49e-02 1.25e+00 5.54e-02 4.45e-02 1.69e+00 1.25e-01 4.46e-02 2.72e-02 3.78e-03
1.36e+00 1.67e+00 1.13e-02 1.66e+00 1.25e-02 5.54e-171 6.09e-135 2.02e-06 1.05e-06 1.05e-06 1.57e-07
1.36e+00 1.69e+00 1.79e-02 1.69e+00 1.79e-02 7.99e-82 1.78e-55 1.07e-06 5.91e-07 3.17e-07 3.05e-08
1.35e+00 1.69e+00 4.31e-02 1.69e+00 4.31e-02 1.06e-20 6.27e-12 6.51e-06 3.03e-06 1.97e-06 2.10e-07
1.35e+00 1.58e+00 1.62e-02 1.58e+00 1.62e-02 2.50e-77 2.50e-77 1.61e-05 8.20e-06 3.35e-06 7.94e-07
1.33e+00 1.45e+00 2.12e-02 1.46e+00 2.32e-02 1.26e-09 2.31e-09 1.50e-03 7.38e-04 6.35e-04 5.61e-05
1.36e+00 1.33e+00 2.91e-02 1.32e+00 3.00e-02 8.08e-02 1.29e+00 1.67e-01 9.01e-02 4.71e-02 6.01e-03
1.35e+00 1.72e+00 6.80e-03 1.72e+00 6.85e-03 0.00e+00 6.87e-305 5.43e-07 1.66e-07 1.31e-07 2.18e-08
1.33e+00 1.23e+00 1.09e-01 1.23e+00 1.09e-01 6.73e-05 4.57e-01 3.47e-02 9.54e-03 5.68e-03 9.08e-04
1.36e+00 1.19e+00 8.28e-02 1.19e+00 8.28e-02 8.46e-03 3.79e+00 1.82e-01 5.99e-02 4.28e-02 4.89e-03
1.35e+00 1.40e+00 4.10e-02 1.41e+00 4.16e-02 3.12e-03 1.02e-02 5.93e-03 2.89e-03 1.46e-03 1.88e-04
1.37e+00 1.36e+00 6.44e-02 1.32e+00 7.70e-02 3.44e-03 5.85e-02 6.32e-03 2.19e-03 1.49e-03 2.48e-04
1.38e+00 1.47e+00 2.68e-02 1.48e+00 2.72e-02 3.75e-05 5.15e-05 8.54e-03 4.78e-03 2.39e-03 3.98e-04
1.33e+00 1.35e+00 1.82e-02 1.34e+00 1.96e-02 7.68e-02 1.30e-01 1.26e-01 6.03e-02 4.60e-02 3.24e-03
1.31e+00 1.11e+00 1.01e-01 1.04e+00 1.22e-01 1.48e-02 8.73e+00 6.96e-01 2.03e-01 9.67e-02 1.45e-02
1.32e+00 1.32e+00 4.75e-02 1.32e+00 4.76e-02 3.92e-02 2.17e-01 3.16e-02 1.20e-02 8.09e-03 7.89e-04
1.37e+00 1.45e+00 3.47e-02 1.45e+00 3.48e-02 5.47e-04 1.17e-03 1.52e-02 8.34e-03 5.20e-03 6.28e-04
1.34e+00 1.66e+00 4.41e-02 1.66e+00 4.43e-02 4.50e-20 3.88e-12 1.42e-05 6.15e-06 4.10e-06 5.59e-07
1.34e+00 1.62e+00 1.37e-02 1.62e+00 1.43e-02 1.88e-123 1.09e-120 6.14e-06 3.39e-06 1.48e-06 2.82e-07
1.35e+00 1.57e+00 1.62e-02 1.57e+00 1.62e-02 4.70e-70 4.70e-70 2.28e-05 1.08e-05 4.93e-06 9.38e-07
1.32e+00 1.31e+00 4.91e-02 1.33e+00 5.28e-02 2.91e-02 2.46e-01 2.29e-02 1.41e-02 6.55e-03 1.04e-03
1.36e+00 1.37e+00 4.07e-02 1.37e+00 4.07e-02 1.35e-02 5.90e-02 1.17e-02 4.89e-03 3.33e-03 3.70e-04
1.33e+00 1.70e+00 9.45e-03 1.70e+00 9.70e-03 0.00e+00 2.67e-231 9.24e-07 5.01e-07 5.01e-07 7.43e-08
1.33e+00 1.68e+00 3.53e-02 1.68e+00 3.56e-02 6.12e-29 5.69e-15 6.77e-06 3.61e-06 1.56e-06 2.67e-07
1.33e+00 1.45e+00 1.13e-02 1.46e+00 1.55e-02 3.02e-39 3.02e-39 2.51e-04 1.55e-04 8.34e-05 1.26e-05
1.37e+00 1.55e+00 1.79e-02 1.55e+00 1.79e-02 6.22e-26 6.74e-09 5.26e-04 3.26e-04 1.78e-04 2.15e-05
1.36e+00 1.67e+00 5.60e-03 1.67e+00 5.68e-03 0.00e+00 0.00e+00 2.01e-06 2.01e-06 6.18e-07 3.34e-07
1.33e+00 1.48e+00 6.42e-03 1.48e+00 6.54e-03 5.38e-73 5.39e-73 1.66e-04 6.61e-05 6.61e-05 3.76e-05
1.32e+00 1.31e+00 4.47e-02 1.31e+00 4.49e-02 4.98e-02 3.17e-01 4.28e-02 1.69e-02 8.57e-03 1.04e-03
1.33e+00 1.32e+00 1.25e-02 1.32e+00 1.34e-02 1.31e-01 4.93e-01 1.57e-01 8.32e-02 8.32e-02 5.48e-03
1.33e+00 1.39e+00 2.93e-02 1.39e+00 2.96e-02 8.40e-04 1.54e-03 7.42e-03 4.02e-03 1.56e-03 3.58e-04
1.35e+00 1.36e+00 5.02e-02 1.36e+00 5.02e-02 1.69e-02 9.89e-02 1.46e-02 6.39e-03 3.54e-03 5.18e-04
1.34e+00 1.39e+00 6.99e-02 1.42e+00 7.59e-02 2.22e-03 2.11e-02 3.13e-03 1.70e-03 9.80e-04 1.28e-04
1.36e+00 1.27e+00 7.12e-02 1.29e+00 7.28e-02 3.95e-02 1.14e+00 6.12e-02 2.52e-02 1.67e-02 1.94e-03
1.33e+00 1.46e+00 3.36e-03 1.46e+00 3.36e-03 7.15e-94 7.38e-94 2.51e-04 2.51e-04 2.51e-04 1.52e-05
1.36e+00 1.40e+00 1.16e-02 1.40e+00 1.21e-02 6.06e-05 6.73e-05 7.63e-03 4.31e-03 3.11e-03 6.64e-04
1.32e+00 1.23e+00 2.79e-02 1.24e+00 2.84e-02 8.93e-03 1.89e+00 2.63e-01 1.10e-01 6.27e-02 7.83e-03
1.33e+00 1.49e+00 1.02e-02 1.49e+00 1.02e-02 1.06e-17 1.96e-16 5.44e-03 3.80e-03 3.80e-03 5.74e-04
1.35e+00 1.31e+00 5.75e-02 1.29e+00 6.08e-02 2.10e-02 4.62e-01 4.16e-02 1.38e-02 9.46e-03 1.35e-03
1.32e+00 1.68e+00 4.11e-02 1.68e+00 4.12e-02 5.89e-20 2.48e-12 7.45e-06 3.21e-06 1.77e-06 2.79e-07
1.35e+00 1.38e+00 5.91e-02 1.38e+00 5.92e-02 1.01e-02 6.07e-02 8.24e-03 4.18e-03 2.33e-03 3.25e-04
1.37e+00 1.29e+00 1.16e-02 1.29e+00 1.23e-02 1.48e-11 8.38e-01 3.14e-01 1.26e-01 9.78e-02 2.84e-02
1.32e+00 1.23e+00 5.28e-02 1.24e+00 5.36e-02 4.33e-02 2.83e+00 1.87e-01 8.57e-02 4.80e-02 5.72e-03
1.33e+00 1.31e+00 4.33e-02 1.30e+00 4.56e-02 2.64e-02 3.01e-01 5.32e-02 2.16e-02 1.06e-02 1.18e-03
1.35e+00 1.29e+00 6.41e-02 1.31e+00 6.86e-02 3.11e-02 7.18e-01 4.03e-02 1.74e-02 1.01e-02 1.09e-03
1.32e+00 1.67e+00 3.70e-02 1.68e+00 3.77e-02 5.22e-28 4.84e-18 1.03e-05 4.10e-06 2.67e-06 3.73e-07
1.32e+00 1.50e+00 8.49e-03 1.50e+00 9.35e-03 4.13e-08 1.45e-07 3.82e-03 2.46e-03 8.26e-04 7.11e-04
1.32e+00 1.72e+00 5.60e-03 1.72e+00 5.60e-03 0.00e+00 0.00e+00 5.43e-07 5.43e-07 1.09e-07 9.82e-08
1.32e+00 1.11e+00 6.95e-02 1.07e+00 8.08e-02 1.83e-02 2.04e+01 9.63e-01 4.52e-01 2.82e-01 3.93e-02
1.32e+00 1.43e+00 5.74e-02 1.44e+00 5.77e-02 3.78e-05 2.89e-03 1.91e-02 7.73e-03 4.55e-03 5.69e-04
1.35e+00 1.61e+00 4.84e-02 1.61e+00 4.84e-02 4.60e-15 1.09e-11 4.22e-05 2.12e-05 1.56e-05 2.12e-06
1.38e+00 1.47e+00 1.78e-01 1.55e+00 1.94e-01 6.24e-25 4.52e-04 3.49e-04 1.43e-04 8.89e-05 1.03e-05
1.36e+00 1.40e+00 5.75e-02 1.43e+00 6.44e-02 3.04e-03 1.65e-02 2.85e-03 1.55e-03 9.72e-04 1.59e-04
1.32e+00 1.67e+00 4.15e-02 1.68e+00 4.20e-02 1.58e-23 5.97e-15 1.05e-05 4.50e-06 2.44e-06 4.38e-07
1.35e+00 1.40e+00 6.03e-02 1.41e+00 6.07e-02 9.68e-03 2.81e-02 3.48e-02 1.56e-02 1.03e-02 1.07e-03
1.32e+00 1.66e+00 5.01e-02 1.67e+00 5.07e-02 3.26e-18 2.93e-09 1.08e-05 4.60e-06 2.76e-06 4.25e-07
1.31e+00 1.12e+00 1.49e-01 1.03e+00 1.76e-01 2.21e-03 1.60e+00 1.27e-01 3.75e-02 2.06e-02 2.81e-03
1.32e+00 1.26e+00 4.74e-02 1.26e+00 4.76e-02 6.51e-02 1.79e+00 1.60e-01 6.16e-02 3.53e-02 4.04e-03
1.33e+00 1.29e+00 5.41e-02 1.28e+00 5.56e-02 6.69e-02 9.90e-01 7.80e-02 3.46e-02 1.80e-02 1.95e-03
1.35e+00 1.48e+00 6.01e-02 1.49e+00 6.17e-02 5.91e-07 2.79e-03 7.12e-03 3.43e-03 1.49e-03 1.76e-04
1.34e+00 1.71e+00 7.87e-03 1.71e+00 7.87e-03 0.00e+00 2.93e-269 7.09e-07 3.21e-07 2.74e-07 4.63e-08
1.36e+00 1.46e+00 2.62e-02 1.47e+00 2.68e-02 1.62e-06 5.41e-05 1.16e-02 5.30e-03 3.03e-03 4.82e-04
1.33e+00 1.46e+00 8.19e-03 1.46e+00 9.06e-03 4.43e-42 4.65e-42 2.52e-04 1.59e-04 5.31e-05 3.92e-05
1.33e+00 1.23e+00 4.31e-02 1.20e+00 5.13e-02 4.34e-03 1.55e+00 1.24e-01 6.59e-02 4.23e-02 4.88e-03
1.36e+00 1.65e+00 1.03e-02 1.65e+00 1.07e-02 6.72e-179 1.97e-158 3.35e-06 1.40e-06 7.90e-07 1.34e-07
1.33e+00 1.23e+00 7.19e-02 1.23e+00 7.19e-02 2.42e-02 2.04e+00 1.29e-01 5.30e-02 2.87e-02 3.59e-03
1.36e+00 1.32e+00 1.25e-02 1.32e+00 1.33e-02 4.82e-03 6.04e-01 1.60e-01 8.84e-02 8.84e-02 5.83e-03
1.34e+00 1.40e+00 5.97e-02 1.43e+00 6.75e-02 4.74e-04 9.35e-03 3.65e-03 1.53e-03 8.34e-04 1.43e-04
1.34e+00 1.43e+00 5.31e-02 1.44e+00 5.37e-02 9.27e-04 2.92e-03 3.20e-03 1.45e-03 8.56e-04 9.95e-05
1.32e+00 1.48e+00 5.16e-02 1.47e+00 5.33e-02 3.08e-05 8.37e-05 1.32e-03 5.29e-04 3.04e-04 3.11e-05
1.36e+00 1.46e+00 1.64e-02 1.47e+00 1.93e-02 6.05e-10 6.43e-10 8.18e-04 3.93e-04 1.61e-04 2.48e-05
1.35e+00 1.38e+00 8.30e-02 1.35e+00 8.97e-02 6.35e-03 3.55e-02 4.76e-03 1.92e-03 1.21e-03 1.60e-04
1.37e+00 1.20e+00 1.45e-01 1.15e+00 1.55e-01 3.68e-03 5.72e-01 2.73e-02 6.69e-03 4.01e-03 7.65e-04
1.35e+00 1.43e+00 2.07e-02 1.43e+00 2.10e-02 2.44e-06 2.94e-06 2.18e-03 1.33e-03 6.26e-04 8.16e-05
1.34e+00 1.24e+00 3.94e-02 1.25e+00 4.00e-02 9.03e-03 5.02e+00 3.95e-01 1.90e-01 1.10e-01 1.79e-02
1.32e+00 1.19e+00 9.67e-02 1.24e+00 1.10e-01 3.92e-02 3.25e+00 1.13e-01 5.54e-02 3.09e-02 3.96e-03
1.33e+00 1.28e+00 4.73e-02 1.29e+00 4.78e-02 7.04e-02 1.25e+00 1.09e-01 4.29e-02 2.42e-02 3.46e-03
1.34e+00 1.16e+00 1.84e-01 1.05e+00 2.14e-01 1.55e-04 1.28e-01 1.02e-02 3.41e-03 1.97e-03 2.62e-04
1.35e+00 1.28e+00 3.85e-02 1.29e+00 3.91e-02 4.22e-02 2.60e+00 2.47e-01 1.15e-01 6.22e-02 7.98e-03
1.38e+00 1.61e+00 5.17e-02 1.62e+00 5.21e-02 6.33e-11 8.11e-10 3.63e-05 1.56e-05 9.13e-06 1.56e-06
1.35e+00 1.32e+00 8.26e-02 1.30e+00 8.47e-02 1.68e-02 3.18e-01 2.80e-02 1.10e-02 4.70e-03 5.43e-04
1.34e+00 1.31e+00 1.29e-02 1.31e+00 1.32e-02 3.41e-02 7.24e-01 1.90e-01 8.53e-02 5.26e-02 7.01e-03
1.33e+00 1.51e+00 6.29e-03 1.51e+00 6.55e-03 5.06e-158 5.06e-158 8.80e-05 3.72e-05 3.72e-05 1.55e-05
1.34e+00 1.68e+00 1.59e-01 1.69e+00 1.60e-01 1.03e-15 6.22e-07 4.57e-06 1.83e-06 1.26e-06 1.20e-07
1.32e+00 1.56e+00 7.46e-03 1.56e+00 7.47e-03 6.07e-219 6.07e-219 2.90e-05 1.03e-05 8.73e-06 1.02e-06
1.34e+00 1.58e+00 2.45e-02 1.58e+00 2.46e-02 6.83e-37 7.28e-37 2.97e-05 1.59e-05 9.57e-06 1.34e-06
1.33e+00 1.71e+00 7.71e-03 1.71e+00 9.07e-03 0.00e+00 7.91e-323 7.09e-07 5.59e-07 1.39e-07 1.14e-07
1.33e+00 1.22e+00 7.82e-02 1.18e+00 8.99e-02 4.20e-02 1.76e+00 7.76e-02 3.99e-02 2.11e-02 2.28e-03
1.33e+00 1.65e+00 8.72e-03 1.65e+00 8.72e-03 2.57e-254 8.56e-210 3.35e-06 1.43e-06 1.43e-06 2.35e-07
1.34e+00 1.51e+00 1.96e-02 1.50e+00 2.11e-02 3.04e-17 3.80e-17 5.20e-04 2.00e-04 1.29e-04 1.47e-05
1.33e+00 1.38e+00 4.73e-02 1.39e+00 4.82e-02 3.85e-03 1.83e-02 8.78e-03 3.09e-03 1.99e-03 3.87e-04
1.33e+00 1.38e+00 6.19e-02 1.43e+00 7.82e-02 3.21e-03 1.72e-02 3.15e-03 1.50e-03 1.03e-03 1.85e-04
1.35e+00 1.37e+00 4.41e-02 1.37e+00 4.41e-02 6.83e-02 2.32e-01 7.19e-02 3.20e-02 2.00e-02 2.08e-03
1.34e+00 1.28e+00 6.10e-02 1.27e+00 6.24e-02 3.03e-02 7.93e-01 5.73e-02 2.02e-02 1.30e-02 1.80e-03
1.36e+00 1.62e+00 2.11e-02 1.62e+00 2.13e-02 2.07e-60 5.00e-58 6.82e-06 3.35e-06 2.57e-06 2.86e-07
1.33e+00 1.61e+00 1.57e-01 1.64e+00 1.59e-01 1.04e-11 3.38e-06 2.06e-05 8.17e-06 5.66e-06 6.29e-07
1.35e+00 1.39e+00 3.87e-02 1.39e+00 3.87e-02 3.01e-02 7.58e-02 5.05e-02 2.31e-02 1.36e-02 1.58e-03
1.34e+00 1.30e+00 5.58e-02 1.30e+00 5.58e-02 6.33e-02 8.54e-01 7.36e-02 2.78e-02 1.60e-02 1.89e-03
1.33e+00 1.28e+00 6.53e-02 1.29e+00 6.58e-02 5.91e-02 1.03e+00 6.90e-02 2.90e-02 1.60e-02 1.68e-03
1.35e+00 1.38e+00 3.95e-02 1.39e+00 4.18e-02 6.88e-03 2.80e-02 9.44e-03 3.66e-03 1.83e-03 2.78e-04
1.34e+00 1.48e+00 1.06e-02 1.48e+00 1.07e-02 3.45e-22 4.11e-22 2.32e-04 1.24e-04 4.90e-05 7.00e-06
1.35e+00 1.37e+00 3.56e-02 1.36e+00 3.70e-02 3.86e-02 1.24e-01 3.30e-02 1.14e-02 6.34e-03 1.06e-03
1.32e+00 1.73e+00 2.29e-02 1.72e+00 2.41e-02 2.64e-73 5.38e-32 7.12e-07 3.01e-07 2.30e-07 2.65e-08
1.32e+00 1.22e+00 4.50e-02 1.22e+00 4.52e-02 1.79e-02 3.54e+00 2.70e-01 1.11e-01 6.97e-02 6.64e-03
1.33e+00 1.46e+00 4.60e-02 1.47e+00 4.69e-02 1.04e-05 1.94e-03 1.17e-02 4.47e-03 2.51e-03 2.79e-04
1.34e+00 1.29e+00 4.93e-02 1.29e+00 4.93e-02 4.64e-02 1.17e+00 1.04e-01 4.32e-02 2.26e-02 2.66e-03
1.34e+00 1.71e+00 2.31e-02 1.71e+00 2.34e-02 3.40e-67 4.14e-37 8.57e-07 3.72e-07 3.25e-07 2.66e-08
1.35e+00 1.31e+00 1.00e-02 1.31e+00 1.03e-02 7.47e-05 1.98e-01 8.18e-02 3.62e-02 2.10e-02 5.76e-03
1.34e+00 1.48e+00 2.50e-02 1.48e+00 2.51e-02 4.09e-08 4.08e-06 8.16e-03 3.63e-03 2.07e-03 2.36e-04
1.35e+00 1.61e+00 1.71e-02 1.61e+00 1.77e-02 4.16e-82 4.16e-82 8.58e-06 3.45e-06 3.00e-06 3.63e-07
1.35e+00 1.45e+00 1.71e-02 1.46e+00 1.93e-02 8.93e-10 9.60e-10 1.09e-03 5.16e-04 2.58e-04 6.17e-05
1.34e+00 1.30e+00 1.38e-02 1.30e+00 1.38e-02 1.73e-02 1.01e+00 2.41e-01 1.06e-01 9.00e-02 2.29e-02
1.32e+00 1.29e+00 6.54e-02 1.31e+00 6.80e-02 4.40e-02 4.71e-01 3.35e-02 1.42e-02 8.09e-03 1.12e-03
1.33e+00 1.72e+00 6.91e-03 1.72e+00 6.96e-03 0.00e+00 4.01e-288 5.43e-07 2.05e-07 2.05e-07 1.36e-08
1.35e+00 1.45e+00 2.54e-02 1.45e+00 2.55e-02 6.25e-06 7.56e-06 1.56e-02 7.16e-03 4.90e-03 8.47e-04
1.34e+00 1.36e+00 1.57e-01 1.47e+00 1.93e-01 4.60e-07 5.06e-02 9.73e-03 3.87e-03 2.39e-03 2.85e-04
1.35e+00 1.47e+00 2.56e-02 1.47e+00 2.59e-02 2.04e-06 2.52e-06 1.15e-02 6.10e-03 2.82e-03 4.02e-04
1.35e+00 1.69e+00 3.79e-02 1.69e+00 3.82e-02 4.64e-25 5.70e-16 6.16e-06 2.61e-06 1.64e-06 1.95e-07
1.34e+00 1.34e+00 6.23e-02 1.36e+00 6.59e-02 1.74e-02 1.41e-01 1.45e-02 6.12e-03 3.69e-03 7.21e-04
1.36e+00 1.36e+00 4.19e-02 1.35e+00 4.37e-02 1.30e-02 7.01e-02 1.39e-02 6.77e-03 3.27e-03 3.89e-04
1.34e+00 1.64e+00 9.43e-03 1.64e+00 9.87e-03 7.02e-220 4.51e-206 4.29e-06 1.94e-06 1.94e-06 1.94e-07
1.35e+00 1.29e+00 6.56e-02 1.27e+00 6.73e-02 2.44e-02 6.63e-01 3.92e-02 1.71e-02 9.20e-03 1.31e-03
1.32e+00 1.31e+00 1.39e-02 1.31e+00 1.41e-02 1.19e-01 7.61e-01 1.99e-01 1.12e-01 6.43e-02 1.91e-02
1.32e+00 1.37e+00 1.75e-02 1.37e+00 1.79e-02 5.25e-04 6.55e-04 5.92e-03 3.27e-03 2.83e-03 2.94e-04
1.34e+00 1.30e+00 8.35e-03 1.29e+00 1.12e-02 1.33e-05 2.29e-01 9.03e-02 8.85e-02 4.04e-02 7.26e-03
1.34e+00 1.32e+00 1.10e-01 1.34e+00 1.13e-01 1.18e-01 6.70e-01 9.22e-02 3.66e-02 1.83e-02 2.36e-03
1.35e+00 1.61e+00 1.23e-02 1.61e+00 1.27e-02 1.56e-155 7.50e-155 7.05e-06 4.30e-06 2.98e-06 2.94e-07
1.33e+00 1.57e+00 7.26e-03 1.57e+00 8.12e-03 0.00e+00 0.00e+00 2.30e-05 1.79e-05 1.79e-05 2.20e-06
1.34e+00 1.38e+00 5.64e-02 1.39e+00 5.83e-02 6.37e-03 3.72e-02 7.79e-03 3.62e-03 2.11e-03 3.02e-04
1.33e+00 1.30e+00 3.06e-02 1.29e+00 3.16e-02 2.19e-06 9.69e-03 5.79e-03 2.97e-03 2.97e-03 3.49e-04
1.37e+00 1.33e+00 2.86e-02 1.33e+00 2.89e-02 7.25e-02 1.15e+00 1.37e-01 7.43e-02 4.81e-02 6.99e-03
1.37e+00 1.39e+00 4.85e-02 1.37e+00 5.33e-02 9.00e-03 3.97e-02 6.89e-03 2.97e-03 1.64e-03 2.28e-04
1.33e+00 1.24e+00 4.73e-02 1.26e+00 4.98e-02 2.62e-02 2.30e+00 1.72e-01 6.86e-02 4.43e-02 5.28e-03
1.34e+00 1.41e+00 2.15e-02 1.40e+00 2.26e-02 6.15e-05 8.28e-05 3.99e-03 2.26e-03 1.03e-03 1.50e-04
1.33e+00 1.39e+00 5.30e-02 1.41e+00 5.57e-02 2.22e-03 1.10e-02 4.93e-03 1.84e-03 1.06e-03 1.56e-04
1.36e+00 1.12e+00 9.24e-02 1.07e+00 1.06e-01 9.79e-03 7.62e+00 3.33e-01 1.42e-01 9.07e-02 9.30e-03
1.32e+00 1.26e+00 4.92e-02 1.28e+00 5.21e-02 4.56e-02 8.58e-01 6.27e-02 3.03e-02 1.81e-02 2.10e-03
1.36e+00 1.46e+00 1.63e-02 1.47e+00 1.76e-02 7.65e-10 8.85e-10 8.81e-04 4.79e-04 1.93e-04 4.17e-05
1.31e+00 1.32e+00 4.98e-02 1.34e+00 5.20e-02 1.78e-02 1.07e-01 2.01e-02 7.34e-03 5.47e-03 7.46e-04
1.35e+00 1.46e+00 2.76e-02 1.47e+00 2.81e-02 5.21e-06 1.03e-05 1.14e-02 6.22e-03 3.46e-03 4.15e-04
1.33e+00 1.28e+00 8.43e-02 1.31e+00 9.03e-02 6.16e-02 8.48e-01 4.97e-02 2.04e-02 1.20e-02 1.34e-03
1.31e+00 1.62e+00 4.95e-02 1.62e+00 4.95e-02 7.93e-16 3.48e-11 3.02e-05 1.60e-05 8.51e-06 1.35e-06
1.35e+00 1.37e+00 5.97e-02 1.34e+00 6.85e-02 1.09e-02 5.68e-02 8.84e-03 3.52e-03 2.18e-03 2.80e-04
1.35e+00 1.09e+00 7.34e-03 1.09e+00 7.35e-03 8.91e-63 3.04e+00 1.74e+00 6.21e-01 5.77e-01 6.12e-02
1.35e+00 1.41e+00 6.00e-02 1.43e+00 6.46e-02 2.18e-03 1.40e-02 3.74e-03 1.62e-03 9.52e-04 1.39e-04
1.34e+00 1.46e+00 2.90e-02 1.47e+00 2.95e-02 1.63e-06 2.19e-06 3.44e-03 1.37e-03 1.24e-03 2.07e-04
1.35e+00 1.32e+00 5.06e-02 1.32e+00 5.06e-02 5.39e-02 6.26e-01 5.93e-02 2.57e-02 1.49e-02 1.49e-03
1.33e+00 1.53e+00 2.07e-02 1.53e+00 2.10e-02 1.53e-18 1.67e-18 2.88e-04 1.52e-04 8.54e-05 1.39e-05
1.37e+00 1.22e+00 5.35e-02 1.22e+00 5.36e-02 1.22e-02 3.64e+00 2.41e-01 1.00e-01 5.61e-02 6.07e-03
1.33e+00 1.50e+00 3.48e-02 1.50e+00 3.51e-02 2.19e-06 4.27e-04 6.77e-03 3.37e-03 1.92e-03 1.60e-04
1.36e+00 1.22e+00 5.40e-02 1.22e+00 5.42e-02 1.18e-02 3.88e+00 2.40e-01 9.99e-02 5.62e-02 7.81e-03
1.32e+00 1.58e+00 7.97e-03 1.58e+00 7.98e-03 5.70e-278 5.70e-278 1.82e-05 8.25e-06 8.25e-06 6.42e-07
1.36e+00 1.35e+00 4.27e-02 1.35e+00 4.29e-02 1.89e-02 1.16e-01 1.63e-02 8.08e-03 4.23e-03 5.77e-04
1.35e+00 1.42e+00 2.84e-02 1.42e+00 2.87e-02 8.72e-04 1.29e-03 2.74e-02 1.55e-02 1.01e-02 1.05e-03
1.33e+00 1.51e+00 2.85e-02 1.50e+00 3.18e-02 4.18e-12 5.78e-12 5.83e-04 2.79e-04 1.85e-04 3.26e-05
1.36e+00 1.38e+00 5.66e-02 1.34e+00 6.70e-02 5.11e-03 3.54e-02 5.49e-03 2.25e-03 1.28e-03 1.78e-04
1.34e+00 1.45e+00 1.33e-02 1.45e+00 1.35e-02 1.35e-16 1.35e-16 2.97e-04 1.48e-04 9.10e-05 1.01e-05
1.36e+00 1.31e+00 1.81e-02 1.31e+00 1.82e-02 1.09e-02 1.16e+00 2.28e-01 1.20e-01 6.54e-02 8.01e-03
1.33e+00 1.45e+00 2.28e-02 1.45e+00 2.28e-02 1.11e-07 2.48e-07 2.30e-03 1.03e-03 6.08e-04 1.06e-04
1.35e+00 1.56e+00 1.47e-02 1.56e+00 1.54e-02 1.28e-74 1.28e-74 2.33e-05 1.41e-05 6.76e-06 1.87e-06
1.31e+00 1.40e+00 3.15e-02 1.40e+00 3.16e-02 2.14e-04 6.86e-04 6.78e-03 3.31e-03 1.97e-03 2.09e-04
1.34e+00 1.43e+00 1.09e-01 1.50e+00 1.28e-01 6.13e-04 2.25e-02 5.03e-03 1.79e-03 1.18e-03 1.35e-04
1.34e+00 1.32e+00 5.53e-02 1.33e+00 5.62e-02 3.12e-02 2.54e-01 2.51e-02 1.07e-02 7.09e-03 9.46e-04
1.36e+00 1.29e+00 1.83e-02 1.29e+00 1.84e-02 4.97e-04 1.49e+00 2.91e-01 1.59e-01 8.84e-02 1.44e-02
1.32e+00 1.60e+00 4.48e-02 1.59e+00 4.55e-02 2.21e-15 1.68e-10 5.97e-05 2.86e-05 1.73e-05 2.47e-06
1.36e+00 1.44e+00 2.75e-02 1.43e+00 2.82e-02 7.03e-04 1.02e-03 2.20e-02 1.16e-02 6.79e-03 7.54e-04
1.32e+00 1.74e+00 6.68e-03 1.74e+00 7.00e-03 0.00e+00 0.00e+00 3.16e-07 1.57e-07 1.57e-07 1.27e-08
1.35e+00 1.43e+00 3.40e-02 1.43e+00 3.40e-02 1.59e-03 3.02e-03 2.56e-02 1.32e-02 8.38e-03 1.18e-03
1.33e+00 1.47e+00 9.47e-03 1.47e+00 9.49e-03 4.77e-24 5.03e-24 2.34e-04 1.14e-04 1.14e-04 2.00e-05
1.37e+00 1.54e+00 4.39e-02 1.54e+00 4.39e-02 1.27e-18 3.07e-05 7.33e-04 3.69e-04 1.61e-04 4.31e-05
1.34e+00 1.63e+00 4.39e-02 1.64e+00 4.43e-02 6.67e-19 5.45e-14 2.41e-05 9.81e-06 6.69e-06 8.92e-07
1.33e+00 1.32e+00 5.64e-02 1.29e+00 6.43e-02 1.44e-02 1.99e-01 1.70e-02 8.70e-03 5.60e-03 5.96e-04
1.37e+00 1.33e+00 3.30e-02 1.32e+00 3.37e-02 7.91e-02 1.37e+00 1.62e-01 7.30e-02 3.46e-02 4.80e-03
1.32e+00 1.30e+00 5.72e-02 1.31e+00 5.89e-02 4.43e-02 2.69e-01 3.69e-02 1.21e-02 6.43e-03 7.15e-04
1.36e+00 1.40e+00 6.18e-02 1.45e+00 7.76e-02 6.54e-04 1.10e-02 2.36e-03 1.10e-03 5.86e-04 9.02e-05
1.33e+00 1.32e+00 4.15e-02 1.32e+00 4.16e-02 4.02e-02 2.28e-01 3.31e-02 1.37e-02 8.28e-03 1.04e-03
1.36e+00 1.31e+00 1.31e-02 1.31e+00 1.31e-02 9.06e-04 7.52e-01 1.84e-01 7.80e-02 6.48e-02 1.08e-02
1.32e+00 1.31e+00 2.14e-02 1.31e+00 2.14e-02 3.34e-02 1.36e-01 3.16e-02 1.26e-02 9.42e-03 1.13e-03
1.35e+00 1.65e+00 4.92e-02 1.65e+00 4.94e-02 1.00e-16 7.01e-11 1.70e-05 7.02e-06 4.86e-06 7.56e-07
1.35e+00 1.35e+00 4.67e-02 1.34e+00 4.87e-02 1.80e-02 1.25e-01 1.63e-02 6.83e-03 4.69e-03 6.12e-04
1.32e+00 1.62e+00 5.00e-02 1.62e+00 5.01e-02 1.31e-15 3.61e-10 3.29e-05 1.54e-05 1.13e-05 1.44e-06
1.35e+00 1.43e+00 1.30e-01 1.45e+00 1.31e-01 1.26e-03 5.92e-03 2.07e-03 9.30e-04 4.92e-04 5.47e-05
1.36e+00 1.40e+00 4.00e-02 1.41e+00 4.19e-02 1.72e-03 9.75e-03 4.50e-03 1.73e-03 1.35e-03 2.05e-04
1.33e+00 1.45e+00 2.55e-02 1.45e+00 2.58e-02 1.49e-07 2.01e-07 2.10e-03 1.23e-03 6.08e-04 7.93e-05
1.38e+00 1.30e+00 2.22e-02 1.30e+00 2.22e-02 1.62e-03 1.63e+00 2.75e-01 1.07e-01 5.34e-02 9.16e-03
1.36e+00 1.27e+00 6.20e-02 1.27e+00 6.20e-02 3.82e-02 1.73e+00 9.88e-02 4.47e-02 2.40e-02 3.34e-03
1.33e+00 1.40e+00 5.89e-02 1.42e+00 6.19e-02 1.48e-03 9.14e-03 3.51e-03 1.33e-03 9.41e-04 1.38e-04
1.35e+00 1.46e+00 3.02e-02 1.46e+00 3.02e-02 1.25e-05 2.00e-05 4.05e-03 1.96e-03 1.20e-03 1.68e-04
1.37e+00 1.31e+00 1.53e-02 1.31e+00 1.53e-02 5.60e-04 3.64e-01 7.56e-02 4.66e-02 3.51e-02 3.01e-03
1.38e+00 1.48e+00 1.46e-02 1.48e+00 1.49e-02 3.58e-12 8.70e-12 4.48e-04 2.31e-04 1.50e-04 2.68e-05
1.36e+00 1.27e+00 4.80e-01 1.42e+00 5.03e-01 1.51e-03 1.27e-02 2.28e-03 9.75e-04 4.95e-04 7.74e-05
1.37e+00 1.40e+00 1.31e-01 1.47e+00 1.49e-01 1.76e-03 4.14e-02 1.07e-02 3.22e-03 1.48e-03 2.01e-04
1.31e+00 1.41e+00 6.12e-02 1.42e+00 6.20e-02 9.14e-05 7.39e-03 3.12e-02 1.46e-02 9.03e-03 5.53e-04
1.34e+00 1.42e+00 5.85e-02 1.47e+00 7.65e-02 1.04e-03 3.86e-03 1.79e-03 7.76e-04 3.88e-04 7.51e-05
1.34e+00 1.38e+00 3.60e-02 1.39e+00 3.71e-02 5.10e-04 5.20e-03 5.56e-03 1.98e-03 1.08e-03 1.85e-04
1.36e+00 1.37e+00 5.48e-02 1.39e+00 5.78e-02 1.05e-02 7.00e-02 9.54e-03 4.23e-03 2.74e-03 3.43e-04
1.37e+00 1.29e+00 1.25e-02 1.29e+00 1.26e-02 2.85e-08 9.33e-01 3.30e-01 1.82e-01 9.62e-02 1.66e-02
1.32e+00 1.29e+00 5.60e-02 1.29e+00 5.61e-02 8.12e-02 1.15e+00 1.00e-01 3.75e-02 1.91e-02 3.18e-03
1.32e+00 1.24e+00 4.96e-02 1.24e+00 4.97e-02 5.51e-02 2.18e+00 1.82e-01 7.03e-02 4.22e-02 4.69e-03
1.32e+00 1.45e+00 3.90e-02 1.45e+00 3.92e-02 6.56e-06 9.83e-04 1.54e-02 8.30e-03 5.18e-03 6.25e-04
1.34e+00 1.52e+00 2.29e-02 1.51e+00 2.54e-02 5.17e-17 5.88e-17 2.36e-04 1.27e-04 6.71e-05 1.26e-05
1.36e+00 1.47e+00 2.89e-02 1.48e+00 2.93e-02 3.55e-06 3.48e-05 9.58e-03 5.11e-03 3.04e-03 3.44e-04
1.35e+00 1.36e+00 4.65e-02 1.35e+00 4.86e-02 1.49e-02 7.84e-02 1.20e-02 5.98e-03 3.29e-03 4.49e-04
1.36e+00 1.39e+00 6.92e-02 1.33e+00 9.32e-02 9.85e-04 1.37e-02 1.89e-03 8.65e-04 4.96e-04 1.14e-04
1.34e+00 1.58e+00 2.06e-02 1.59e+00 2.13e-02 1.72e-53 1.74e-53 1.46e-05 8.54e-06 4.48e-06 5.17e-07
1.34e+00 1.37e+00 1.08e-01 1.41e+00 1.15e-01 8.72e-03 1.03e-01 1.93e-02 7.19e-03 3.15e-03 6.31e-04
1.35e+00 1.64e+00 1.34e-02 1.64e+00 1.42e-02 5.25e-121 3.08e-110 4.14e-06 2.44e-06 7.99e-07 1.73e-07
1.35e+00 1.33e+00 6.26e-02 1.34e+00 6.43e-02 2.01e-02 2.28e-01 1.62e-02 7.82e-03 4.43e-03 7.20e-04
1.33e+00 1.29e+00 4.04e-02 1.29e+00 4.04e-02 7.75e-02 1.07e+00 1.15e-01 4.80e-02 3.06e-02 2.91e-03
1.37e+00 1.38e+00 4.61e-02 1.39e+00 4.65e-02 5.95e-03 2.91e-02 7.74e-03 2.49e-03 1.63e-03 2.72e-04
1.35e+00 1.71e+00 3.63e-02 1.71e+00 3.65e-02 3.66e-28 1.55e-16 3.77e-06 1.47e-06 9.65e-07 1.61e-07
1.36e+00 1.24e+00 1.88e-01 1.13e+00 2.18e-01 2.69e-59 5.31e-04 1.42e-04 7.43e-05 3.75e-05 1.07e-05
1.35e+00 1.42e+00 6.36e-02 1.42e+00 6.36e-02 1.93e-03 9.23e-03 2.33e-02 1.09e-02 7.20e-03 5.64e-04
1.35e+00 1.66e+00 4.64e-02 1.66e+00 4.67e-02 2.22e-17 2.19e-11 1.43e-05 6.23e-06 3.61e-06 6.32e-07
1.35e+00 1.30e+00 5.51e-02 1.31e+00 5.69e-02 3.38e-02 5.04e-01 3.78e-02 1.45e-02 8.91e-03 1.20e-03
1.35e+00 1.34e+00 5.15e-02 1.34e+00 5.16e-02 2.04e-02 1.55e-01 1.61e-02 7.02e-03 4.44e-03 5.16e-04
1.31e+00 1.29e+00 6.19e-02 1.27e+00 6.58e-02 1.06e-02 2.80e-01 2.65e-02 9.59e-03 6.02e-03 9.40e-04
1.33e+00 1.30e+00 4.61e-02 1.30e+00 4.61e-02 8.07e-02 9.16e-01 9.44e-02 3.67e-02 1.92e-02 2.26e-03
1.36e+00 1.64e+00 1.66e-02 1.64e+00 1.67e-02 1.46e-88 3.58e-78 3.48e-06 1.65e-06 9.67e-07 1.41e-07
1.32e+00 1.38e+00 8.87e-03 1.38e+00 9.55e-03 1.93e-09 1.93e-09 1.19e-03 8.77e-04 4.24e-04 2.39e-04
1.35e+00 1.69e+00 4.34e-02 1.69e+00 4.35e-02 5.23e-20 4.06e-12 6.43e-06 2.94e-06 2.02e-06 2.10e-07
1.37e+00 1.75e+00 4.01e-02 1.75e+00 4.01e-02 5.69e-24 4.41e-12 1.40e-06 5.62e-07 3.66e-07 5.62e-08
1.35e+00 1.55e+00 6.80e-02 1.54e+00 6.92e-02 1.61e-07 2.34e-06 1.70e-04 6.74e-05 4.92e-05 7.49e-06
1.34e+00 1.26e+00 6.52e-02 1.26e+00 6.53e-02 6.22e-02 1.80e+00 1.07e-01 4.05e-02 2.34e-02 2.75e-03
1.32e+00 1.35e+00 4.10e-02 1.35e+00 4.10e-02 1.49e-02 5.19e-02 1.72e-02 7.10e-03 4.39e-03 4.18e-04
1.37e+00 1.29e+00 6.00e-02 1.28e+00 6.02e-02 2.06e-02 1.72e+00 1.24e-01 5.86e-02 2.97e-02 2.41e-03
1.32e+00 1.66e+00 4.79e-02 1.67e+00 4.82e-02 4.26e-19 1.09e-10 1.18e-05 5.31e-06 2.66e-06 4.31e-07
1.34e+00 1.32e+00 4.41e-02 1.33e+00 4.45e-02 3.04e-02 2.23e-01 2.77e-02 1.02e-02 5.01e-03 8.35e-04
1.32e+00 1.39e+00 8.06e-02 1.32e+00 1.07e-01 3.65e-03 1.74e-02 2.91e-03 1.48e-03 8.25e-04 1.10e-04
1.34e+00 1.72e+00 2.53e-02 1.72e+00 2.53e-02 8.79e-55 1.05e-29 1.22e-06 7.03e-07 3.88e-07 4.39e-08
1.33e+00 1.28e+00 1.06e-01 1.28e+00 1.06e-01 2.30e-02 5.42e-01 2.68e-02 1.03e-02 5.62e-03 7.25e-04
1.37e+00 1.67e+00 4.93e-02 1.68e+00 5.05e-02 7.40e-15 2.03e-09 9.53e-06 4.03e-06 2.32e-06 3.05e-07
1.34e+00 1.49e+00 2.37e-02 1.48e+00 2.47e-02 3.54e-13 5.19e-13 8.42e-04 4.47e-04 2.47e-04 2.57e-05
1.37e+00 1.43e+00 5.56e-02 1.43e+00 5.57e-02 1.76e-03 7.94e-03 3.21e-03 1.31e-03 7.87e-04 1.01e-04
1.35e+00 1.34e+00 2.88e-01 1.39e+00 2.92e-01 1.04e-02 4.82e-02 1.05e-02 4.24e-03 1.85e-03 1.99e-04
1.38e+00 1.62e+00 1.76e-02 1.62e+00 1.82e-02 8.70e-67 8.70e-67 6.57e-06 2.82e-06 2.36e-06 2.50e-07
1.39e+00 1.72e+00 8.20e-03 1.72e+00 8.32e-03 0.00e+00 2.93e-221 5.43e-07 2.29e-07 1.80e-07 1.36e-08
1.38e+00 1.50e+00 9.74e-03 1.50e+00 1.06e-02 3.88e-27 3.89e-27 1.39e-04 8.95e-05 3.64e-05 4.89e-06
1.41e+00 1.27e+00 1.69e-01 1.14e+00 2.13e-01 1.30e-02 2.83e-01 1.47e-02 6.32e-03 3.36e-03 3.95e-04
1.38e+00 1.64e+00 3.05e-02 1.65e+00 3.14e-02 1.87e-25 4.59e-22 9.94e-06 4.07e-06 2.56e-06 4.07e-07
1.41e+00 1.02e+00 5.62e-02 1.01e+00 5.74e-02 3.94e-04 6.76e-01 5.60e-02 2.20e-02 1.17e-02 1.72e-03
1.39e+00 1.61e+00 2.11e-02 1.61e+00 2.14e-02 1.26e-47 1.26e-47 7.65e-06 3.94e-06 2.17e-06 3.10e-07
1.41e+00 1.68e+00 1.43e-02 1.68e+00 1.44e-02 6.72e-99 1.49e-82 1.21e-06 5.80e-07 4.37e-07 5.27e-08
1.38e+00 1.39e+00 1.14e-01 1.34e+00 1.26e-01 3.09e-03 3.57e-02 2.86e-03 1.22e-03 8.19e-04 9.52e-05
1.39e+00 1.58e+00 1.44e-02 1.57e+00 1.54e-02 1.82e-81 1.82e-81 1.83e-05 1.23e-05 5.11e-06 6.75e-07
1.40e+00 1.35e+00 5.67e-02 1.32e+00 6.46e-02 5.55e-03 1.60e-01 1.26e-02 4.35e-03 2.48e-03 4.27e-04
1.43e+00 1.49e+00 3.42e-02 1.49e+00 3.44e-02 2.07e-04 5.69e-04 1.24e-03 5.70e-04 2.93e-04 2.19e-05
1.42e+00 1.33e+00 4.50e-02 1.32e+00 4.72e-02 3.34e-03 2.28e-01 2.82e-02 8.92e-03 4.55e-03 7.00e-04
1.41e+00 1.28e+00 6.19e-02 1.28e+00 6.20e-02 1.16e-02 1.32e+00 8.14e-02 3.06e-02 1.86e-02 2.01e-03
1.38e+00 1.52e+00 5.18e-02 1.53e+00 5.26e-02 4.21e-09 1.07e-04 1.11e-03 5.10e-04 2.68e-04 2.68e-05
1.41e+00 1.50e+00 2.19e-02 1.50e+00 2.20e-02 5.34e-07 8.20e-07 9.21e-04 3.91e-04 3.38e-04 4.66e-05
1.42e+00 1.76e+00 2.14e-02 1.75e+00 2.24e-02 6.31e-66 9.33e-42 3.86e-07 1.81e-07 1.06e-07 1.15e-08
1.41e+00 1.51e+00 4.71e-01 1.68e+00 4.99e-01 4.26e-09 1.45e-05 6.99e-06 2.81e-06 1.51e-06 3.12e-07
1.39e+00 1.53e+00 1.66e-02 1.53e+00 1.69e-02 2.61e-20 2.73e-20 2.06e-04 7.24e-05 7.24e-05 9.81e-06
1.40e+00 1.73e+00 1.62e-02 1.74e+00 1.71e-02 3.46e-118 2.01e-79 2.61e-07 2.56e-07 9.20e-08 9.05e-09
1.41e+00 1.46e+00 5.50e-02 1.49e+00 6.36e-02 2.83e-04 3.20e-03 1.19e-03 3.51e-04 2.05e-04 2.93e-05
1.37e+00 1.61e+00 2.34e-02 1.62e+00 2.42e-02 4.47e-42 9.27e-42 7.17e-06 3.00e-06 2.78e-06 4.34e-07
1.38e+00 1.35e+00 2.18e-02 1.34e+00 2.30e-02 5.14e-02 7.69e-01 1.16e-01 7.64e-02 3.60e-02 9.74e-03
1.39e+00 1.46e+00 1.04e-01 1.51e+00 1.15e-01 2.71e-06 9.03e-03 4.30e-03 1.62e-03 7.81e-04 9.01e-05
1.43e+00 1.28e+00 1.43e-01 1.16e+00 1.86e-01 1.30e-04 1.50e-01 1.63e-02 4.33e-03 2.31e-03 2.89e-04
1.41e+00 1.75e+00 8.63e-03 1.75e+00 8.73e-03 4.19e-287 7.08e-200 2.40e-07 9.40e-08 6.26e-08 1.20e-08
1.41e+00 1.52e+00 2.82e-02 1.51e+00 2.97e-02 1.86e-06 1.08e-05 7.86e-04 3.38e-04 2.20e-04 1.69e-05
1.38e+00 1.46e+00 4.87e-02 1.47e+00 5.04e-02 2.15e-04 1.64e-03 1.76e-03 6.35e-04 2.75e-04 4.23e-05
1.41e+00 1.58e+00 1.12e-01 1.62e+00 1.20e-01 3.79e-10 1.44e-04 1.11e-04 4.35e-05 2.28e-05 3.57e-06
1.40e+00 1.33e+00 8.62e-03 1.33e+00 8.74e-03 2.07e-14 3.09e-01 1.28e-01 6.42e-02 6.42e-02 6.42e-03
1.38e+00 1.71e+00 3.16e-02 1.71e+00 3.18e-02 1.39e-33 1.68e-20 3.27e-06 1.47e-06 8.97e-07 1.20e-07
1.39e+00 1.54e+00 1.36e-02 1.53e+00 1.71e-02 5.66e-40 5.82e-40 6.22e-05 3.69e-05 1.47e-05 2.19e-06
1.42e+00 1.31e+00 7.44e-02 1.31e+00 7.44e-02 1.01e-02 1.24e+00 7.47e-02 3.10e-02 1.43e-02 1.47e-03
1.40e+00 1.49e+00 2.02e-02 1.49e+00 2.02e-02 4.84e-07 8.46e-07 9.25e-04 5.71e-04 2.91e-04 2.64e-05
1.40e+00 1.39e+00 3.33e-02 1.40e+00 3.41e-02 6.29e-03 2.86e-02 5.68e-03 2.00e-03 1.37e-03 3.18e-04
1.42e+00 1.43e+00 1.03e-01 1.50e+00 1.26e-01 2.16e-04 3.33e-02 5.33e-03 1.95e-03 1.16e-03 1.13e-04
1.38e+00 1.57e+00 2.61e-02 1.56e+00 2.89e-02 1.98e-21 2.14e-21 5.88e-05 2.64e-05 2.57e-05 4.09e-06
1.40e+00 1.11e+00 1.01e-02 1.11e+00 1.01e-02 1.33e-57 3.46e+00 1.58e+00 6.28e-01 6.28e-01 1.51e-01
1.39e+00 1.70e+00 1.19e-02 1.70e+00 1.20e-02 3.44e-164 4.35e-121 8.31e-07 6.69e-07 3.16e-07 4.18e-08
1.41e+00 1.47e+00 5.05e-02 1.49e+00 5.46e-02 1.72e-04 1.76e-03 1.11e-03 3.31e-04 1.75e-04 3.25e-05
1.42e+00 1.50e+00 3.62e-02 1.50e+00 3.63e-02 5.14e-05 8.94e-05 9.70e-04 3.90e-04 2.01e-04 3.35e-05
1.41e+00 1.47e+00 5.17e-02 1.49e+00 5.55e-02 2.25e-04 1.92e-03 1.30e-03 4.58e-04 1.97e-04 3.16e-05
1.42e+00 1.51e+00 2.35e-02 1.50e+00 2.68e-02 9.35e-08 1.10e-07 6.22e-04 2.56e-04 1.83e-04 2.56e-05
1.40e+00 1.62e+00 1.97e-02 1.62e+00 1.98e-02 9.13e-62 9.39e-62 5.06e-06 2.55e-06 1.70e-06 2.61e-07
1.38e+00 1.36e+00 1.55e-01 1.42e+00 1.66e-01 1.81e-02 1.23e-01 1.80e-02 7.78e-03 3.53e-03 3.65e-04
1.42e+00 1.31e+00 5.16e-02 1.31e+00 5.18e-02 6.83e-03 9.43e-01 6.65e-02 3.01e-02 1.57e-02 1.80e-03
1.43e+00 1.30e+00 2.20e-02 1.30e+00 2.20e-02 3.01e-07 1.50e+00 2.62e-01 1.07e-01 7.73e-02 8.59e-03
1.42e+00 1.31e+00 4.90e-02 1.32e+00 4.92e-02 9.59e-04 3.67e-01 3.00e-02 1.33e-02 9.44e-03 7.70e-04
1.41e+00 1.42e+00 5.10e-02 1.39e+00 5.87e-02 3.25e-03 2.72e-02 2.99e-03 1.78e-03 9.33e-04 1.06e-04
1.40e+00 1.41e+00 1.74e-02 1.41e+00 1.78e-02 9.11e-03 1.72e-02 1.11e-02 4.47e-03 3.46e-03 4.77e-04
1.39e+00 1.31e+00 9.96e-03 1.31e+00 1.03e-02 3.03e-11 1.37e-03 5.69e-04 2.14e-04 2.14e-04 5.72e-05
1.40e+00 1.47e+00 3.63e-02 1.47e+00 3.64e-02 2.38e-04 5.26e-04 1.72e-03 6.48e-04 3.60e-04 6.17e-05
1.40e+00 1.50e+00 2.90e-02 1.50e+00 2.92e-02 3.45e-06 9.58e-06 1.07e-03 4.14e-04 2.64e-04 3.14e-05
1.40e+00 1.58e+00 2.72e-02 1.57e+00 2.79e-02 2.90e-21 2.94e-21 5.08e-05 2.85e-05 1.68e-05 2.45e-06
1.39e+00 1.68e+00 1.65e-02 1.68e+00 1.67e-02 2.09e-81 2.13e-66 1.23e-06 5.16e-07 3.39e-07 4.24e-08
1.39e+00 1.70e+00 4.30e-02 1.70e+00 4.30e-02 5.23e-18 1.18e-11 4.57e-06 2.15e-06 1.40e-06 1.49e-07
1.40e+00 1.52e+00 3.44e-02 1.51e+00 3.73e-02 2.64e-06 8.08e-06 6.83e-04 2.85e-04 1.61e-04 1.88e-05
1.38e+00 1.48e+00 2.48e-02 1.48e+00 2.49e-02 2.00e-05 8.09e-05 1.32e-03 4.57e-04 4.49e-04 3.10e-05
1.39e+00 1.47e+00 8.62e-02 1.50e+00 8.99e-02 1.50e-06 3.42e-03 6.41e-03 2.57e-03 1.38e-03 1.54e-04
1.42e+00 1.70e+00 2.30e-02 1.70e+00 2.33e-02 1.49e-44 2.86e-37 9.56e-07 3.64e-07 3.01e-07 6.34e-08
1.41e+00 9.98e-01 3.80e-02 1.00e+00 3.80e-02 8.08e-05 6.23e+00 6.44e-01 2.70e-01 1.81e-01 2.70e-02
1.39e+00 1.50e+00 1.66e-02 1.50e+00 1.68e-02 1.57e-08 4.73e-08 6.82e-04 4.30e-04 1.86e-04 3.72e-05
1.40e+00 1.27e+00 4.85e-02 1.29e+00 5.12e-02 2.47e-07 2.31e-01 3.12e-02 1.01e-02 4.51e-03 8.20e-04
1.40e+00 1.43e+00 6.57e-02 1.44e+00 6.67e-02 3.33e-03 1.71e-02 3.37e-03 1.49e-03 8.20e-04 1.11e-04
1.41e+00 1.65e+00 1.74e-02 1.65e+00 1.78e-02 7.69e-69 2.09e-68 3.01e-06 1.27e-06 1.05e-06 1.23e-07
1.42e+00 1.24e+00 1.60e-01 1.32e+00 1.80e-01 2.46e-03 1.84e+00 1.59e-01 5.36e-02 2.73e-02 3.04e-03
1.41e+00 1.51e+00 2.95e-02 1.50e+00 3.19e-02 3.18e-06 8.50e-06 7.43e-04 3.20e-04 2.07e-04 2.46e-05
1.42e+00 1.41e+00 3.10e-02 1.41e+00 3.13e-02 1.22e-02 5.52e-02 1.07e-02 4.23e-03 2.51e-03 3.68e-04
1.41e+00 1.49e+00 2.43e-02 1.49e+00 2.48e-02 2.64e-05 6.95e-05 1.21e-03 6.28e-04 3.18e-04 3.53e-05
1.40e+00 1.45e+00 7.66e-02 1.50e+00 9.19e-02 1.03e-03 7.22e-03 1.10e-03 5.08e-04 3.23e-04 4.61e-05
1.40e+00 1.69e+00 1.02e-02 1.69e+00 1.02e-02 1.52e-199 1.60e-160 1.20e-06 6.94e-07 6.94e-07 1.09e-07
1.39e+00 1.44e+00 9.05e-02 1.50e+00 1.08e-01 1.53e-06 1.54e-02 5.84e-03 2.20e-03 1.58e-03 1.47e-04
1.39e+00 1.49e+00 8.37e-03 1.49e+00 8.83e-03 5.60e-26 5.60e-26 1.30e-04 1.15e-04 4.83e-05 1.43e-05
1.40e+00 1.34e+00 5.59e-02 1.34e+00 5.59e-02 1.94e-02 5.48e-01 3.90e-02 1.64e-02 1.05e-02 1.28e-03
1.40e+00 1.69e+00 1.12e-02 1.69e+00 1.13e-02 2.91e-163 4.01e-130 1.20e-06 6.04e-07 2.90e-07 5.43e-08
1.39e+00 1.75e+00 1.56e-02 1.75e+00 1.56e-02 1.83e-129 7.94e-78 2.51e-07 8.82e-08 4.53e-08 6.30e-09
1.40e+00 1.56e+00 2.60e-02 1.56e+00 2.60e-02 2.83e-18 2.92e-18 8.22e-05 5.11e-05 2.95e-05 4.22e-06
1.40e+00 1.44e+00 2.38e-02 1.46e+00 3.19e-02 5.68e-05 6.69e-05 2.56e-04 8.63e-05 8.63e-05 1.67e-05
1.37e+00 1.34e+00 1.74e-02 1.34e+00 1.77e-02 2.20e-02 6.66e-01 1.45e-01 6.02e-02 5.10e-02 9.14e-03
1.42e+00 1.35e+00 1.97e-02 1.35e+00 1.98e-02 3.36e-04 6.54e-01 1.12e-01 4.67e-02 4.03e-02 7.68e-03
1.40e+00 1.44e+00 5.89e-02 1.48e+00 7.29e-02 8.44e-04 7.23e-03 1.40e-03 5.88e-04 3.43e-04 5.88e-05
1.40e+00 1.35e+00 3.90e-02 1.38e+00 4.75e-02 4.47e-03 8.60e-02 8.24e-03 4.33e-03 2.38e-03 3.70e-04
1.41e+00 1.31e+00 3.66e-02 1.31e+00 3.66e-02 5.65e-03 1.81e+00 1.88e-01 8.75e-02 4.43e-02 4.66e-03
1.39e+00 1.37e+00 6.81e-02 1.35e+00 7.21e-02 8.67e-03 1.09e-01 8.67e-03 3.53e-03 2.30e-03 2.68e-04
1.39e+00 1.31e+00 3.11e-02 1.31e+00 3.12e-02 1.08e-02 1.83e+00 2.12e-01 9.09e-02 5.80e-02 6.31e-03
1.40e+00 1.72e+00 9.81e-03 1.72e+00 1.05e-02 2.91e-257 2.06e-174 5.43e-07 1.77e-07 1.77e-07 1.91e-08
1.42e+00 1.75e+00 1.86e-02 1.75e+00 1.86e-02 1.54e-87 2.36e-60 1.89e-07 1.08e-07 6.18e-08 7.57e-09
1.39e+00 1.36e+00 5.98e-02 1.36e+00 5.99e-02 1.30e-02 1.58e-01 1.20e-02 5.15e-03 3.25e-03 3.78e-04
1.43e+00 1.35e+00 4.00e-02 1.32e+00 5.23e-02 2.34e-03 1.22e-01 9.98e-03 5.34e-03 3.11e-03 4.70e-04
1.39e+00 1.49e+00 1.14e-01 1.50e+00 1.15e-01 2.90e-04 1.43e-03 6.97e-04 2.45e-04 1.37e-04 2.82e-05
1.43e+00 1.58e+00 1.25e-02 1.58e+00 1.25e-02 4.28e-92 4.41e-92 1.44e-05 6.60e-06 5.50e-06 1.19e-06
1.43e+00 1.53e+00 1.54e-02 1.53e+00 1.54e-02 5.39e-13 5.57e-13 7.60e-04 3.95e-04 3.70e-04 5.50e-05
1.41e+00 1.52e+00 6.47e-03 1.53e+00 8.34e-03 2.55e-87 2.70e-86 5.69e-05 4.34e-05 4.34e-05 7.71e-06
1.40e+00 1.75e+00 8.49e-03 1.75e+00 8.52e-03 1.34e-303 3.24e-208 2.40e-07 8.07e-08 7.11e-08 1.20e-08
1.38e+00 1.67e+00 4.18e-02 1.68e+00 4.23e-02 1.59e-15 1.17e-12 8.58e-06 3.99e-06 2.11e-06 2.70e-07
1.42e+00 1.51e+00 1.22e-02 1.51e+00 1.26e-02 2.18e-10 2.27e-10 1.23e-03 7.25e-04 4.62e-04 4.49e-05
1.43e+00 1.52e+00 3.16e-02 1.51e+00 3.27e-02 7.99e-06 1.39e-05 7.33e-04 2.85e-04 1.93e-04 2.19e-05
1.41e+00 1.38e+00 3.17e-02 1.38e+00 3.18e-02 3.61e-02 5.36e-01 6.38e-02 2.91e-02 1.87e-02 2.61e-03
1.38e+00 1.52e+00 9.71e-03 1.52e+00 9.89e-03 1.22e-61 1.23e-61 5.72e-05 3.58e-05 3.58e-05 6.60e-06
1.40e+00 1.74e+00 9.39e-03 1.74e+00 9.86e-03 0.00e+00 4.17e-269 3.16e-07 1.63e-07 1.63e-07 8.72e-08
1.43e+00 1.34e+00 2.06e-02 1.34e+00 2.06e-02 8.96e-05 8.31e-01 1.28e-01 6.54e-02 5.07e-02 7.36e-03
1.39e+00 1.32e+00 5.42e-02 1.31e+00 5.49e-02 1.97e-02 8.04e-01 6.20e-02 2.28e-02 1.17e-02 1.84e-03
1.39e+00 1.58e+00 5.34e-02 1.56e+00 5.79e-02 6.13e-08 3.84e-07 1.01e-04 4.34e-05 2.51e-05 4.40e-06
1.40e+00 1.45e+00 2.30e-02 1.46e+00 2.75e-02 3.99e-05 4.61e-05 2.51e-04 1.16e-04 4.55e-05 2.02e-05
1.37e+00 1.34e+00 3.91e-02 1.34e+00 3.91e-02 7.79e-02 1.11e+00 1.39e-01 6.48e-02 4.40e-02 4.00e-03
1.41e+00 1.58e+00 3.44e-02 1.57e+00 3.61e-02 2.97e-15 3.22e-15 9.95e-05 5.47e-05 3.23e-05 3.73e-06
1.39e+00 1.39e+00 3.68e-02 1.39e+00 3.69e-02 6.03e-02 2.89e-01 4.80e-02 2.14e-02 1.42e-02 2.48e-03
1.38e+00 1.63e+00 2.56e-02 1.63e+00 2.60e-02 3.80e-32 4.27e-32 7.32e-06 3.41e-06 1.77e-06 2.88e-07
1.41e+00 1.19e+00 8.27e-02 1.16e+00 8.75e-02 4.62e-05 9.15e-01 1.52e-01 4.91e-02 4.18e-02 1.82e-03
1.39e+00 1.50e+00 1.82e-02 1.50e+00 1.82e-02 1.16e-06 6.67e-06 8.10e-04 4.45e-04 2.31e-04 3.47e-05
1.39e+00 1.56e+00 2.55e-02 1.56e+00 2.55e-02 4.22e-20 5.19e-20 8.41e-05 5.06e-05 2.72e-05 3.20e-06
1.42e+00 1.68e+00 1.40e-02 1.68e+00 1.42e-02 3.25e-103 2.57e-90 1.20e-06 5.80e-07 3.75e-07 5.14e-08
1.40e+00 1.43e+00 1.61e-02 1.43e+00 1.63e-02 1.55e-04 1.83e-04 4.58e-04 2.81e-04 1.20e-04 6.21e-05
1.38e+00 1.63e+00 2.77e-02 1.64e+00 2.83e-02 1.82e-30 7.66e-27 7.15e-06 3.68e-06 2.14e-06 3.85e-07
1.42e+00 1.43e+00 1.28e-01 1.40e+00 1.31e-01 2.51e-03 2.10e-02 2.14e-03 9.60e-04 5.00e-04 7.89e-05
1.42e+00 1.79e+00 8.48e-03 1.79e+00 8.53e-03 0.00e+00 8.19e-321 7.79e-08 3.64e-08 3.09e-08 9.39e-09
1.39e+00 1.69e+00 1.79e-02 1.69e+00 1.80e-02 3.25e-76 3.78e-59 1.07e-06 5.74e-07 3.49e-07 3.74e-08
1.40e+00 1.66e+00 2.00e-02 1.66e+00 2.02e-02 7.23e-54 4.94e-47 2.92e-06 1.08e-06 8.08e-07 1.05e-07
1.38e+00 1.38e+00 5.59e-02 1.34e+00 6.98e-02 3.69e-03 4.26e-02 4.60e-03 1.81e-03 1.14e-03 1.90e-04
1.42e+00 1.71e+00 3.43e-02 1.71e+00 3.45e-02 2.94e-24 8.23e-18 3.61e-06 1.60e-06 1.05e-06 1.11e-07
1.40e+00 1.41e+00 3.96e-02 1.40e+00 4.00e-02 7.89e-03 3.68e-02 6.43e-03 2.89e-03 2.05e-03 2.41e-04
1.39e+00 1.50e+00 2.25e-02 1.50e+00 2.25e-02 2.73e-06 1.00e-05 9.29e-04 3.76e-04 3.29e-04 4.12e-05
1.38e+00 1.54e+00 1.23e-02 1.53e+00 1.58e-02 1.21e-55 1.21e-55 4.85e-05 2.97e-05 1.39e-05 1.46e-06
1.41e+00 1.52e+00 7.95e-03 1.53e+00 1.05e-02 2.25e-58 1.23e-57 5.69e-05 5.09e-05 2.00e-05 3.71e-06
1.39e+00 1.73e+00 1.84e-02 1.72e+00 2.15e-02 1.46e-96 1.24e-60 4.10e-07 2.42e-07 1.20e-07 1.66e-08
1.41e+00 1.57e+00 2.68e-02 1.57e+00 2.69e-02 1.97e-18 2.09e-18 4.18e-05 2.12e-05 1.28e-05 2.17e-06
1.43e+00 1.69e+00 3.03e-02 1.68e+00 3.11e-02 4.67e-25 1.04e-22 4.19e-06 1.67e-06 1.02e-06 1.50e-07
1.39e+00 1.64e+00 4.11e-02 1.64e+00 4.14e-02 3.78e-17 2.67e-14 2.10e-05 1.10e-05 6.13e-06 1.09e-06
1.41e+00 1.35e+00 2.88e-02 1.36e+00 2.99e-02 9.68e-04 2.85e-01 4.15e-02 1.98e-02 1.16e-02 1.55e-03
1.41e+00 1.74e+00 2.56e-02 1.74e+00 2.59e-02 5.83e-48 1.14e-32 1.28e-06 5.55e-07 3.40e-07 4.85e-08
1.39e+00 1.58e+00 2.95e-02 1.57e+00 3.06e-02 1.06e-18 1.08e-18 5.87e-05 2.58e-05 1.58e-05 2.01e-06
1.38e+00 1.64e+00 3.70e-02 1.65e+00 3.81e-02 3.93e-20 3.83e-18 1.65e-05 7.61e-06 5.35e-06 6.17e-07
1.39e+00 1.67e+00 2.44e-02 1.68e+00 2.50e-02 1.75e-41 3.27e-33 2.73e-06 1.14e-06 5.80e-07 9.94e-08
1.41e+00 1.66e+00 1.97e-02 1.66e+00 1.98e-02 1.25e-55 1.25e-51 2.86e-06 1.00e-06 7.83e-07 8.86e-08
1.43e+00 1.31e+00 4.44e-02 1.29e+00 5.04e-02 9.02e-04 2.74e-01 2.91e-02 1.00e-02 6.41e-03 8.66e-04
1.39e+00 1.72e+00 9.54e-03 1.72e+00 9.59e-03 4.18e-239 6.23e-166 5.43e-07 2.15e-07 2.15e-07 5.45e-08
1.39e+00 1.48e+00 1.15e-02 1.48e+00 1.22e-02 1.59e-10 1.61e-10 8.24e-03 4.01e-03 2.96e-03 7.18e-04
1.41e+00 1.49e+00 2.01e-02 1.49e+00 2.02e-02 1.12e-07 1.29e-07 7.03e-04 4.35e-04 1.97e-04 2.51e-05
1.42e+00 1.30e+00 8.92e-02 1.31e+00 9.01e-02 6.22e-03 9.57e-01 4.85e-02 1.65e-02 8.42e-03 1.29e-03
1.38e+00 1.47e+00 9.16e-03 1.47e+00 9.29e-03 5.92e-12 6.01e-12 2.94e-04 1.77e-04 1.00e-04 1.63e-05
1.40e+00 1.73e+00 4.34e-02 1.73e+00 4.36e-02 3.16e-18 9.26e-11 2.04e-06 8.30e-07 5.23e-07 7.66e-08
1.39e+00 1.70e+00 4.19e-02 1.69e+00 4.27e-02 6.73e-20 1.92e-13 5.36e-06 2.41e-06 1.48e-06 1.72e-07
1.43e+00 1.40e+00 4.76e-02 1.39e+00 4.83e-02 3.36e-02 4.04e-01 3.89e-02 1.45e-02 9.65e-03 1.45e-03
1.40e+00 1.50e+00 3.50e-02 1.50e+00 3.51e-02 3.16e-05 3.12e-04 5.74e-03 2.92e-03 1.74e-03 1.48e-04
1.43e+00 1.47e+00 3.49e-02 1.48e+00 3.57e-02 6.35e-04 1.87e-03 1.58e-03 6.28e-04 3.29e-04 3.99e-05
1.42e+00 1.49e+00 4.22e-03 1.49e+00 4.33e-03 2.07e-51 2.07e-51 1.35e-04 1.35e-04 1.35e-04 7.46e-06
1.40e+00 1.60e+00 2.30e-02 1.60e+00 2.35e-02 1.30e-43 1.36e-43 1.22e-05 5.62e-06 5.12e-06 6.40e-07
1.39e+00 1.34e+00 3.25e-01 1.39e+00 3.29e-01 4.04e-03 2.95e-02 2.95e-03 1.19e-03 6.97e-04 8.20e-05
1.42e+00 1.56e+00 5.14e-02 1.54e+00 5.67e-02 1.10e-06 5.78e-06 1.89e-04 9.87e-05 5.78e-05 6.02e-06
1.41e+00 1.50e+00 1.14e-02 1.50e+00 1.15e-02 8.68e-12 8.84e-12 1.38e-03 7.65e-04 3.06e-04 6.95e-05
1.38e+00 1.63e+00 2.45e-02 1.63e+00 2.50e-02 1.79e-37 8.91e-36 6.32e-06 2.71e-06 1.37e-06 3.25e-07
1.39e+00 1.74e+00 2.61e-02 1.74e+00 2.65e-02 8.30e-47 1.78e-27 9.12e-07 3.95e-07 2.44e-07 3.90e-08
1.39e+00 1.45e+00 3.21e-02 1.46e+00 3.30e-02 2.67e-04 5.99e-04 1.92e-03 8.97e-04 5.98e-04 4.98e-05
1.38e+00 1.32e+00 5.19e-03 1.32e+00 5.83e-03 1.05e-17 1.41e-01 9.38e-02 4.24e-02 4.24e-02 5.19e-03
1.39e+00 1.37e+00 5.66e-02 1.36e+00 5.73e-02 2.63e-02 3.01e-01 2.65e-02 1.21e-02 6.25e-03 6.94e-04
1.37e+00 1.73e+00 4.36e-02 1.73e+00 4.38e-02 1.07e-18 1.23e-10 2.04e-06 8.20e-07 5.17e-07 7.57e-08
1.43e+00 1.51e+00 3.92e-02 1.50e+00 4.14e-02 4.52e-05 2.01e-04 8.35e-04 3.45e-04 2.27e-04 2.06e-05
1.38e+00 1.33e+00 1.93e-01 1.34e+00 1.93e-01 1.10e-02 1.49e-01 1.02e-02 4.52e-03 2.88e-03 2.74e-04
1.40e+00 1.58e+00 2.45e-02 1.58e+00 2.45e-02 2.34e-27 2.83e-27 2.67e-05 1.44e-05 8.57e-06 9.02e-07
1.38e+00 1.33e+00 3.12e-02 1.32e+00 3.24e-02 3.99e-02 1.33e+00 1.67e-01 8.21e-02 4.30e-02 6.69e-03
1.39e+00 1.43e+00 6.27e-02 1.50e+00 9.15e-02 1.31e-03 7.20e-03 1.14e-03 5.31e-04 2.94e-04 7.17e-05
1.40e+00 1.67e+00 4.81e-02 1.68e+00 4.94e-02 5.00e-15 4.82e-11 1.04e-05 4.16e-06 2.37e-06 3.20e-07
1.39e+00 1.76e+00 1.09e-02 1.76e+00 1.13e-02 0.00e+00 1.49e-214 1.43e-07 1.38e-07 7.73e-08 8.40e-09
1.42e+00 1.65e+00 3.71e-02 1.65e+00 3.71e-02 2.52e-17 1.64e-15 1.55e-05 7.02e-06 4.58e-06 7.80e-07
1.38e+00 1.60e+00 3.31e-02 1.61e+00 3.35e-02 9.52e-20 2.68e-19 3.12e-05 1.73e-05 1.08e-05 1.57e-06
1.44e+00 1.52e+00 1.65e-02 1.52e+00 1.69e-02 9.23e-08 1.06e-07 1.48e-03 5.40e-04 4.05e-04 5.25e-05
1.39e+00 1.60e+00 2.26e-02 1.61e+00 2.36e-02 9.01e-44 9.07e-44 8.32e-06 3.76e-06 2.91e-06 4.01e-07
1.39e+00 1.26e+00 2.44e-02 1.26e+00 2.44e-02 1.86e-04 1.16e+00 1.91e-01 7.81e-02 5.63e-02 3.45e-03
1.40e+00 1.41e+00 1.76e-02 1.41e+00 1.79e-02 7.56e-03 1.52e-02 8.70e-03 3.65e-03 2.73e-03 3.24e-04
1.42e+00 1.24e+00 3.83e-01 1.36e+00 4.02e-01 1.96e-02 4.63e-01 2.99e-02 1.03e-02 6.24e-03 5.85e-04
1.38e+00 1.37e+00 4.97e-02 1.38e+00 5.18e-02 1.36e-02 1.08e-01 1.11e-02 4.38e-03 3.15e-03 4.10e-04
1.39e+00 1.62e+00 1.53e-02 1.62e+00 1.55e-02 4.91e-93 4.91e-93 5.84e-06 3.36e-06 2.33e-06 3.89e-07
1.41e+00 1.49e+00 2.95e-02 1.50e+00 3.15e-02 1.55e-04 3.60e-04 7.59e-03 3.90e-03 2.29e-03 2.12e-04
1.39e+00 1.63e+00 1.79e-02 1.64e+00 1.87e-02 6.99e-59 7.62e-59 4.31e-06 1.69e-06 1.67e-06 1.78e-07
1.42e+00 1.34e+00 1.76e-02 1.34e+00 1.80e-02 3.11e-05 6.50e-01 1.29e-01 6.45e-02 4.89e-02 7.77e-03
1.41e+00 1.52e+00 1.69e-01 1.53e+00 1.69e-01 5.97e-05 2.76e-04 2.65e-04 9.07e-05 5.74e-05 7.40e-06
1.42e+00 1.54e+00 1.40e-01 1.53e+00 1.41e-01 1.83e-05 8.30e-05 1.74e-04 8.03e-05 4.45e-05 5.42e-06
1.40e+00 1.78e+00 5.61e-03 1.78e+00 6.58e-03 0.00e+00 0.00e+00 1.04e-07 5.20e-08 5.20e-08 3.64e-09
1.38e+00 1.43e+00 5.48e-02 1.47e+00 6.60e-02 1.44e-03 7.01e-03 2.26e-03 1.03e-03 6.54e-04 8.92e-05
1.39e+00 1.34e+00 6.44e-02 1.34e+00 6.45e-02 1.72e-02 3.09e-01 2.15e-02 8.13e-03 5.33e-03 6.66e-04
1.40e+00 1.47e+00 6.33e-03 1.47e+00 7.35e-03 4.42e-11 4.46e-11 2.05e-04 1.24e-04 1.24e-04 1.13e-05
1.42e+00 1.63e+00 6.04e-02 1.64e+00 6.10e-02 2.83e-10 8.07e-08 1.96e-05 8.74e-06 6.46e-06 8.86e-07
1.40e+00 1.54e+00 6.49e-02 1.53e+00 6.51e-02 1.33e-05 5.84e-05 4.85e-04 1.81e-04 1.07e-04 1.23e-05
1.39e+00 1.51e+00 1.89e-02 1.50e+00 2.19e-02 2.73e-11 3.60e-11 7.60e-04 4.07e-04 1.68e-04 4.31e-05
1.41e+00 1.32e+00 3.34e-02 1.31e+00 3.44e-02 3.46e-06 5.24e-02 1.04e-02 4.73e-03 2.42e-03 4.84e-04
1.41e+00 1.71e+00 2.93e-02 1.71e+00 2.95e-02 3.87e-33 7.46e-24 3.63e-06 1.42e-06 1.13e-06 1.25e-07
1.40e+00 1.45e+00 1.31e-01 1.50e+00 1.42e-01 8.46e-05 1.23e-02 5.04e-03 1.63e-03 9.06e-04 7.25e-05
1.42e+00 1.58e+00 6.92e-03 1.58e+00 8.08e-03 1.75e-195 1.75e-195 1.71e-05 1.45e-05 1.45e-05 1.55e-06
1.42e+00 1.36e+00 4.75e-02 1.34e+00 4.99e-02 6.62e-03 1.71e-01 1.24e-02 5.90e-03 3.13e-03 7.82e-04
1.42e+00 1.47e+00 1.93e-02 1.48e+00 2.09e-02 2.53e-04 3.62e-04 2.61e-03 1.23e-03 8.37e-04 1.42e-04
1.40e+00 1.21e+00 1.09e-01 1.17e+00 1.16e-01 8.13e-03 1.00e+00 1.08e-01 2.83e-02 1.26e-02 1.89e-03
1.43e+00 1.51e+00 3.15e-02 1.50e+00 3.37e-02 2.35e-05 4.20e-05 8.26e-04 3.76e-04 2.04e-04 2.61e-05
1.43e+00 1.67e+00 2.46e-02 1.67e+00 2.47e-02 4.26e-35 1.58e-34 4.45e-06 1.97e-06 1.09e-06 1.42e-07
1.41e+00 1.56e+00 5.63e-03 1.56e+00 6.65e-03 2.49e-180 2.49e-180 2.90e-05 1.50e-05 1.50e-05 1.02e-06
1.41e+00 1.42e+00 1.11e-01 1.51e+00 1.41e-01 7.64e-05 3.22e-02 4.41e-03 1.72e-03 8.18e-04 1.46e-04
1.38e+00 1.32e+00 3.51e-02 1.31e+00 3.56e-02 1.34e-02 8.35e-01 8.15e-02 4.07e-02 2.55e-02 3.05e-03
1.39e+00 1.57e+00 2.50e-02 1.57e+00 2.52e-02 1.76e-24 1.89e-24 4.24e-05 2.22e-05 1.24e-05 2.11e-06
1.38e+00 1.41e+00 8.29e-02 1.42e+00 8.35e-02 1.48e-02 6.96e-02 1.72e-02 7.82e-03 5.28e-03 4.40e-04
1.38e+00 1.29e+00 1.36e-01 1.39e+00 1.71e-01 3.41e-02 5.97e-01 2.35e-02 1.01e-02 6.33e-03 1.12e-03
1.39e+00 1.63e+00 2.22e-02 1.63e+00 2.23e-02 5.06e-41 5.44e-41 5.14e-06 2.21e-06 1.21e-06 2.30e-07
1.38e+00 1.63e+00 1.64e-02 1.63e+00 1.71e-02 1.83e-76 1.83e-76 5.36e-06 1.94e-06 1.69e-06 1.94e-07
1.40e+00 1.32e+00 1.43e-02 1.32e+00 1.49e-02 2.84e-05 2.40e-01 5.55e-02 3.07e-02 1.31e-02 2.92e-03
1.42e+00 1.55e+00 4.77e-02 1.53e+00 5.05e-02 4.00e-06 1.52e-05 3.39e-04 1.28e-04 7.46e-05 1.07e-05
1.38e+00 1.59e+00 4.34e-02 1.56e+00 5.02e-02 3.00e-11 2.79e-10 9.12e-05 4.32e-05 2.43e-05 3.55e-06
1.40e+00 1.55e+00 2.51e-02 1.55e+00 2.52e-02 2.22e-17 2.25e-17 1.11e-04 6.70e-05 3.55e-05 4.10e-06
1.42e+00 1.30e+00 2.27e-02 1.30e+00 2.27e-02 1.58e-06 1.58e+00 2.74e-01 9.88e-02 9.44e-02 7.49e-03
1.37e+00 1.26e+00 5.90e-02 1.25e+00 5.93e-02 2.36e-02 2.40e+00 1.47e-01 5.82e-02 3.05e-02 3.69e-03
1.39e+00 1.51e+00 1.63e-02 1.50e+00 1.74e-02 5.70e-13 6.20e-13 5.61e-04 3.52e-04 1.54e-04 2.74e-05
1.41e+00 1.67e+00 3.02e-02 1.68e+00 3.11e-02 3.76e-26 4.25e-18 7.30e-06 2.82e-06 1.71e-06 2.56e-07
1.42e+00 1.42e+00 5.63e-02 1.40e+00 5.86e-02 3.23e-03 2.90e-02 2.70e-03 1.56e-03 9.80e-04 1.18e-04
1.39e+00 1.63e+00 2.75e-02 1.63e+00 2.76e-02 5.86e-31 2.16e-30 8.01e-06 3.95e-06 2.39e-06 2.60e-07
1.43e+00 1.58e+00 1.03e-02 1.58e+00 1.04e-02 7.32e-116 7.35e-116 1.82e-05 1.12e-05 3.39e-06 2.93e-06
1.40e+00 1.29e+00 9.61e-02 1.32e+00 1.01e-01 1.94e-02 1.04e+00 4.61e-02 1.68e-02 9.53e-03 1.27e-03
1.38e+00 1.61e+00 2.89e-02 1.62e+00 3.00e-02 9.18e-27 9.82e-27 1.59e-05 6.99e-06 4.41e-06 8.28e-07
1.41e+00 1.67e+00 1.34e-02 1.68e+00 1.44e-02 1.57e-111 2.79e-103 1.39e-06 8.07e-07 3.29e-07 5.48e-08
1.42e+00 1.54e+00 3.72e-02 1.53e+00 3.84e-02 9.92e-07 3.37e-06 3.89e-04 1.97e-04 1.10e-04 1.20e-05
1.42e+00 1.41e+00 2.32e-02 1.41e+00 2.32e-02 1.15e-02 5.46e-02 1.15e-02 5.01e-03 2.50e-03 4.06e-04
1.37e+00 1.63e+00 1.94e-02 1.63e+00 1.98e-02 3.95e-56 4.33e-56 4.50e-06 2.18e-06 1.15e-06 3.63e-07
1.39e+00 1.71e+00 1.15e-02 1.71e+00 1.16e-02 1.85e-180 4.13e-138 7.09e-07 4.38e-07 2.21e-07 3.92e-08
1.42e+00 1.69e+00 1.39e-02 1.69e+00 1.41e-02 1.45e-111 3.91e-93 9.08e-07 5.02e-07 3.15e-07 8.47e-08
1.38e+00 1.44e+00 5.51e-02 1.47e+00 6.30e-02 4.12e-04 3.19e-03 1.60e-03 4.24e-04 2.63e-04 5.05e-05
1.40e+00 1.46e+00 6.39e-02 1.50e+00 7.31e-02 3.03e-04 2.87e-03 1.27e-03 3.44e-04 1.88e-04 3.13e-05
1.41e+00 1.50e+00 1.98e-02 1.50e+00 2.02e-02 2.03e-07 4.63e-07 8.26e-04 3.42e-04 1.71e-04 3.42e-05
1.41e+00 1.53e+00 2.68e-02 1.52e+00 2.74e-02 5.56e-07 1.98e-06 6.57e-04 2.61e-04 1.48e-04 1.72e-05
1.41e+00 1.31e+00 1.67e-02 1.31e+00 1.68e-02 3.12e-06 1.05e+00 2.26e-01 1.13e-01 5.98e-02 7.97e-03
1.41e+00 1.65e+00 2.99e-02 1.65e+00 3.02e-02 8.76e-27 1.48e-26 1.19e-05 4.79e-06 2.58e-06 4.56e-07
1.38e+00 1.36e+00 1.59e-01 1.35e+00 1.59e-01 1.38e-02 1.33e-01 1.16e-02 5.24e-03 2.74e-03 3.04e-04
1.42e+00 1.24e+00 6.56e-02 1.26e+00 6.86e-02 3.96e-14 8.49e-02 6.61e-03 3.97e-03 1.75e-03 1.71e-04
1.38e+00 1.57e+00 3.21e-02 1.56e+00 3.40e-02 1.06e-13 1.61e-13 1.26e-04 7.43e-05 4.57e-05 6.53e-06
1.40e+00 1.49e+00 6.48e-02 1.50e+00 6.62e-02 2.88e-04 3.83e-03 5.88e-03 2.32e-03 1.24e-03 1.16e-04
1.41e+00 1.50e+00 2.68e-02 1.50e+00 2.69e-02 8.40e-06 1.47e-05 1.01e-03 4.74e-04 2.82e-04 2.56e-05
1.40e+00 1.41e+00 3.74e-02 1.41e+00 3.74e-02 4.29e-02 1.81e-01 3.50e-02 1.69e-02 8.43e-03 1.51e-03
1.38e+00 1.49e+00 4.86e-02 1.49e+00 4.86e-02 8.12e-05 4.06e-04 1.26e-03 5.10e-04 2.70e-04 3.00e-05
1.38e+00 1.53e+00 7.74e-03 1.53e+00 7.86e-03 1.82e-73 1.83e-73 5.69e-05 2.11e-05 1.34e-05 1.71e-06
1.39e+00 1.71e+00 1.16e-02 1.71e+00 1.16e-02 4.58e-179 3.06e-130 7.09e-07 4.60e-07 1.96e-07 3.56e-08
1.38e+00 1.50e+00 9.23e-02 1.50e+00 9.24e-02 2.05e-05 7.42e-05 6.66e-04 2.79e-04 1.75e-04 2.08e-05
1.41e+00 1.39e+00 1.16e-01 1.43e+00 1.22e-01 1.83e-02 1.25e-01 1.57e-02 5.51e-03 2.56e-03 3.94e-04
1.41e+00 1.66e+00 5.46e-02 1.66e+00 5.47e-02 3.61e-12 4.36e-09 1.19e-05 5.23e-06 3.39e-06 4.42e-07
1.41e+00 1.59e+00 3.26e-02 1.59e+00 3.26e-02 7.60e-13 7.93e-13 4.10e-05 2.22e-05 1.01e-05 1.23e-06
1.42e+00 1.69e+00 1.57e-02 1.68e+00 1.65e-02 4.34e-85 4.44e-72 1.23e-06 7.39e-07 3.34e-07 1.09e-07
1.40e+00 1.51e+00 5.45e-02 1.51e+00 5.47e-02 1.17e-04 6.43e-04 9.03e-04 2.67e-04 1.31e-04 2.02e-05
1.38e+00 1.32e+00 6.44e-02 1.32e+00 6.45e-02 4.03e-02 9.13e-01 5.77e-02 2.32e-02 1.32e-02 1.55e-03
1.38e+00 1.62e+00 2.26e-02 1.62e+00 2.28e-02 1.04e-46 6.73e-46 5.19e-06 3.47e-06 1.69e-06 2.23e-07
1.42e+00 1.71e+00 1.41e-02 1.71e+00 1.48e-02 3.05e-111 2.47e-88 5.43e-07 2.65e-07 1.34e-07 3.00e-08
1.38e+00 1.31e+00 3.12e-02 1.31e+00 3.16e-02 2.31e-02 1.65e+00 1.87e-01 1.03e-01 4.20e-02 5.83e-03
1.39e+00 1.61e+00 4.38e-02 1.61e+00 4.39e-02 2.34e-12 1.88e-11 4.35e-05 2.12e-05 1.48e-05 2.42e-06
1.39e+00 1.50e+00 4.94e-02 1.50e+00 4.96e-02 1.13e-04 4.71e-04 1.07e-03 4.64e-04 2.01e-04 3.46e-05
1.39e+00 1.61e+00 1.98e-02 1.61e+00 1.98e-02 1.37e-54 1.37e-54 6.72e-06 2.66e-06 2.46e-06 2.78e-07
1.42e+00 1.30e+00 1.55e-01 1.39e+00 1.80e-01 3.80e-02 6.51e-01 3.69e-02 1.21e-02 7.14e-03 1.23e-03
1.39e+00 1.59e+00 2.41e-02 1.59e+00 2.42e-02 1.08e-32 1.11e-32 1.29e-05 8.77e-06 4.09e-06 5.84e-07
1.42e+00 1.72e+00 1.16e-02 1.72e+00 1.17e-02 3.15e-158 4.43e-124 5.43e-07 2.78e-07 1.06e-07 2.18e-08
1.37e+00 1.47e+00 4.26e-02 1.47e+00 4.27e-02 1.99e-04 5.50e-04 1.71e-03 7.75e-04 4.10e-04 4.56e-05
1.38e+00 1.46e+00 4.11e-02 1.47e+00 4.29e-02 1.92e-04 9.77e-04 1.83e-03 5.94e-04 2.97e-04 3.18e-05
1.41e+00 1.46e+00 3.49e-02 1.47e+00 3.70e-02 5.48e-03 1.37e-02 1.12e-02 5.68e-03 3.83e-03 5.16e-04
1.38e+00 1.46e+00 6.82e-02 1.50e+00 7.75e-02 5.79e-04 2.66e-03 9.60e-04 3.05e-04 1.95e-04 3.24e-05
1.41e+00 1.53e+00 1.96e-02 1.53e+00 1.96e-02 5.39e-13 1.09e-12 3.33e-04 1.33e-04 9.59e-05 2.25e-05
1.40e+00 1.73e+00 2.48e-02 1.72e+00 2.57e-02 6.96e-48 4.13e-31 6.25e-07 2.84e-07 1.57e-07 3.45e-08
1.41e+00 1.37e+00 3.35e-02 1.37e+00 3.37e-02 1.51e-02 3.13e-01 3.70e-02 1.50e-02 9.09e-03 1.36e-03
1.38e+00 1.72e+00 8.96e-03 1.72e+00 9.02e-03 1.39e-269 3.60e-192 5.43e-07 3.05e-07 1.99e-07 4.36e-08
1.38e+00 1.18e+00 8.06e-02 1.17e+00 8.17e-02 8.52e-03 4.86e+00 2.79e-01 8.75e-02 5.03e-02 5.59e-03
1.39e+00 1.37e+00 5.69e-02 1.35e+00 6.18e-02 6.30e-03 8.33e-02 7.64e-03 2.70e-03 2.09e-03 2.55e-04
1.41e+00 1.57e+00 4.02e-02 1.56e+00 4.26e-02 1.34e-10 1.42e-09 1.39e-04 6.42e-05 4.73e-05 5.35e-06
1.41e+00 1.23e+00 1.50e-01 1.15e+00 1.71e-01 2.22e-03 2.79e-01 3.37e-02 1.13e-02 5.65e-03 6.52e-04
1.39e+00 1.69e+00 9.92e-03 1.69e+00 1.01e-02 1.41e-204 1.30e-165 1.20e-06 6.28e-07 6.28e-07 7.85e-08
1.38e+00 1.18e+00 5.87e-02 1.17e+00 6.02e-02 5.71e-07 1.46e+00 3.01e-01 1.51e-01 5.99e-02 3.63e-03
1.39e+00 1.38e+00 2.11e-02 1.38e+00 2.12e-02 1.95e-02 9.53e-02 1.79e-02 9.44e-03 5.33e-03 8.88e-04
1.40e+00 1.62e+00 2.43e-02 1.62e+00 2.47e-02 6.02e-39 6.02e-39 8.62e-06 3.85e-06 1.98e-06 3.04e-07
1.39e+00 1.71e+00 3.59e-02 1.71e+00 3.62e-02 8.43e-26 6.79e-17 4.95e-06 2.71e-06 1.18e-06 1.87e-07
1.38e+00 1.54e+00 3.12e-02 1.53e+00 3.29e-02 2.26e-09 4.73e-09 4.12e-04 2.51e-04 1.12e-04 1.64e-05
1.42e+00 1.49e+00 2.95e-02 1.50e+00 3.04e-02 2.78e-05 1.42e-04 1.07e-03 4.49e-04 2.31e-04 1.87e-05
1.39e+00 1.39e+00 2.56e-02 1.38e+00 2.62e-02 3.04e-02 1.25e-01 2.59e-02 1.21e-02 6.66e-03 9.29e-04
1.40e+00 1.48e+00 3.28e-02 1.48e+00 3.28e-02 3.51e-05 3.64e-04 1.11e-03 6.48e-04 3.21e-04 2.79e-05
1.40e+00 1.34e+00 7.05e-02 1.32e+00 7.27e-02 1.14e-02 3.20e-01 2.02e-02 7.95e-03 4.43e-03 5.21e-04
1.43e+00 1.72e+00 9.44e-03 1.72e+00 1.07e-02 2.71e-254 7.35e-204 5.43e-07 3.74e-07 1.31e-07 3.00e-08
1.40e+00 1.59e+00 2.12e-02 1.59e+00 2.15e-02 1.72e-43 1.92e-43 1.39e-05 9.51e-06 3.96e-06 8.42e-07
1.41e+00 1.51e+00 2.04e-02 1.50e+00 2.18e-02 5.26e-07 5.22e-05 6.43e-03 3.18e-03 1.40e-03 2.05e-04
1.41e+00 1.77e+00 1.27e-02 1.78e+00 1.67e-02 4.60e-229 1.92e-135 1.04e-07 5.36e-08 5.36e-08 5.21e-09
1.40e+00 1.73e+00 3.05e-02 1.72e+00 3.26e-02 2.93e-34 3.83e-22 2.37e-06 1.11e-06 6.78e-07 8.14e-08
1.40e+00 1.58e+00 5.09e-02 1.56e+00 5.36e-02 4.43e-08 2.40e-07 1.12e-04 4.48e-05 3.44e-05 4.13e-06
1.42e+00 1.48e+00 7.85e-02 1.50e+00 8.18e-02 4.90e-06 5.97e-03 5.23e-03 1.98e-03 9.53e-04 1.41e-04
1.40e+00 1.59e+00 2.56e-02 1.59e+00 2.58e-02 5.84e-32 7.14e-32 1.85e-05 8.62e-06 5.82e-06 1.01e-06
1.42e+00 1.53e+00 3.10e-02 1.53e+00 3.13e-02 1.15e-07 1.43e-07 4.12e-04 1.84e-04 9.99e-05 1.54e-05
1.42e+00 1.48e+00 2.60e-02 1.49e+00 2.67e-02 4.43e-04 7.51e-04 8.52e-03 2.99e-03 1.78e-03 2.23e-04
1.40e+00 1.52e+00 6.94e-03 1.52e+00 7.12e-03 6.83e-103 6.85e-103 7.08e-05 4.38e-05 2.24e-05 2.24e-05
1.38e+00 1.34e+00 1.01e-01 1.36e+00 1.03e-01 6.79e-02 6.28e-01 5.66e-02 2.52e-02 1.08e-02 1.08e-03
1.40e+00 1.47e+00 2.86e-03 1.47e+00 2.89e-03 9.20e-28 9.20e-28 2.05e-04 2.05e-04 2.05e-04 1.44e-05
1.39e+00 1.74e+00 1.80e-02 1.74e+00 1.82e-02 1.37e-99 9.26e-65 2.92e-07 1.38e-07 1.01e-07 9.08e-09
1.42e+00 1.33e+00 5.32e-02 1.32e+00 5.38e-02 1.27e-02 8.54e-01 5.75e-02 2.70e-02 1.39e-02 1.50e-03
1.40e+00 1.44e+00 5.11e-02 1.46e+00 5.33e-02 1.27e-03 6.62e-03 1.92e-03 8.26e-04 4.57e-04 7.62e-05
1.38e+00 1.37e+00 5.01e-02 1.34e+00 5.76e-02 5.16e-03 6.50e-02 8.68e-03 2.64e-03 2.32e-03 3.77e-04
1.41e+00 1.48e+00 2.78e-02 1.49e+00 2.87e-02 3.97e-04 6.84e-04 8.65e-03 3.51e-03 1.96e-03 2.28e-04
1.41e+00 1.71e+00 1.16e-02 1.71e+00 1.18e-02 9.63e-175 3.37e-142 7.09e-07 4.28e-07 2.46e-07 4.63e-08
1.42e+00 1.75e+00 1.62e-02 1.75e+00 1.63e-02 3.49e-114 2.10e-74 2.56e-07 7.97e-08 5.27e-08 1.03e-08
1.40e+00 1.52e+00 3.63e-02 1.53e+00 3.69e-02 2.57e-05 8.04e-05 6.47e-04 2.30e-04 1.11e-04 1.08e-05
1.38e+00 1.63e+00 2.38e-02 1.63e+00 2.40e-02 6.76e-41 3.87e-37 6.01e-06 2.51e-06 2.04e-06 2.38e-07
1.40e+00 1.53e+00 1.93e-03 1.53e+00 1.94e-03 3.47e-156 3.47e-156 5.69e-05 5.69e-05 5.69e-05 1.71e-06
1.38e+00 1.44e+00 3.04e-02 1.45e+00 3.13e-02 4.97e-04 1.03e-03 2.61e-03 1.11e-03 6.78e-04 8.84e-05
1.39e+00 1.62e+00 5.12e-02 1.62e+00 5.14e-02 1.74e-10 1.71e-08 3.16e-05 1.49e-05 1.01e-05 1.19e-06
1.40e+00 1.33e+00 3.14e-02 1.33e+00 3.18e-02 5.19e-03 5.58e-01 6.34e-02 2.57e-02 2.27e-02 2.61e-03
1.41e+00 1.51e+00 2.69e-02 1.50e+00 2.84e-02 1.79e-06 2.27e-05 6.57e-04 3.12e-04 1.94e-04 2.53e-05
1.41e+00 1.70e+00 3.50e-02 1.69e+00 3.54e-02 3.30e-23 3.71e-16 5.02e-06 2.72e-06 1.68e-06 1.62e-07
1.38e+00 1.38e+00 5.18e-03 1.38e+00 5.19e-03 7.62e-04 8.88e-04 1.18e-03 1.18e-03 2.20e-04 1.96e-04
1.42e+00 1.42e+00 2.24e-02 1.41e+00 2.39e-02 3.54e-03 1.42e-02 3.24e-03 1.46e-03 8.51e-04 1.11e-04
1.42e+00 1.74e+00 3.52e-02 1.75e+00 3.66e-02 1.44e-25 5.47e-17 1.82e-06 8.26e-07 5.02e-07 7.81e-08
1.38e+00 1.33e+00 8.38e-03 1.33e+00 8.45e-03 1.32e-10 5.72e-03 2.88e-03 1.71e-03 1.04e-03 7.23e-05
1.41e+00 1.38e+00 4.69e-02 1.38e+00 4.70e-02 9.21e-03 1.00e-01 8.19e-03 3.91e-03 2.66e-03 2.61e-04
1.38e+00 1.64e+00 1.79e-02 1.65e+00 1.94e-02 5.73e-61 1.58e-54 3.44e-06 1.52e-06 1.04e-06 1.04e-07
1.43e+00 1.57e+00 1.08e-01 1.61e+00 1.17e-01 7.21e-16 1.34e-04 1.40e-04 5.10e-05 3.32e-05 4.05e-06
1.39e+00 1.58e+00 2.52e-02 1.57e+00 2.65e-02 7.08e-26 8.56e-26 3.84e-05 1.66e-05 1.22e-05 1.74e-06
1.39e+00 1.59e+00 2.76e-02 1.59e+00 2.78e-02 8.29e-25 9.84e-25 3.42e-05 1.82e-05 1.03e-05 1.53e-06
1.40e+00 1.49e+00 2.92e-02 1.49e+00 2.92e-02 2.09e-05 3.97e-05 1.27e-03 4.47e-04 2.75e-04 3.44e-05
1.43e+00 1.52e+00 2.25e-02 1.51e+00 2.33e-02 1.29e-07 2.11e-07 6.24e-04 3.21e-04 1.69e-04 1.76e-05
1.41e+00 1.51e+00 2.13e-02 1.50e+00 2.21e-02 1.01e-06 6.64e-06 8.18e-04 3.75e-04 1.97e-04 1.93e-05
1.40e+00 1.43e+00 1.67e-02 1.43e+00 1.68e-02 1.25e-03 1.60e-03 6.85e-03 3.61e-03 2.14e-03 2.94e-04
1.42e+00 1.52e+00 3.22e-02 1.51e+00 3.35e-02 6.07e-06 2.49e-05 7.01e-04 3.42e-04 1.85e-04 2.06e-05
1.38e+00 1.64e+00 3.79e-02 1.65e+00 3.88e-02 8.20e-19 1.61e-15 1.68e-05 7.85e-06 3.93e-06 7.43e-07
1.40e+00 1.78e+00 5.42e-03 1.78e+00 6.04e-03 0.00e+00 0.00e+00 1.04e-07 1.04e-07 3.43e-08 3.12e-09
1.38e+00 1.66e+00 4.79e-02 1.67e+00 4.83e-02 4.89e-17 5.80e-13 1.24e-05 5.41e-06 2.74e-06 4.45e-07
1.38e+00 1.59e+00 1.88e-02 1.60e+00 1.95e-02 2.10e-63 2.10e-63 9.15e-06 5.37e-06 2.66e-06 5.90e-07
1.39e+00 1.61e+00 2.82e-02 1.61e+00 2.83e-02 1.70e-28 1.73e-28 1.62e-05 7.22e-06 5.81e-06 7.02e-07
1.41e+00 1.76e+00 2.79e-02 1.75e+00 3.16e-02 1.07e-41 1.79e-23 7.23e-07 3.39e-07 2.12e-07 2.79e-08
1.41e+00 1.67e+00 2.91e-02 1.68e+00 2.95e-02 2.40e-29 6.59e-27 5.98e-06 3.16e-06 1.91e-06 2.78e-07
1.38e+00 1.35e+00 2.84e-02 1.34e+00 3.01e-02 6.88e-02 8.94e-01 1.18e-01 5.74e-02 3.15e-02 4.20e-03
1.40e+00 1.69e+00 2.99e-02 1.69e+00 3.01e-02 2.63e-32 7.55e-24 4.52e-06 1.93e-06 1.05e-06 1.10e-07
1.41e+00 1.73e+00 4.29e-02 1.73e+00 4.32e-02 3.65e-18 8.33e-11 2.07e-06 1.06e-06 5.18e-07 7.58e-08
1.38e+00 1.30e+00 6.43e-02 1.31e+00 6.55e-02 1.79e-02 6.08e-01 3.20e-02 1.35e-02 8.84e-03 1.21e-03
1.39e+00 1.75e+00 1.45e-02 1.75e+00 1.47e-02 8.66e-148 9.87e-88 2.48e-07 8.11e-08 5.37e-08 8.74e-09
1.43e+00 1.39e+00 5.49e-02 1.39e+00 5.49e-02 3.17e-02 4.61e-01 4.79e-02 1.99e-02 1.15e-02 1.21e-03
1.41e+00 1.76e+00 1.01e-02 1.76e+00 1.13e-02 0.00e+00 2.01e-295 1.38e-07 8.31e-08 7.75e-08 7.75e-08
1.41e+00 1.78e+00 8.67e-03 1.78e+00 8.77e-03 0.00e+00 3.15e-229 1.04e-07 3.95e-08 3.23e-08 3.64e-09
1.43e+00 1.80e+00 9.05e-03 1.80e+00 9.06e-03 0.00e+00 0.00e+00 4.39e-08 4.30e-08 4.30e-08 3.07e-09
1.42e+00 1.53e+00 3.67e-02 1.52e+00 3.77e-02 5.90e-06 2.27e-05 5.30e-04 2.21e-04 1.26e-04 1.58e-05
1.41e+00 1.27e+00 7.09e-02 1.28e+00 7.20e-02 1.05e-02 1.72e+00 8.44e-02 3.29e-02 1.86e-02 2.19e-03
1.39e+00 1.10e+00 1.27e-01 1.05e+00 1.37e-01 1.80e-02 1.58e+00 1.02e-01 3.92e-02 1.76e-02 2.61e-03
1.41e+00 1.33e+00 1.76e-02 1.33e+00 1.77e-02 2.22e-05 8.67e-01 1.88e-01 8.81e-02 4.64e-02 1.42e-02
1.41e+00 1.51e+00 9.79e-02 1.51e+00 9.79e-02 6.90e-05 3.54e-04 5.81e-04 2.15e-04 1.09e-04 1.41e-05
1.40e+00 1.46e+00 6.38e-02 1.46e+00 6.38e-02 7.60e-04 3.52e-03 1.89e-03 6.75e-04 3.84e-04 5.82e-05
1.43e+00 1.67e+00 4.89e-02 1.67e+00 4.92e-02 1.27e-11 4.14e-09 1.06e-05 4.66e-06 2.53e-06 3.89e-07
1.42e+00 1.49e+00 2.22e-02 1.49e+00 2.26e-02 2.86e-05 4.55e-05 1.14e-03 5.98e-04 2.82e-04 3.44e-05
1.37e+00 1.52e+00 2.13e-01 1.53e+00 2.13e-01 2.51e-06 7.94e-05 2.45e-04 8.95e-05 5.60e-05 6.40e-06
1.39e+00 1.44e+00 9.78e-02 1.50e+00 1.14e-01 8.48e-04 7.63e-03 8.44e-04 4.55e-04 2.75e-04 2.99e-05
1.39e+00 1.35e+00 1.60e-02 1.34e+00 1.82e-02 3.21e-03 1.68e-01 4.12e-02 2.31e-02 8.29e-03 2.84e-03
1.39e+00 1.74e+00 1.63e-02 1.75e+00 1.76e-02 4.44e-121 5.94e-78 2.18e-07 9.93e-08 5.62e-08 6.53e-09
1.43e+00 1.53e+00 1.45e-02 1.53e+00 1.52e-02 7.92e-12 8.21e-12 8.99e-04 5.56e-04 2.19e-04 3.80e-05
1.41e+00 1.70e+00 1.41e-02 1.69e+00 1.54e-02 8.33e-115 5.71e-90 9.27e-07 5.93e-07 2.69e-07 3.49e-08
1.42e+00 1.34e+00 4.74e-02 1.33e+00 4.78e-02 8.52e-03 6.47e-01 5.13e-02 1.95e-02 1.25e-02 1.53e-03
1.41e+00 1.57e+00 6.94e-03 1.56e+00 8.96e-03 2.38e-170 2.40e-170 2.69e-05 2.31e-05 2.31e-05 1.35e-06
1.39e+00 1.52e+00 2.00e-02 1.51e+00 2.24e-02 3.72e-13 5.21e-13 4.12e-04 2.51e-04 1.37e-04 1.42e-05
1.41e+00 1.31e+00 2.09e-02 1.31e+00 2.09e-02 1.04e-05 6.36e-01 1.14e-01 6.92e-02 3.57e-02 4.20e-03
1.38e+00 1.60e+00 2.21e-02 1.60e+00 2.21e-02 6.24e-46 6.31e-46 1.05e-05 4.93e-06 2.70e-06 8.80e-07
1.39e+00 1.49e+00 2.02e-02 1.49e+00 2.02e-02 3.26e-08 4.58e-08 8.50e-04 5.08e-04 2.64e-04 2.07e-05
1.41e+00 1.71e+00 5.17e-02 1.72e+00 5.20e-02 5.17e-14 3.48e-09 2.96e-06 1.47e-06 7.82e-07 1.14e-07
1.42e+00 1.72e+00 2.50e-02 1.72e+00 2.52e-02 3.96e-41 8.50e-31 9.29e-07 4.82e-07 2.50e-07 2.90e-08
1.43e+00 1.33e+00 3.07e-02 1.32e+00 3.11e-02 1.33e-03 6.06e-01 8.53e-02 3.35e-02 2.26e-02 1.89e-03
1.40e+00 1.72e+00 4.41e-02 1.72e+00 4.44e-02 1.03e-17 1.40e-11 3.64e-06 1.43e-06 9.37e-07 1.12e-07
1.38e+00 1.66e+00 5.10e-02 1.66e+00 5.10e-02 9.62e-15 9.99e-10 1.11e-05 5.27e-06 2.93e-06 3.66e-07
1.39e+00 1.64e+00 3.86e-02 1.65e+00 3.90e-02 3.52e-21 4.68e-18 1.88e-05 8.21e-06 4.93e-06 8.21e-07
1.42e+00 1.70e+00 1.17e-02 1.70e+00 1.17e-02 5.46e-161 1.69e-137 7.33e-07 7.10e-07 2.53e-07 3.62e-08
1.41e+00 1.72e+00 3.14e-02 1.72e+00 3.15e-02 1.04e-31 4.01e-22 3.12e-06 1.34e-06 8.40e-07 1.31e-07
1.39e+00 1.09e+00 1.00e-02 1.09e+00 1.04e-02 8.06e-88 4.98e+00 2.08e+00 8.66e-01 8.66e-01 8.35e-02
1.41e+00 1.57e+00 3.50e-02 1.56e+00 3.66e-02 8.85e-12 1.72e-11 1.11e-04 5.49e-05 3.18e-05 6.50e-06
1.42e+00 1.52e+00 2.89e-02 1.51e+00 3.09e-02 2.14e-06 6.90e-06 7.40e-04 2.47e-04 1.58e-04 2.02e-05
1.42e+00 1.50e+00 2.36e-02 1.50e+00 2.40e-02 2.48e-06 3.48e-06 8.53e-04 4.62e-04 2.68e-04 3.76e-05
1.41e+00 1.64e+00 5.54e-02 1.65e+00 5.58e-02 1.54e-11 1.05e-08 1.57e-05 7.59e-06 4.15e-06 6.07e-07
1.45e+00 1.64e+00 6.40e-03 1.64e+00 7.48e-03 4.56e-226 4.56e-226 3.90e-06 3.35e-06 3.35e-06 5.29e-07
1.45e+00 1.36e+00 5.15e-02 1.35e+00 5.19e-02 4.83e-03 4.75e-01 3.59e-02 1.74e-02 9.04e-03 1.16e-03
1.47e+00 1.74e+00 2.03e-02 1.75e+00 2.10e-02 3.59e-46 2.47e-43 3.46e-07 1.55e-07 8.85e-08 1.21e-08
1.46e+00 1.57e+00 1.30e-02 1.57e+00 1.39e-02 1.82e-38 1.82e-38 1.83e-05 1.08e-05 1.08e-05 7.90e-07
1.46e+00 1.71e+00 4.79e-02 1.71e+00 4.80e-02 8.41e-13 2.28e-09 4.19e-06 1.83e-06 9.62e-07 1.23e-07
1.44e+00 1.47e+00 3.70e-02 1.46e+00 3.82e-02 1.45e-03 3.93e-03 2.02e-03 8.08e-04 4.73e-04 6.93e-05
1.48e+00 1.31e+00 5.41e-02 1.30e+00 5.45e-02 2.06e-03 1.17e+00 8.12e-02 3.31e-02 1.97e-02 2.07e-03
1.49e+00 1.51e+00 1.73e-02 1.51e+00 1.73e-02 2.52e-03 4.01e-03 5.95e-03 2.93e-03 1.29e-03 4.19e-04
1.47e+00 1.36e+00 5.07e-02 1.36e+00 5.08e-02 2.23e-03 4.03e-01 3.41e-02 1.35e-02 7.63e-03 8.98e-04
1.44e+00 1.67e+00 2.08e-02 1.68e+00 2.19e-02 4.61e-39 4.61e-39 1.96e-06 1.02e-06 6.41e-07 9.67e-08
1.46e+00 1.54e+00 3.14e-02 1.53e+00 3.22e-02 1.27e-05 2.92e-05 4.92e-04 2.58e-04 1.47e-04 2.10e-05
1.45e+00 1.76e+00 1.39e-02 1.75e+00 1.55e-02 1.39e-119 1.12e-98 2.43e-07 9.03e-08 6.35e-08 7.32e-09
1.45e+00 1.59e+00 7.59e-02 1.56e+00 8.00e-02 6.34e-07 3.89e-06 8.22e-05 3.52e-05 2.09e-05 3.06e-06
1.47e+00 1.51e+00 2.59e-02 1.50e+00 2.86e-02 2.87e-04 5.11e-04 7.91e-04 4.07e-04 2.11e-04 2.40e-05
1.44e+00 1.44e+00 2.31e-02 1.44e+00 2.31e-02 2.21e-02 6.69e-02 2.01e-02 9.92e-03 4.68e-03 1.60e-03
1.44e+00 1.76e+00 1.62e-02 1.75e+00 1.81e-02 3.76e-97 3.41e-69 2.46e-07 1.00e-07 4.20e-08 8.65e-09
1.45e+00 1.69e+00 1.97e-02 1.69e+00 1.98e-02 1.79e-46 1.79e-46 1.38e-06 5.91e-07 3.91e-07 3.99e-08
1.49e+00 1.53e+00 7.73e-02 1.53e+00 7.73e-02 2.12e-04 6.27e-04 4.11e-04 1.71e-04 9.31e-05 1.03e-05
1.44e+00 1.47e+00 2.04e-02 1.48e+00 2.11e-02 3.26e-04 6.78e-04 1.64e-03 7.03e-04 2.93e-04 4.19e-05
1.48e+00 1.38e+00 5.73e-02 1.36e+00 5.99e-02 2.56e-03 1.56e-01 1.13e-02 4.39e-03 2.44e-03 3.49e-04
1.49e+00 1.64e+00 5.12e-02 1.65e+00 5.18e-02 3.08e-08 3.99e-08 1.90e-05 8.24e-06 5.26e-06 5.97e-07
1.44e+00 1.53e+00 4.57e-02 1.53e+00 4.57e-02 3.87e-05 2.38e-04 7.31e-04 2.50e-04 1.29e-04 1.34e-05
1.46e+00 1.40e+00 5.19e-02 1.37e+00 6.22e-02 2.32e-03 3.70e-02 3.05e-03 1.43e-03 8.91e-04 1.87e-04
1.48e+00 1.52e+00 2.18e-02 1.52e+00 2.18e-02 6.95e-04 1.05e-03 4.11e-03 1.60e-03 1.53e-03 1.53e-04
1.44e+00 1.64e+00 5.30e-02 1.65e+00 5.37e-02 1.41e-10 5.02e-10 1.76e-05 7.74e-06 4.44e-06 7.97e-07
1.46e+00 1.45e+00 4.47e-02 1.46e+00 4.53e-02 2.46e-03 1.42e-02 1.95e-03 8.08e-04 3.98e-04 6.22e-05
1.48e+00 1.51e+00 4.11e-02 1.50e+00 4.23e-02 6.73e-04 2.06e-03 7.08e-04 3.07e-04 1.84e-04 1.89e-05
1.47e+00 1.48e+00 2.92e-02 1.48e+00 2.95e-02 1.60e-03 5.12e-03 1.43e-03 6.39e-04 3.74e-04 3.32e-05
1.45e+00 1.52e+00 2.62e-02 1.52e+00 2.65e-02 7.02e-06 9.58e-06 5.53e-04 2.88e-04 1.34e-04 1.68e-05
1.46e+00 1.48e+00 4.20e-02 1.49e+00 4.26e-02 9.82e-04 3.74e-03 1.21e-03 4.62e-04 3.06e-04 3.92e-05
1.44e+00 1.50e+00 7.30e-02 1.50e+00 7.30e-02 2.93e-04 1.47e-03 8.93e-04 3.19e-04 1.68e-04 2.90e-05
1.46e+00 1.47e+00 6.44e-03 1.47e+00 6.45e-03 7.00e-04 7.47e-04 5.27e-03 1.59e-03 1.27e-03 1.27e-03
1.46e+00 1.74e+00 1.07e-02 1.75e+00 1.32e-02 2.02e-180 5.71e-169 2.40e-07 1.07e-07 4.22e-08 4.10e-08
1.45e+00 1.65e+00 1.40e-02 1.65e+00 1.42e-02 6.68e-75 6.68e-75 3.36e-06 1.27e-06 8.27e-07 1.01e-07
1.46e+00 1.73e+00 1.22e-02 1.72e+00 1.39e-02 3.40e-139 1.05e-137 5.27e-07 2.01e-07 2.01e-07 3.44e-08
1.48e+00 1.56e+00 2.24e-02 1.55e+00 2.34e-02 4.86e-09 5.02e-09 9.16e-05 5.13e-05 2.31e-05 4.02e-06
1.43e+00 1.40e+00 1.41e-02 1.40e+00 1.41e-02 5.34e-03 1.64e-01 4.12e-02 1.72e-02 1.46e-02 1.41e-03
1.47e+00 1.75e+00 9.49e-03 1.75e+00 9.49e-03 8.02e-186 3.89e-175 2.40e-07 8.19e-08 8.19e-08 4.82e-09
1.48e+00 1.47e+00 5.32e-02 1.50e+00 6.30e-02 8.07e-04 4.09e-03 8.26e-04 2.94e-04 1.81e-04 2.26e-05
1.45e+00 1.27e+00 4.09e-02 1.28e+00 4.29e-02 8.39e-07 3.20e+00 2.82e-01 1.23e-01 7.59e-02 9.03e-03
1.44e+00 1.52e+00 1.65e-02 1.53e+00 1.74e-02 1.64e-11 1.71e-11 3.09e-04 1.36e-04 1.36e-04 1.36e-05
1.44e+00 1.29e+00 2.60e-02 1.29e+00 2.61e-02 9.66e-10 1.92e+00 3.03e-01 1.26e-01 6.58e-02 7.52e-03
1.49e+00 1.05e+00 1.49e-01 9.70e-01 1.68e-01 5.30e-04 7.87e+00 3.86e-01 1.10e-01 6.14e-02 7.68e-03
1.48e+00 1.79e+00 5.31e-03 1.79e+00 6.80e-03 0.00e+00 0.00e+00 7.79e-08 6.42e-08 6.42e-08 6.42e-08
1.44e+00 1.77e+00 1.32e-02 1.78e+00 1.52e-02 2.20e-175 1.63e-108 1.04e-07 3.96e-08 3.34e-08 3.65e-09
1.48e+00 1.46e+00 4.80e-02 1.47e+00 4.93e-02 2.29e-03 1.65e-02 1.85e-03 7.91e-04 4.48e-04 5.90e-05
1.46e+00 1.51e+00 6.00e-02 1.51e+00 6.02e-02 2.09e-04 1.55e-03 5.43e-04 2.05e-04 1.13e-04 1.76e-05
1.46e+00 1.53e+00 9.87e-03 1.53e+00 1.07e-02 1.59e-14 3.91e-07 2.69e-03 7.16e-04 7.02e-04 1.08e-04
1.46e+00 1.31e+00 2.82e-02 1.31e+00 2.83e-02 1.62e-06 1.76e+00 2.18e-01 8.77e-02 4.92e-02 6.65e-03
1.45e+00 1.46e+00 3.93e-02 1.47e+00 4.15e-02 1.91e-03 9.44e-03 1.83e-03 8.28e-04 4.87e-04 7.30e-05
1.46e+00 1.50e+00 1.03e-02 1.50e+00 1.13e-02 5.93e-07 6.05e-07 4.88e-03 1.47e-03 1.45e-03 2.70e-04
1.48e+00 1.48e+00 5.93e-02 1.43e+00 7.87e-02 7.03e-04 7.14e-03 7.23e-04 4.35e-04 2.50e-04 3.24e-05
1.47e+00 1.40e+00 5.81e-02 1.37e+00 6.77e-02 2.96e-03 5.77e-02 3.46e-03 1.79e-03 1.17e-03 1.43e-04
1.43e+00 1.52e+00 1.35e-02 1.52e+00 1.35e-02 2.83e-16 2.86e-16 1.66e-04 9.23e-05 9.23e-05 9.67e-06
1.45e+00 1.67e+00 1.70e-02 1.68e+00 1.77e-02 1.59e-49 1.59e-49 1.51e-06 6.13e-07 5.12e-07 5.87e-08
1.47e+00 1.64e+00 5.80e-02 1.65e+00 5.85e-02 1.90e-08 4.81e-08 1.61e-05 6.53e-06 4.42e-06 7.04e-07
1.46e+00 1.36e+00 2.95e-02 1.36e+00 2.99e-02 1.30e-03 3.07e-01 4.32e-02 2.01e-02 1.08e-02 1.03e-03
1.46e+00 1.75e+00 8.54e-03 1.75e+00 9.19e-03 1.55e-225 1.36e-198 2.40e-07 1.22e-07 4.22e-08 7.23e-09
1.48e+00 1.56e+00 9.17e-03 1.56e+00 9.92e-03 4.24e-45 4.24e-45 2.90e-05 1.95e-05 8.01e-06 1.02e-06
1.46e+00 1.44e+00 7.89e-02 1.47e+00 8.31e-02 2.06e-03 2.06e-02 1.62e-03 8.24e-04 4.75e-04 6.34e-05
1.46e+00 1.48e+00 7.98e-03 1.48e+00 7.99e-03 4.27e-06 4.37e-06 1.73e-04 8.87e-05 7.13e-05 6.96e-06
1.46e+00 1.75e+00 1.28e-02 1.75e+00 1.32e-02 6.90e-123 4.98e-95 2.41e-07 9.93e-08 6.90e-08 9.69e-09
1.46e+00 1.72e+00 3.46e-02 1.72e+00 3.47e-02 1.17e-20 8.79e-16 2.92e-06 1.30e-06 8.94e-07 9.31e-08
1.45e+00 1.49e+00 5.05e-02 1.50e+00 5.10e-02 1.12e-04 1.38e-03 8.79e-04 3.33e-04 1.27e-04 2.42e-05
1.47e+00 1.73e+00 2.65e-02 1.72e+00 2.82e-02 2.43e-31 6.73e-29 1.03e-06 4.34e-07 2.27e-07 3.89e-08
1.48e+00 1.51e+00 2.38e-02 1.50e+00 2.59e-02 2.96e-04 5.08e-04 7.92e-04 3.99e-04 2.07e-04 2.59e-05
1.49e+00 1.50e+00 2.78e-02 1.50e+00 2.78e-02 9.72e-04 2.43e-03 9.42e-04 3.65e-04 1.88e-04 1.77e-05
1.46e+00 1.73e+00 1.77e-02 1.72e+00 1.85e-02 1.61e-59 1.61e-59 5.02e-07 2.43e-07 1.89e-07 2.13e-08
1.45e+00 1.41e+00 1.47e-02 1.41e+00 1.53e-02 4.15e-05 2.68e-03 5.64e-04 4.04e-04 1.79e-04 2.33e-05
1.44e+00 1.67e+00 4.28e-02 1.68e+00 4.32e-02 5.52e-13 1.75e-10 9.54e-06 4.50e-06 2.25e-06 2.96e-07
1.45e+00 1.30e+00 4.44e-01 1.44e+00 4.64e-01 5.10e-03 4.88e-02 4.30e-03 1.57e-03 1.02e-03 1.05e-04
1.45e+00 1.37e+00 8.26e-02 1.36e+00 8.37e-02 8.63e-03 3.30e-01 2.20e-02 8.54e-03 5.18e-03 5.60e-04
1.44e+00 1.34e+00 6.27e-02 1.33e+00 6.29e-02 4.61e-03 5.76e-01 4.95e-02 1.98e-02 1.06e-02 1.15e-03
1.45e+00 1.48e+00 1.50e-02 1.48e+00 1.51e-02 1.14e-03 1.62e-03 9.04e-03 4.29e-03 4.29e-03 5.75e-04
1.47e+00 1.38e+00 4.69e-02 1.36e+00 4.94e-02 2.22e-03 7.13e-02 8.84e-03 3.35e-03 1.52e-03 2.62e-04
1.43e+00 1.77e+00 1.30e-02 1.78e+00 1.56e-02 4.79e-188 7.27e-125 1.04e-07 3.91e-08 3.49e-08 4.17e-09
1.48e+00 1.51e+00 1.64e-02 1.50e+00 1.78e-02 2.22e-03 3.45e-03 6.03e-03 2.31e-03 1.51e-03 2.35e-04
1.48e+00 1.48e+00 3.29e-02 1.49e+00 3.42e-02 8.57e-03 3.26e-02 7.97e-03 3.18e-03 2.26e-03 2.77e-04
1.48e+00 1.69e+00 4.83e-02 1.69e+00 4.84e-02 2.32e-10 1.35e-09 6.33e-06 2.68e-06 1.62e-06 2.03e-07
1.47e+00 1.37e+00 3.00e-02 1.37e+00 3.01e-02 1.58e-04 1.02e-01 1.09e-02 5.70e-03 3.37e-03 5.83e-04
1.48e+00 1.44e+00 6.99e-02 1.49e+00 8.39e-02 1.69e-03 1.55e-02 1.33e-03 5.22e-04 3.54e-04 4.42e-05
1.44e+00 1.68e+00 2.83e-02 1.68e+00 2.85e-02 9.05e-25 1.74e-24 4.06e-06 1.97e-06 1.14e-06 1.49e-07
1.46e+00 1.48e+00 6.43e-02 1.50e+00 6.79e-02 1.01e-03 5.48e-03 1.37e-03 4.83e-04 2.46e-04 3.28e-05
1.45e+00 1.47e+00 9.76e-02 1.50e+00 1.03e-01 1.09e-03 1.14e-02 1.09e-03 6.26e-04 3.24e-04 3.60e-05
1.46e+00 1.49e+00 9.78e-03 1.49e+00 9.78e-03 8.23e-07 8.47e-07 1.96e-04 1.22e-04 1.22e-04 2.27e-05
1.47e+00 1.68e+00 4.05e-02 1.68e+00 4.05e-02 2.55e-13 8.35e-13 7.78e-06 3.24e-06 2.24e-06 2.61e-07
1.48e+00 1.10e+00 1.65e-01 9.70e-01 2.12e-01 2.79e-06 4.86e+00 2.98e-01 1.26e-01 6.41e-02 8.01e-03
1.43e+00 1.63e+00 1.31e-02 1.63e+00 1.39e-02 9.16e-86 9.16e-86 5.28e-06 2.85e-06 2.85e-06 1.93e-07
1.48e+00 1.46e+00 9.62e-02 1.42e+00 1.04e-01 1.65e-03 2.11e-02 1.64e-03 7.83e-04 4.22e-04 5.02e-05
1.45e+00 1.48e+00 1.26e-02 1.48e+00 1.31e-02 1.05e-05 1.21e-05 2.76e-04 1.83e-04 1.31e-04 7.90e-06
1.47e+00 1.48e+00 3.30e-02 1.48e+00 3.30e-02 1.55e-03 5.29e-03 1.35e-03 6.89e-04 2.98e-04 4.25e-05
1.44e+00 1.48e+00 5.83e-02 1.50e+00 6.10e-02 4.85e-04 3.08e-03 1.17e-03 4.35e-04 2.22e-04 3.28e-05
1.48e+00 1.71e+00 2.60e-02 1.71e+00 2.63e-02 9.13e-23 9.17e-23 2.34e-06 1.03e-06 6.84e-07 1.10e-07
1.45e+00 1.65e+00 1.60e-02 1.65e+00 1.61e-02 4.17e-60 4.17e-60 2.65e-06 1.19e-06 6.89e-07 1.03e-07
1.47e+00 1.52e+00 3.11e-02 1.51e+00 3.30e-02 1.07e-04 2.57e-04 6.49e-04 3.49e-04 1.82e-04 1.48e-05
1.44e+00 1.55e+00 1.70e-02 1.55e+00 1.71e-02 1.37e-20 1.38e-20 4.01e-05 2.31e-05 1.12e-05 1.57e-06
1.46e+00 1.75e+00 9.53e-03 1.75e+00 1.05e-02 1.01e-204 4.45e-185 2.40e-07 1.42e-07 4.94e-08 8.43e-09
1.45e+00 1.67e+00 4.43e-02 1.68e+00 4.48e-02 3.79e-14 9.67e-14 9.73e-06 3.89e-06 2.49e-06 3.65e-07
1.47e+00 1.50e+00 3.01e-02 1.50e+00 3.03e-02 5.18e-04 1.12e-03 1.06e-03 4.37e-04 2.79e-04 2.43e-05
1.47e+00 1.48e+00 3.55e-02 1.49e+00 3.59e-02 1.28e-03 4.25e-03 1.36e-03 5.30e-04 3.43e-04 3.90e-05
1.49e+00 1.53e+00 2.09e-01 1.55e+00 2.10e-01 6.23e-05 3.72e-04 1.25e-04 4.76e-05 2.46e-05 3.17e-06
1.49e+00 1.55e+00 2.96e-02 1.53e+00 3.33e-02 3.62e-05 4.89e-05 3.55e-04 1.74e-04 1.20e-04 1.23e-05
1.44e+00 1.46e+00 3.61e-02 1.46e+00 3.61e-02 2.18e-03 7.84e-03 2.11e-03 8.84e-04 5.46e-04 5.20e-05
1.48e+00 1.78e+00 5.83e-03 1.78e+00 5.83e-03 0.00e+00 5.52e-314 1.04e-07 1.04e-07 2.08e-08 1.77e-08
1.48e+00 1.50e+00 2.36e-02 1.50e+00 2.36e-02 7.48e-04 1.53e-03 9.63e-04 4.75e-04 2.19e-04 2.50e-05
1.47e+00 1.41e+00 4.26e-02 1.41e+00 4.26e-02 2.63e-03 5.20e-02 3.90e-03 1.75e-03 1.53e-03 1.91e-04
1.45e+00 1.73e+00 3.03e-02 1.72e+00 3.23e-02 1.84e-27 1.21e-23 2.10e-06 1.00e-06 6.10e-07 6.10e-08
1.46e+00 1.74e+00 2.10e-02 1.75e+00 2.17e-02 1.22e-47 8.12e-44 4.05e-07 1.88e-07 1.12e-07 1.40e-08
1.43e+00 1.46e+00 4.13e-02 1.47e+00 4.18e-02 1.43e-03 5.02e-03 1.76e-03 7.61e-04 4.66e-04 5.68e-05
1.47e+00 1.63e+00 5.21e-02 1.63e+00 5.22e-02 4.15e-09 7.41e-09 2.49e-05 1.24e-05 7.65e-06 1.38e-06
1.43e+00 1.65e+00 6.50e-02 1.65e+00 6.50e-02 1.23e-09 7.29e-08 1.26e-05 5.96e-06 3.45e-06 4.71e-07
1.49e+00 1.36e+00 1.17e-01 1.40e+00 1.24e-01 5.66e-03 5.58e-01 3.87e-02 1.27e-02 8.12e-03 9.55e-04
1.43e+00 1.71e+00 3.33e-02 1.71e+00 3.33e-02 2.29e-21 8.70e-18 3.84e-06 1.61e-06 1.01e-06 1.48e-07
1.49e+00 1.46e+00 5.56e-02 1.48e+00 5.90e-02 1.92e-03 1.77e-02 1.59e-03 6.86e-04 3.68e-04 5.12e-05
1.47e+00 1.10e+00 1.26e-01 1.04e+00 1.39e-01 8.88e-03 4.04e+00 2.20e-01 8.62e-02 4.16e-02 6.16e-03
1.49e+00 1.43e+00 2.26e-01 1.42e+00 2.26e-01 1.01e-03 1.76e-02 1.43e-03 5.59e-04 3.32e-04 3.79e-05
1.47e+00 1.56e+00 3.75e-02 1.54e+00 4.09e-02 1.00e-05 1.58e-05 2.41e-04 1.04e-04 7.09e-05 7.54e-06
1.49e+00 1.60e+00 3.15e-02 1.60e+00 3.16e-02 5.89e-10 6.12e-10 2.54e-05 1.10e-05 9.18e-06 1.56e-06
1.45e+00 1.69e+00 1.83e-02 1.69e+00 1.83e-02 8.25e-45 8.25e-45 1.24e-06 7.16e-07 3.54e-07 3.41e-08
1.44e+00 1.50e+00 2.67e-02 1.50e+00 2.70e-02 6.70e-05 1.19e-04 9.91e-04 4.48e-04 2.27e-04 2.39e-05
1.44e+00 1.76e+00 1.50e-02 1.75e+00 1.75e-02 1.40e-123 4.48e-91 2.20e-07 8.72e-08 8.50e-08 7.72e-09
1.45e+00 1.63e+00 8.24e-03 1.63e+00 8.32e-03 1.91e-168 1.91e-168 5.50e-06 3.18e-06 2.29e-06 2.21e-07
1.44e+00 1.76e+00 1.31e-02 1.76e+00 1.35e-02 6.89e-184 9.49e-123 1.58e-07 1.04e-07 1.04e-07 2.30e-08
1.46e+00 1.48e+00 3.77e-02 1.47e+00 3.84e-02 1.86e-03 7.26e-03 1.48e-03 5.80e-04 4.13e-04 4.92e-05
1.46e+00 1.48e+00 3.92e-02 1.49e+00 3.96e-02 1.06e-03 3.79e-03 1.21e-03 4.69e-04 2.53e-04 3.72e-05
1.48e+00 1.50e+00 3.93e-02 1.50e+00 3.96e-02 9.29e-04 3.04e-03 1.00e-03 4.55e-04 1.85e-04 2.64e-05
1.49e+00 1.69e+00 1.02e-02 1.69e+00 1.04e-02 1.64e-83 1.64e-83 1.20e-06 6.52e-07 6.52e-07 4.23e-08
1.45e+00 1.35e+00 5.74e-02 1.34e+00 5.84e-02 2.94e-03 2.68e-01 2.01e-02 7.51e-03 3.88e-03 4.85e-04
1.48e+00 1.56e+00 1.04e-02 1.56e+00 1.13e-02 7.19e-31 7.19e-31 2.90e-05 1.03e-05 1.02e-05 1.60e-06
1.49e+00 1.51e+00 4.73e-02 1.52e+00 4.83e-02 2.93e-04 1.39e-03 5.45e-04 1.85e-04 8.92e-05 1.65e-05
1.45e+00 1.71e+00 5.89e-03 1.71e+00 5.90e-03 0.00e+00 0.00e+00 7.09e-07 7.09e-07 1.82e-07 1.53e-07
1.44e+00 1.76e+00 1.35e-02 1.76e+00 1.40e-02 2.20e-157 6.35e-114 1.48e-07 1.04e-07 1.04e-07 4.52e-09
1.48e+00 1.35e+00 2.85e-02 1.35e+00 2.87e-02 7.44e-11 1.44e-02 3.70e-03 1.43e-03 1.39e-03 1.04e-04
1.45e+00 1.47e+00 5.26e-02 1.48e+00 5.31e-02 1.27e-03 6.34e-03 1.58e-03 5.95e-04 2.93e-04 3.78e-05
1.43e+00 1.52e+00 3.93e-02 1.51e+00 4.05e-02 4.34e-05 1.06e-04 5.96e-04 2.90e-04 1.80e-04 1.96e-05
1.45e+00 1.66e+00 1.62e-02 1.65e+00 1.76e-02 7.94e-50 7.94e-50 2.69e-06 1.05e-06 6.52e-07 8.15e-08
1.49e+00 1.47e+00 2.55e-02 1.47e+00 2.56e-02 1.30e-03 1.00e-02 1.73e-03 7.49e-04 4.04e-04 4.93e-05
1.43e+00 1.54e+00 8.37e-02 1.53e+00 8.50e-02 1.44e-05 7.83e-05 3.06e-04 1.09e-04 6.83e-05 7.80e-06
1.46e+00 1.37e+00 2.86e-02 1.36e+00 2.92e-02 1.46e-03 2.51e-01 3.62e-02 2.00e-02 1.07e-02 1.16e-03
1.47e+00 1.46e+00 4.45e-02 1.47e+00 4.64e-02 1.94e-03 8.92e-03 1.63e-03 6.60e-04 2.94e-04 4.06e-05
1.47e+00 1.63e+00 1.02e-02 1.63e+00 1.03e-02 1.11e-72 1.11e-72 5.50e-06 3.18e-06 3.18e-06 7.19e-07
1.47e+00 1.49e+00 4.71e-02 1.50e+00 4.82e-02 2.96e-04 1.67e-03 9.05e-04 3.51e-04 1.72e-04 2.46e-05
1.48e+00 1.55e+00 2.29e-02 1.54e+00 2.49e-02 3.35e-08 3.52e-08 2.26e-04 9.89e-05 4.89e-05 1.07e-05
1.44e+00 1.33e+00 4.26e-01 1.50e+00 4.57e-01 5.84e-04 7.03e-03 5.61e-04 2.18e-04 1.49e-04 1.73e-05
1.47e+00 1.41e+00 5.58e-02 1.41e+00 5.59e-02 1.58e-02 3.18e-01 2.53e-02 1.24e-02 7.07e-03 6.28e-04
1.45e+00 1.76e+00 1.43e-02 1.75e+00 1.52e-02 7.47e-117 4.10e-88 2.46e-07 1.02e-07 5.68e-08 1.23e-08
1.45e+00 1.68e+00 1.59e-02 1.68e+00 1.60e-02 1.14e-57 1.14e-57 1.24e-06 5.82e-07 2.83e-07 5.36e-08
1.45e+00 1.34e+00 3.54e-01 1.42e+00 3.62e-01 5.06e-03 7.25e-02 4.85e-03 1.89e-03 1.10e-03 1.66e-04
