6.80e-01 5.17e-01 4.48e-03 5.20e-01 5.28e-03 1.61e-51 1.24e+01 8.92e+00 8.92e+00 3.45e+00 3.45e+00
6.61e-01 5.89e-01 1.14e-02 5.90e-01 1.14e-02 2.49e-10 1.33e+01 4.61e+00 2.99e+00 1.23e+00 2.08e-01
6.56e-01 5.95e-01 2.02e-02 5.90e-01 2.09e-02 5.01e-02 1.49e+01 2.41e+00 1.40e+00 7.27e-01 9.98e-02
6.81e-01 6.05e-01 3.07e-02 5.90e-01 3.43e-02 4.44e-02 8.29e+00 8.98e-01 4.15e-01 2.10e-01 2.63e-02
6.67e-01 6.16e-01 3.05e-02 6.30e-01 3.37e-02 2.12e-01 7.53e+00 9.23e-01 3.81e-01 2.76e-01 3.87e-02
6.74e-01 6.47e-01 5.14e-03 6.50e-01 6.18e-03 6.72e-06 5.10e-01 3.19e-01 1.81e-01 1.81e-01 1.81e-01
6.86e-01 5.81e-01 2.36e-02 5.80e-01 2.36e-02 5.43e-04 4.51e+01 6.66e+00 3.33e+00 1.91e+00 2.62e-01
6.70e-01 5.30e-01 5.12e-04 5.30e-01 5.13e-04 5.15e-150 6.55e+00 6.53e+00 6.53e+00 6.53e+00 6.53e+00
6.81e-01 6.47e-01 7.01e-03 6.50e-01 7.59e-03 1.21e-05 4.43e+00 2.34e+00 1.49e+00 1.49e+00 1.41e-01
6.86e-01 6.52e-01 4.73e-03 6.50e-01 5.23e-03 2.00e-07 3.93e-01 2.89e-01 2.89e-01 9.44e-02 1.02e-02
6.68e-01 7.35e-01 5.00e-03 7.30e-01 6.96e-03 6.21e-76 6.21e-76 1.33e-01 1.25e-01 1.25e-01 1.25e-01
6.88e-01 2.12e-01 6.76e-03 2.10e-01 7.02e-03 6.08e-177 1.16e+00 9.75e-01 9.75e-01 9.75e-01 4.41e-02
6.66e-01 7.30e-01 2.21e-03 7.30e-01 2.21e-03 3.18e-57 8.76e-33 5.95e-01 5.95e-01 5.95e-01 1.79e-02
6.72e-01 6.40e-01 6.99e-03 6.40e-01 6.99e-03 4.78e-04 2.71e+00 1.56e+00 5.71e-01 5.32e-01 3.13e-02
6.64e-01 7.20e-01 1.57e-03 7.20e-01 1.59e-03 4.19e-65 4.19e-65 2.27e-01 2.27e-01 2.27e-01 2.27e-01
6.73e-01 6.21e-01 2.41e-03 6.20e-01 2.48e-03 4.39e-51 2.72e+00 2.55e+00 2.55e+00 2.55e+00 1.67e-01
6.74e-01 6.00e-01 6.18e-03 6.00e-01 6.18e-03 9.96e-31 3.55e+00 2.24e+00 6.87e-01 6.20e-01 6.20e-01
6.68e-01 7.32e-01 4.11e-03 7.30e-01 4.48e-03 4.07e-53 4.07e-53 1.86e-01 1.86e-01 1.86e-01 4.38e-02
6.93e-01 6.39e-01 2.11e-02 6.40e-01 2.11e-02 2.42e-01 1.91e+01 2.89e+00 1.45e+00 1.12e+00 1.30e-01
6.74e-01 6.30e-01 2.20e-03 6.30e-01 2.25e-03 3.39e-35 2.18e+00 2.07e+00 2.07e+00 2.07e+00 1.14e-01
6.67e-01 6.68e-01 1.49e-02 6.70e-01 1.51e-02 2.16e+00 5.12e+00 2.03e+00 1.16e+00 7.50e-01 8.96e-02
6.73e-01 6.17e-01 7.09e-03 6.20e-01 7.82e-03 3.23e-14 3.22e+00 1.66e+00 1.13e+00 1.13e+00 1.25e-01
6.92e-01 6.36e-01 4.91e-03 6.40e-01 6.20e-03 2.17e-27 3.85e-01 2.38e-01 1.46e-01 1.46e-01 1.46e-01
6.61e-01 6.48e-01 5.03e-03 6.50e-01 5.25e-03 1.48e-01 2.72e+00 1.99e+00 1.99e+00 5.69e-01 1.70e-01
6.91e-01 6.57e-01 8.87e-03 6.60e-01 9.46e-03 9.18e-05 4.15e-01 1.89e-01 1.24e-01 5.89e-02 4.75e-03
6.74e-01 5.77e-01 1.16e-02 5.80e-01 1.20e-02 1.06e-20 1.62e+01 4.39e+00 3.24e+00 2.14e+00 4.28e-01
6.86e-01 6.35e-01 2.15e-02 6.30e-01 2.20e-02 7.54e-03 1.72e+00 4.13e-01 1.74e-01 1.45e-01 1.05e-02
6.68e-01 6.40e-01 1.30e-02 6.40e-01 1.30e-02 3.27e-01 9.70e+00 2.39e+00 9.67e-01 8.29e-01 2.00e-01
6.76e-01 7.09e-01 3.89e-03 7.10e-01 4.12e-03 1.73e-08 1.73e-08 1.65e-01 1.65e-01 1.65e-01 3.07e-02
6.63e-01 6.08e-01 2.20e-02 6.00e-01 2.33e-02 3.64e-02 9.97e-01 3.80e-01 2.12e-01 5.92e-02 1.72e-02
6.92e-01 6.13e-01 5.07e-03 6.10e-01 6.02e-03 7.69e-25 4.34e-01 2.79e-01 1.47e-01 1.47e-01 1.47e-01
6.72e-01 7.11e-01 3.71e-03 7.10e-01 3.89e-03 8.16e-16 8.16e-16 1.04e-01 1.04e-01 1.04e-01 1.67e-02
6.91e-01 6.31e-01 1.11e-02 6.30e-01 1.11e-02 1.61e-07 9.37e-01 3.37e-01 2.07e-01 7.97e-02 1.02e-02
6.94e-01 7.32e-01 4.58e-03 7.30e-01 4.97e-03 4.27e-11 9.27e-11 6.73e-01 6.73e-01 1.96e-01 2.37e-02
6.71e-01 6.90e-01 4.97e-03 6.90e-01 4.98e-03 1.71e-03 1.71e-03 2.00e-01 2.00e-01 3.72e-02 2.81e-02
6.62e-01 6.62e-01 7.43e-03 6.60e-01 7.83e-03 1.51e-01 2.11e-01 1.71e-01 8.00e-02 8.00e-02 8.60e-03
6.73e-01 6.42e-01 3.65e-03 6.40e-01 3.98e-03 5.34e-29 2.44e-01 2.05e-01 2.05e-01 2.05e-01 3.92e-02
6.70e-01 6.08e-01 9.82e-03 6.10e-01 1.00e-02 3.37e-08 9.67e+00 3.89e+00 1.86e+00 1.86e+00 3.13e-01
6.72e-01 6.24e-01 1.31e-02 6.30e-01 1.45e-02 3.60e-03 1.13e+01 3.22e+00 1.72e+00 1.72e+00 1.63e-01
6.91e-01 6.43e-01 4.60e-03 6.40e-01 5.49e-03 9.88e-28 4.32e-01 3.02e-01 3.02e-01 1.31e-01 1.31e-01
6.76e-01 1.62e-01 3.77e-02 1.50e-01 3.97e-02 4.60e-07 4.44e+01 4.95e+00 1.63e+00 1.05e+00 2.37e-01
6.61e-01 5.72e-01 9.41e-03 5.70e-01 9.69e-03 4.67e-08 1.09e+01 4.59e+00 2.05e+00 2.05e+00 2.30e-01
6.96e-01 5.82e-01 4.19e-03 5.80e-01 4.50e-03 5.99e-95 8.48e+00 6.78e+00 6.78e+00 6.78e+00 1.53e+00
6.61e-01 6.39e-01 5.25e-03 6.40e-01 5.29e-03 1.10e-03 3.15e+00 2.29e+00 2.29e+00 5.29e-01 3.33e-01
6.78e-01 7.72e-01 8.23e-03 7.70e-01 8.55e-03 5.32e-08 5.36e-08 3.37e-01 1.81e-01 9.65e-02 3.73e-02
6.94e-01 7.01e-01 6.30e-03 7.00e-01 6.41e-03 7.90e-01 9.28e-01 1.43e+00 5.52e-01 5.52e-01 3.08e-01
6.81e-01 6.40e-01 5.32e-05 6.40e-01 5.32e-05 4.75e-63 2.05e-01 2.05e-01 2.05e-01 2.05e-01 2.05e-01
6.83e-01 6.40e-01 2.15e-03 6.40e-01 2.18e-03 5.35e-25 3.20e-01 3.04e-01 3.04e-01 3.04e-01 1.38e-02
6.88e-01 5.74e-01 4.96e-03 5.70e-01 6.63e-03 1.74e-247 8.09e+00 4.53e+00 3.58e+00 3.58e+00 3.58e+00
6.76e-01 6.95e-01 5.01e-03 6.90e-01 7.00e-03 2.52e-04 2.52e-04 7.22e-01 6.89e-01 6.89e-01 6.89e-01
6.64e-01 7.28e-01 3.95e-03 7.30e-01 4.36e-03 3.26e-58 3.26e-58 1.39e-01 1.39e-01 1.39e-01 3.28e-02
6.93e-01 6.27e-01 1.01e-02 6.30e-01 1.04e-02 9.95e-06 8.09e-01 3.15e-01 1.47e-01 1.47e-01 2.53e-02
6.86e-01 7.00e-01 1.60e-03 7.00e-01 1.62e-03 2.34e-03 2.34e-03 1.45e-01 1.45e-01 1.45e-01 1.45e-01
6.87e-01 6.49e-01 2.72e-02 6.50e-01 2.72e-02 4.03e-01 7.84e+00 9.99e-01 5.79e-01 3.25e-01 4.46e-02
6.75e-01 6.32e-01 1.34e-02 6.30e-01 1.36e-02 6.39e-03 2.08e+00 5.29e-01 2.51e-01 1.58e-01 3.72e-02
6.82e-01 6.97e-01 4.68e-03 7.00e-01 5.69e-03 4.20e-02 4.20e-02 5.17e-01 5.17e-01 2.49e-01 2.49e-01
6.84e-01 6.32e-01 4.33e-03 6.30e-01 4.77e-03 7.22e-24 6.02e-01 4.66e-01 4.66e-01 1.29e-01 1.29e-01
6.73e-01 6.16e-01 1.33e-02 6.20e-01 1.39e-02 4.08e-05 1.40e+00 4.58e-01 2.67e-01 1.63e-01 2.07e-02
6.67e-01 5.74e-01 1.77e-02 5.70e-01 1.82e-02 2.50e-05 1.46e+01 3.04e+00 1.34e+00 1.11e+00 1.16e-01
6.75e-01 5.93e-01 1.54e-02 5.90e-01 1.57e-02 5.16e-05 1.42e+01 3.13e+00 1.99e+00 1.22e+00 2.69e-01
6.55e-01 6.20e-01 3.66e-03 6.20e-01 3.67e-03 1.07e-12 4.37e-01 3.78e-01 3.78e-01 3.78e-01 2.66e-02
6.64e-01 7.32e-01 4.39e-03 7.30e-01 4.90e-03 7.82e-53 7.82e-53 1.82e-01 1.82e-01 5.48e-02 5.48e-02
6.86e-01 6.77e-01 1.44e-02 6.80e-01 1.48e-02 1.57e+00 5.84e+00 1.73e+00 1.03e+00 5.42e-01 7.61e-02
6.84e-01 6.21e-01 6.40e-03 6.20e-01 6.45e-03 2.47e-10 4.19e-01 2.57e-01 9.57e-02 9.57e-02 6.34e-02
6.76e-01 6.12e-01 2.50e-02 6.10e-01 2.51e-02 7.60e-02 1.15e+01 1.70e+00 8.36e-01 4.28e-01 5.70e-02
6.84e-01 6.16e-01 4.99e-03 6.20e-01 6.41e-03 3.56e-60 6.77e+00 4.00e+00 2.75e+00 2.75e+00 2.75e+00
6.87e-01 6.69e-01 1.13e-02 6.70e-01 1.13e-02 7.42e-02 6.39e-01 2.38e-01 1.41e-01 4.79e-02 7.19e-03
6.68e-01 5.84e-01 5.65e-03 5.80e-01 6.77e-03 5.21e-56 1.36e+00 7.71e-01 5.35e-01 5.35e-01 4.65e-02
6.62e-01 6.64e-01 6.81e-03 6.60e-01 7.95e-03 2.12e+00 2.91e+00 2.19e+00 1.85e+00 1.85e+00 1.76e-01
6.76e-01 6.17e-01 4.69e-03 6.20e-01 5.39e-03 2.99e-31 5.59e-01 3.98e-01 3.98e-01 1.54e-01 1.54e-01
6.72e-01 5.87e-01 4.58e-03 5.90e-01 5.48e-03 2.68e-212 2.40e+00 1.68e+00 1.68e+00 7.26e-01 7.26e-01
6.71e-01 5.89e-01 2.96e-03 5.90e-01 3.11e-03 7.59e-202 1.71e+00 1.54e+00 1.54e+00 1.54e+00 1.70e-01
6.76e-01 6.01e-01 1.05e-02 6.00e-01 1.06e-02 4.69e-09 1.20e+01 4.53e+00 2.57e+00 8.64e-01 9.10e-02
6.79e-01 5.80e-01 8.61e-04 5.80e-01 8.64e-04 1.15e-237 2.75e+00 2.73e+00 2.73e+00 2.73e+00 2.73e+00
6.58e-01 5.66e-01 5.04e-03 5.70e-01 6.32e-03 1.86e-18 6.61e+00 3.98e+00 2.58e+00 2.58e+00 2.58e+00
6.60e-01 6.79e-01 4.73e-03 6.80e-01 4.82e-03 1.83e-03 1.83e-03 3.07e-01 3.07e-01 6.49e-02 2.94e-02
6.84e-01 6.27e-01 7.34e-03 6.30e-01 7.80e-03 2.32e-09 4.54e+00 2.29e+00 1.53e+00 1.53e+00 1.50e-01
6.90e-01 6.41e-01 1.62e-02 6.40e-01 1.62e-02 4.65e-03 2.48e+00 5.13e-01 2.66e-01 1.15e-01 2.56e-02
6.87e-01 6.31e-01 4.81e-03 6.30e-01 4.84e-03 2.20e-16 2.78e-01 2.24e-01 2.24e-01 2.24e-01 1.69e-02
6.80e-01 6.27e-01 1.71e-02 6.30e-01 1.74e-02 6.51e-03 3.94e+00 8.49e-01 3.60e-01 2.47e-01 3.79e-02
6.85e-01 5.65e-01 1.43e-02 5.60e-01 1.51e-02 9.62e-18 2.62e+01 6.44e+00 4.14e+00 1.76e+00 2.52e-01
6.82e-01 7.14e-01 4.85e-03 7.10e-01 6.16e-03 3.02e-16 3.02e-16 1.21e-01 7.40e-02 7.40e-02 7.40e-02
6.76e-01 6.06e-01 8.61e-03 6.10e-01 9.48e-03 1.67e-10 9.41e+00 3.99e+00 3.37e+00 1.16e+00 7.82e-01
6.87e-01 7.00e-01 5.33e-03 7.00e-01 5.34e-03 1.94e-01 1.95e-01 1.21e+00 1.21e+00 2.62e-01 2.14e-01
6.79e-01 6.12e-01 5.72e-03 6.10e-01 6.21e-03 8.52e-20 4.42e-01 2.79e-01 1.32e-01 1.32e-01 2.94e-02
6.63e-01 6.40e-01 3.24e-04 6.40e-01 3.24e-04 4.36e-13 2.06e-01 2.05e-01 2.05e-01 2.05e-01 2.05e-01
6.94e-01 6.01e-01 2.80e-02 6.00e-01 2.80e-02 1.53e-02 4.29e+01 4.84e+00 2.35e+00 1.46e+00 2.52e-01
6.83e-01 6.79e-01 3.10e-03 6.80e-01 3.28e-03 1.04e-01 1.58e-01 1.41e-01 1.41e-01 1.41e-01 1.70e-02
6.79e-01 6.25e-01 1.11e-02 6.30e-01 1.22e-02 2.49e-04 9.71e+00 3.15e+00 1.41e+00 1.39e+00 2.72e-01
6.79e-01 6.08e-01 1.15e-02 6.10e-01 1.17e-02 1.93e-10 1.48e+00 5.26e-01 3.41e-01 1.51e-01 3.96e-02
6.67e-01 6.08e-01 5.14e-03 6.10e-01 5.56e-03 6.54e-28 6.43e-01 4.52e-01 4.52e-01 1.61e-01 2.95e-02
6.80e-01 6.10e-01 2.27e-02 6.10e-01 2.27e-02 1.26e-03 1.78e+01 4.21e+00 2.51e+00 9.92e-01 6.61e-02
6.64e-01 6.12e-01 5.00e-03 6.10e-01 5.51e-03 9.51e-29 6.62e-01 4.63e-01 4.63e-01 1.77e-01 2.33e-02
6.75e-01 6.32e-01 4.66e-03 6.30e-01 5.04e-03 1.22e-13 6.46e-01 4.83e-01 4.83e-01 1.46e-01 1.94e-02
6.91e-01 6.22e-01 4.48e-03 6.20e-01 4.86e-03 4.57e-46 5.05e-01 3.86e-01 3.86e-01 1.09e-01 1.09e-01
6.76e-01 6.69e-01 4.09e-03 6.70e-01 4.24e-03 5.88e-01 1.62e+00 1.35e+00 1.35e+00 1.35e+00 6.11e-02
6.74e-01 5.95e-01 9.87e-03 6.00e-01 1.09e-02 4.26e-14 1.09e+01 4.05e+00 1.51e+00 1.32e+00 1.63e-01
6.94e-01 6.16e-01 5.59e-03 6.20e-01 6.97e-03 1.82e-27 3.82e+00 2.07e+00 1.62e+00 1.62e+00 1.04e-01
6.56e-01 5.55e-01 1.84e-02 5.50e-01 1.90e-02 4.15e-04 2.58e+01 6.53e+00 3.59e+00 1.65e+00 3.30e-01
6.93e-01 6.81e-01 3.31e-03 6.80e-01 3.48e-03 4.66e-02 5.79e-01 5.09e-01 5.09e-01 5.09e-01 6.65e-02
6.77e-01 6.51e-01 1.77e-02 6.50e-01 1.77e-02 2.82e-01 3.55e+00 7.69e-01 4.07e-01 2.08e-01 2.08e-02
6.85e-01 6.27e-01 1.89e-02 6.30e-01 1.92e-02 5.88e-02 1.79e+01 3.61e+00 1.68e+00 7.33e-01 1.93e-01
6.74e-01 6.41e-01 5.88e-03 6.40e-01 6.00e-03 7.24e-06 9.61e-01 6.34e-01 2.17e-01 2.17e-01 1.08e-01
6.71e-01 7.99e-01 1.91e-02 7.90e-01 2.09e-02 1.73e-25 1.74e-25 2.44e-01 1.48e-01 7.42e-02 6.59e-03
6.73e-01 5.81e-01 5.12e-03 5.80e-01 5.22e-03 4.43e-51 6.03e+00 4.44e+00 4.44e+00 1.09e+00 5.14e-01
6.84e-01 6.13e-01 5.02e-03 6.10e-01 6.07e-03 1.78e-45 6.79e-01 4.32e-01 2.39e-01 2.39e-01 2.39e-01
6.91e-01 6.13e-01 5.44e-03 6.10e-01 6.05e-03 4.37e-28 4.20e+00 2.73e+00 1.26e+00 1.26e+00 1.92e-01
6.99e-01 7.18e-01 4.38e-03 7.20e-01 4.78e-03 1.18e-04 1.18e-04 2.54e-01 2.54e-01 6.90e-02 6.90e-02
6.86e-01 6.98e-01 4.70e-03 7.00e-01 5.17e-03 4.85e-02 4.87e-02 2.44e-01 2.44e-01 7.97e-02 8.58e-03
6.82e-01 6.94e-01 4.95e-03 6.90e-01 6.55e-03 1.02e-01 1.02e-01 6.33e-01 4.77e-01 4.77e-01 4.77e-01
6.82e-01 6.07e-01 6.67e-03 6.10e-01 7.16e-03 2.82e-35 5.21e+00 2.94e+00 1.63e+00 1.63e+00 1.33e-01
6.74e-01 5.81e-01 9.09e-03 5.80e-01 9.19e-03 7.58e-14 1.00e+01 4.49e+00 2.12e+00 2.12e+00 2.26e-01
6.56e-01 6.56e-01 5.32e-03 6.60e-01 6.67e-03 1.54e-01 2.32e-01 1.71e-01 1.30e-01 1.30e-01 1.30e-01
6.69e-01 6.14e-01 1.50e-02 6.10e-01 1.54e-02 4.36e-03 1.55e+01 3.88e+00 2.38e+00 1.21e+00 1.98e-01
6.90e-01 6.28e-01 1.62e-02 6.30e-01 1.63e-02 5.56e-03 1.43e+01 3.11e+00 1.39e+00 7.56e-01 1.44e-01
6.89e-01 7.60e-01 4.22e-03 7.60e-01 4.22e-03 3.04e-63 3.04e-63 9.96e-02 9.96e-02 9.96e-02 9.51e-03
6.64e-01 6.86e-01 7.23e-03 6.90e-01 8.11e-03 1.62e-02 1.65e-02 4.67e-01 3.59e-01 3.59e-01 4.23e-02
6.89e-01 8.50e-01 6.47e-05 8.50e-01 6.47e-05 3.63e-71 3.63e-71 1.83e-02 1.83e-02 1.83e-02 1.83e-02
6.65e-01 6.31e-01 1.31e-02 6.30e-01 1.32e-02 1.59e-01 1.09e+01 2.67e+00 1.13e+00 9.08e-01 2.19e-01
6.77e-01 5.89e-01 8.62e-03 5.90e-01 8.64e-03 6.43e-11 7.45e+00 3.39e+00 1.69e+00 1.69e+00 2.05e-01
6.79e-01 6.26e-01 6.11e-03 6.30e-01 7.04e-03 3.33e-13 4.22e-01 2.37e-01 1.56e-01 1.56e-01 2.26e-02
6.91e-01 5.95e-01 1.31e-02 5.90e-01 1.41e-02 2.37e-11 3.14e+00 8.96e-01 4.43e-01 4.43e-01 5.24e-02
6.91e-01 6.03e-01 1.57e-02 6.00e-01 1.60e-02 3.00e-05 2.20e+01 5.29e+00 3.13e+00 1.82e+00 1.96e-01
6.79e-01 6.11e-01 6.06e-03 6.10e-01 6.09e-03 8.09e-12 4.31e-01 2.79e-01 8.69e-02 8.69e-02 6.31e-02
6.77e-01 6.05e-01 3.12e-02 6.00e-01 3.16e-02 2.12e-01 1.69e+01 1.94e+00 7.78e-01 4.74e-01 6.08e-02
6.61e-01 6.09e-01 1.05e-02 6.10e-01 1.06e-02 5.97e-05 1.05e+01 3.99e+00 2.35e+00 7.62e-01 1.00e-01
6.71e-01 6.13e-01 1.54e-02 6.10e-01 1.58e-02 4.76e-03 1.66e+01 3.99e+00 2.44e+00 1.39e+00 2.31e-01
6.60e-01 6.34e-01 5.25e-03 6.30e-01 6.41e-03 1.35e-04 8.44e-01 5.08e-01 3.19e-01 3.19e-01 3.19e-01
6.83e-01 6.01e-01 1.21e-02 6.00e-01 1.21e-02 3.49e-08 1.23e+01 3.04e+00 2.82e+00 1.18e+00 2.16e-01
6.78e-01 6.28e-01 7.06e-03 6.30e-01 7.24e-03 6.45e-07 4.29e+00 2.34e+00 1.23e+00 6.23e-01 7.05e-02
6.92e-01 6.96e-01 5.72e-03 7.00e-01 6.97e-03 9.47e-01 1.12e+00 1.22e+00 8.97e-01 8.97e-01 7.37e-02
6.62e-01 6.11e-01 1.16e-02 6.10e-01 1.16e-02 1.07e-03 1.22e+01 4.25e+00 2.63e+00 1.11e+00 2.14e-01
6.58e-01 6.24e-01 1.17e-02 6.20e-01 1.26e-02 8.34e-02 1.03e+01 3.21e+00 1.61e+00 1.48e+00 3.08e-01
6.72e-01 7.19e-01 3.70e-03 7.20e-01 3.97e-03 8.70e-20 8.70e-20 1.50e-01 1.50e-01 1.50e-01 2.71e-02
6.80e-01 7.03e-01 4.71e-03 7.00e-01 5.71e-03 2.32e-06 2.32e-06 2.41e-01 2.41e-01 1.16e-01 1.16e-01
6.77e-01 6.32e-01 4.57e-03 6.30e-01 4.99e-03 1.28e-15 4.27e-01 3.21e-01 3.21e-01 9.68e-02 9.68e-02
6.82e-01 6.60e-01 1.05e-02 6.60e-01 1.05e-02 2.44e-01 5.08e+00 1.91e+00 1.15e+00 3.36e-01 3.07e-01
6.66e-01 6.83e-01 4.98e-03 6.80e-01 5.76e-03 2.20e-02 2.20e-02 1.34e+00 1.34e+00 6.12e-01 6.12e-01
6.70e-01 6.89e-01 4.35e-03 6.90e-01 4.58e-03 1.20e-02 1.20e-02 1.04e+00 1.04e+00 1.04e+00 4.71e-02
6.94e-01 6.35e-01 1.06e-02 6.30e-01 1.19e-02 8.65e-05 8.44e+00 2.94e+00 1.15e+00 1.14e+00 1.48e-01
6.75e-01 6.55e-01 5.02e-03 6.50e-01 7.05e-03 2.02e-04 3.47e-01 1.76e-01 1.72e-01 1.72e-01 1.72e-01
6.73e-01 6.00e-01 7.59e-03 6.00e-01 7.59e-03 1.31e-22 7.75e+00 3.98e+00 1.78e+00 1.76e+00 1.20e-01
6.58e-01 6.09e-01 2.22e-02 6.00e-01 2.39e-02 4.65e-02 6.39e-01 3.03e-01 1.46e-01 7.30e-02 3.80e-02
6.79e-01 6.93e-01 4.65e-03 6.90e-01 5.61e-03 4.99e-06 4.99e-06 9.89e-02 9.89e-02 4.57e-02 4.57e-02
6.80e-01 6.46e-01 5.05e-03 6.50e-01 6.74e-03 5.31e-09 7.11e-01 3.90e-01 3.19e-01 3.19e-01 3.19e-01
6.94e-01 6.97e-01 4.82e-03 7.00e-01 5.94e-03 6.18e-01 7.86e-01 8.81e-01 4.78e-01 4.78e-01 4.78e-01
6.69e-01 7.32e-01 4.75e-03 7.30e-01 5.24e-03 1.65e-40 1.65e-40 1.82e-01 1.82e-01 6.13e-02 6.41e-03
6.83e-01 6.21e-01 2.46e-02 6.20e-01 2.46e-02 7.70e-02 1.08e+01 1.61e+00 8.24e-01 4.48e-01 8.06e-02
6.91e-01 6.42e-01 5.87e-03 6.40e-01 6.09e-03 1.84e-17 3.68e+00 2.38e+00 9.31e-01 9.31e-01 3.58e-01
6.74e-01 6.09e-01 1.80e-02 6.20e-01 2.13e-02 1.15e-04 2.81e+00 4.76e-01 3.64e-01 2.01e-01 2.66e-02
6.70e-01 6.48e-01 1.09e-02 6.50e-01 1.11e-02 3.34e-01 6.41e+00 2.34e+00 1.20e+00 5.88e-01 8.23e-02
6.80e-01 6.63e-01 9.69e-03 6.60e-01 1.02e-02 4.02e-01 3.91e+00 1.54e+00 6.98e-01 6.98e-01 8.53e-02
6.78e-01 5.81e-01 1.30e-02 5.80e-01 1.30e-02 1.52e-08 1.75e+01 4.17e+00 1.87e+00 1.63e+00 3.43e-01
6.89e-01 6.82e-01 4.14e-03 6.80e-01 4.64e-03 1.64e-01 6.68e-01 5.30e-01 5.30e-01 1.47e-01 1.47e-01
6.77e-01 5.72e-01 5.89e-03 5.70e-01 6.26e-03 1.30e-40 8.32e+00 5.28e+00 2.31e+00 2.31e+00 6.64e-01
6.60e-01 6.44e-01 2.15e-02 6.40e-01 2.19e-02 2.51e+00 1.48e+01 2.64e+00 1.59e+00 8.26e-01 1.32e-01
6.65e-01 5.70e-01 9.83e-04 5.70e-01 9.85e-04 2.43e-129 6.76e+00 6.69e+00 6.69e+00 6.69e+00 6.69e+00
6.78e-01 6.43e-01 7.21e-03 6.40e-01 7.65e-03 1.83e-04 5.01e+00 2.58e+00 1.67e+00 1.67e+00 1.43e-01
6.64e-01 6.20e-01 3.40e-03 6.20e-01 3.41e-03 7.18e-23 5.47e-01 4.84e-01 4.84e-01 4.84e-01 2.92e-02
6.83e-01 6.70e-01 1.58e-03 6.70e-01 1.60e-03 2.10e-06 1.60e-01 1.56e-01 1.56e-01 1.56e-01 1.56e-01
6.76e-01 2.07e-01 1.21e-02 2.00e-01 1.39e-02 7.70e-22 3.63e+01 1.03e+01 7.35e+00 4.22e+00 1.41e+00
6.60e-01 1.92e-01 9.31e-03 1.90e-01 9.45e-03 3.65e-76 2.78e+01 1.05e+01 7.42e+00 7.42e+00 1.95e+00
6.63e-01 5.74e-01 4.84e-03 5.70e-01 6.07e-03 1.32e-80 1.11e+01 7.02e+00 4.09e+00 4.09e+00 4.09e+00
6.67e-01 5.92e-01 1.39e-02 5.90e-01 1.40e-02 1.83e-06 1.80e+01 4.43e+00 2.26e+00 1.58e+00 4.53e-01
6.76e-01 5.60e-01 3.52e-02 5.60e-01 3.52e-02 9.65e-03 6.90e+01 7.49e+00 2.77e+00 1.63e+00 3.08e-01
6.92e-01 6.28e-01 1.14e-02 6.30e-01 1.15e-02 7.04e-08 1.09e+00 3.80e-01 2.20e-01 1.09e-01 2.10e-02
6.84e-01 6.02e-01 1.14e-02 6.00e-01 1.16e-02 2.75e-12 1.19e+01 3.29e+00 2.44e+00 1.19e+00 1.82e-01
6.85e-01 5.91e-01 3.02e-03 5.90e-01 3.19e-03 1.19e-238 2.77e+00 2.49e+00 2.49e+00 2.49e+00 2.87e-01
6.87e-01 6.22e-01 4.44e-03 6.20e-01 4.96e-03 2.38e-41 4.48e-01 3.38e-01 3.38e-01 1.05e-01 1.05e-01
6.75e-01 5.84e-01 1.00e-02 5.90e-01 1.15e-02 1.35e-20 1.30e+01 4.65e+00 1.82e+00 1.54e+00 3.74e-01
6.60e-01 6.69e-01 1.89e-02 6.70e-01 1.90e-02 2.21e+00 5.03e+00 1.99e+00 1.29e+00 6.31e-01 8.34e-02
6.77e-01 6.09e-01 8.22e-03 6.10e-01 8.34e-03 6.10e-13 6.54e+00 3.16e+00 1.79e+00 1.22e+00 2.70e-01
6.88e-01 6.84e-01 8.35e-03 6.80e-01 9.05e-03 1.65e+00 3.84e+00 1.93e+00 1.59e+00 5.74e-01 3.01e-01
6.91e-01 6.69e-01 6.54e-03 6.70e-01 6.56e-03 1.13e-02 3.26e+00 1.97e+00 7.14e-01 5.45e-01 5.45e-01
6.90e-01 1.19e+00 4.22e-03 1.19e+00 4.75e-03 0.00e+00 0.00e+00 9.75e-05 9.75e-05 2.74e-05 2.74e-05
6.88e-01 7.01e-01 3.17e-03 7.00e-01 3.36e-03 1.00e-05 1.00e-05 9.03e-02 9.03e-02 9.03e-02 1.18e-02
6.76e-01 6.13e-01 7.37e-03 6.10e-01 7.80e-03 1.16e-06 5.64e-01 2.86e-01 1.87e-01 7.17e-02 1.87e-02
6.78e-01 6.21e-01 8.30e-03 6.20e-01 8.34e-03 2.18e-09 7.21e+00 3.45e+00 1.92e+00 1.44e+00 1.73e-01
6.77e-01 5.18e-01 3.68e-03 5.20e-01 4.02e-03 7.23e-70 1.04e+01 8.75e+00 8.75e+00 8.75e+00 1.71e+00
6.62e-01 5.15e-01 5.41e-02 5.10e-01 5.44e-02 2.30e-02 1.07e+02 7.64e+00 2.95e+00 2.04e+00 2.17e-01
6.84e-01 6.31e-01 3.07e-03 6.30e-01 3.23e-03 9.65e-55 2.59e+00 2.32e+00 2.32e+00 2.32e+00 2.80e-01
6.80e-01 6.70e-01 2.41e-03 6.70e-01 2.42e-03 3.84e-02 9.30e-01 8.75e-01 8.75e-01 8.75e-01 3.96e-02
6.63e-01 6.57e-01 6.30e-03 6.60e-01 7.01e-03 1.57e+00 3.48e+00 2.08e+00 1.26e+00 1.26e+00 2.72e-01
6.86e-01 7.23e-01 4.98e-03 7.20e-01 5.93e-03 3.80e-12 3.80e-12 9.31e-02 4.82e-02 4.82e-02 4.82e-02
6.93e-01 6.78e-01 4.16e-03 6.80e-01 4.68e-03 2.00e-03 1.15e+00 8.96e-01 8.96e-01 2.52e-01 2.52e-01
6.78e-01 5.85e-01 4.99e-03 5.90e-01 6.89e-03 2.09e-274 6.02e-01 3.16e-01 2.86e-01 2.86e-01 2.86e-01
6.81e-01 6.61e-01 5.28e-03 6.60e-01 5.42e-03 8.33e-04 3.79e-01 2.70e-01 2.70e-01 7.74e-02 3.26e-02
6.67e-01 6.20e-01 1.94e-03 6.20e-01 1.98e-03 4.57e-51 5.12e-01 4.92e-01 4.92e-01 4.92e-01 2.22e-02
6.87e-01 6.09e-01 5.69e-03 6.10e-01 5.75e-03 6.83e-36 1.07e+00 7.29e-01 7.29e-01 2.09e-01 1.28e-01
6.79e-01 7.07e-01 4.59e-03 7.10e-01 5.49e-03 8.27e-14 8.27e-14 6.00e-01 6.00e-01 2.59e-01 2.59e-01
6.75e-01 5.97e-01 1.06e-02 6.00e-01 1.10e-02 2.46e-10 1.21e+01 4.51e+00 2.29e+00 1.20e+00 2.26e-01
6.81e-01 6.03e-01 9.39e-03 6.00e-01 9.88e-03 3.94e-12 1.10e+01 4.41e+00 1.73e+00 1.73e+00 2.66e-01
6.91e-01 7.15e-01 5.47e-03 7.20e-01 7.21e-03 3.76e-04 3.76e-04 1.98e-01 1.76e-01 1.76e-01 1.76e-01
6.78e-01 5.58e-01 6.28e-03 5.60e-01 6.52e-03 2.58e-63 7.26e+00 4.37e+00 2.06e+00 2.06e+00 7.90e-01
6.77e-01 6.42e-01 5.96e-03 6.40e-01 6.31e-03 1.93e-05 1.17e+00 7.41e-01 3.20e-01 3.20e-01 1.01e-01
6.60e-01 5.97e-01 8.01e-03 6.00e-01 8.46e-03 3.97e-12 9.01e+00 4.09e+00 3.10e+00 1.34e+00 4.32e-01
6.72e-01 7.40e-01 1.95e-03 7.40e-01 1.97e-03 1.04e-66 1.04e-66 1.30e-01 1.30e-01 1.30e-01 5.22e-03
6.80e-01 6.90e-01 9.11e-03 6.90e-01 9.11e-03 4.62e-01 5.46e-01 8.75e-01 4.70e-01 4.70e-01 7.91e-02
6.79e-01 6.20e-01 3.73e-03 6.20e-01 3.75e-03 4.89e-33 4.90e-01 4.21e-01 4.21e-01 4.21e-01 2.75e-02
6.76e-01 6.35e-01 8.14e-03 6.40e-01 9.31e-03 3.75e-04 4.93e+00 2.09e+00 1.93e+00 4.83e-01 3.99e-01
6.57e-01 5.54e-01 4.99e-03 5.50e-01 6.49e-03 1.48e-69 8.40e+00 4.89e+00 3.49e+00 3.49e+00 3.49e+00
6.80e-01 6.02e-01 8.16e-03 6.00e-01 8.53e-03 1.23e-14 8.89e+00 4.12e+00 2.92e+00 1.33e+00 4.14e-01
6.92e-01 6.27e-01 6.63e-03 6.30e-01 7.29e-03 1.59e-16 3.05e+00 1.66e+00 1.05e+00 1.05e+00 7.50e-02
6.64e-01 6.30e-01 8.34e-03 6.30e-01 8.35e-03 2.63e-03 4.98e+00 2.39e+00 1.10e+00 1.10e+00 1.32e-01
6.64e-01 6.08e-01 6.08e-03 6.10e-01 6.42e-03 7.75e-15 4.32e+00 2.68e+00 1.20e+00 1.20e+00 4.04e-01
6.68e-01 6.34e-01 2.06e-02 6.30e-01 2.09e-02 3.69e-18 2.47e-01 2.37e-01 2.37e-01 2.37e-01 8.32e-03
6.81e-01 7.16e-01 1.59e-02 7.20e-01 1.64e-02 1.32e-01 1.72e-01 1.24e+00 8.15e-01 3.61e-01 1.12e-01
6.70e-01 5.79e-01 8.13e-03 5.80e-01 8.25e-03 6.26e-17 7.36e+00 3.52e+00 2.10e+00 1.38e+00 1.24e-01
6.79e-01 5.97e-01 6.13e-03 6.00e-01 6.95e-03 1.63e-45 8.84e-01 5.03e-01 3.13e-01 3.13e-01 5.56e-02
6.81e-01 6.62e-01 4.78e-03 6.60e-01 5.17e-03 5.41e-04 4.58e-01 3.37e-01 3.37e-01 1.05e-01 1.70e-02
6.85e-01 5.92e-01 2.87e-02 5.90e-01 2.87e-02 6.47e-02 4.92e+01 5.66e+00 2.55e+00 1.52e+00 1.77e-01
6.89e-01 7.32e-01 4.03e-03 7.30e-01 4.48e-03 1.22e-29 1.22e-29 6.02e-01 6.02e-01 6.02e-01 1.51e-01
6.89e-01 6.82e-01 1.49e-02 6.80e-01 1.50e-02 1.65e+00 5.58e+00 1.62e+00 8.93e-01 6.86e-01 7.52e-02
6.73e-01 5.81e-01 3.40e-03 5.80e-01 3.64e-03 9.51e-97 7.17e+00 6.22e+00 6.22e+00 6.22e+00 9.69e-01
6.75e-01 6.51e-01 2.72e-03 6.50e-01 2.83e-03 2.82e-10 1.25e+00 1.15e+00 1.15e+00 1.15e+00 1.04e-01
6.79e-01 6.60e-01 7.07e-04 6.60e-01 7.07e-04 2.22e-04 1.53e+00 1.53e+00 1.53e+00 1.53e+00 1.53e+00
6.84e-01 6.61e-01 9.25e-03 6.60e-01 9.34e-03 1.48e-02 4.60e-01 2.09e-01 8.50e-02 8.50e-02 1.47e-02
6.81e-01 6.13e-01 5.04e-02 6.10e-01 5.05e-02 2.80e-01 1.20e+01 1.07e+00 4.53e-01 2.79e-01 1.86e-02
6.81e-01 5.73e-01 1.23e-02 5.70e-01 1.27e-02 1.64e-22 2.02e+01 5.46e+00 2.73e+00 2.73e+00 5.64e-01
6.79e-01 2.38e-01 7.78e-02 2.20e-01 7.98e-02 3.49e-11 2.08e+01 9.39e+00 6.27e+00 3.30e+00 1.42e-01
6.71e-01 6.01e-01 2.99e-02 6.10e-01 3.11e-02 7.39e-04 3.61e+00 6.86e-01 3.57e-01 1.12e-01 1.60e-02
6.89e-01 6.52e-01 1.22e-02 6.50e-01 1.24e-02 5.55e-03 1.17e+00 3.25e-01 2.45e-01 1.27e-01 1.45e-02
6.62e-01 5.81e-01 2.78e-02 5.80e-01 2.78e-02 1.22e-02 1.36e+01 1.66e+00 7.41e-01 5.70e-01 7.60e-02
6.83e-01 6.73e-01 2.11e-02 6.70e-01 2.13e-02 2.04e+00 9.25e+00 1.89e+00 1.14e+00 5.47e-01 8.75e-02
6.80e-01 5.57e-01 1.21e-02 5.60e-01 1.24e-02 9.89e-27 2.07e+01 6.49e+00 3.38e+00 2.23e+00 2.37e-01
6.94e-01 6.02e-01 2.43e-02 6.00e-01 2.44e-02 2.68e-02 1.56e+01 2.45e+00 1.18e+00 6.36e-01 1.06e-01
6.88e-01 6.10e-01 2.52e-02 6.20e-01 2.72e-02 8.58e-03 6.11e+00 8.12e-01 4.63e-01 2.29e-01 2.99e-02
7.33e-01 6.11e-01 2.68e-03 6.10e-01 2.80e-03 0.00e+00 2.39e+00 2.20e+00 2.20e+00 2.20e+00 1.88e-01
7.02e-01 7.09e-01 4.43e-03 7.10e-01 4.48e-03 7.72e-02 8.56e-02 2.11e-01 2.11e-01 2.11e-01 1.80e-02
7.33e-01 7.12e-01 7.37e-03 7.10e-01 7.66e-03 1.17e-02 6.55e-01 3.38e-01 2.05e-01 9.16e-02 1.70e-02
7.23e-01 6.44e-01 2.78e-02 6.40e-01 2.82e-02 1.68e-01 2.90e+01 3.43e+00 1.65e+00 1.11e+00 1.52e-01
7.23e-01 8.60e-01 1.15e-04 8.60e-01 1.15e-04 1.49e-134 1.49e-134 1.59e-02 1.59e-02 1.59e-02 1.59e-02
7.32e-01 7.59e-01 5.64e-03 7.60e-01 5.73e-03 3.33e-05 3.38e-05 5.90e-02 5.90e-02 1.84e-02 9.79e-03
7.05e-01 7.30e-01 3.28e-03 7.30e-01 3.28e-03 2.29e-06 2.29e-06 4.96e-01 4.96e-01 4.96e-01 2.99e-02
7.38e-01 6.72e-01 1.19e-02 6.70e-01 1.21e-02 1.29e-05 7.16e-01 2.41e-01 1.47e-01 7.63e-02 1.82e-02
7.07e-01 6.59e-01 9.07e-03 6.60e-01 9.11e-03 4.45e-05 3.16e+00 1.35e+00 6.56e-01 6.56e-01 1.15e-01
7.35e-01 6.83e-01 8.85e-03 6.80e-01 9.21e-03 1.95e-06 3.22e-01 1.51e-01 9.00e-02 5.37e-02 3.03e-03
7.23e-01 7.71e-01 4.22e-03 7.70e-01 4.31e-03 6.77e-19 6.77e-19 1.22e-01 1.22e-01 1.22e-01 7.33e-03
6.97e-01 6.37e-01 4.69e-03 6.40e-01 5.60e-03 7.48e-20 3.15e-01 2.17e-01 2.17e-01 9.81e-02 9.81e-02
7.32e-01 7.60e-01 1.38e-03 7.60e-01 1.39e-03 1.71e-11 1.71e-11 1.29e-01 1.29e-01 1.29e-01 1.29e-01
7.02e-01 6.56e-01 1.54e-02 6.50e-01 1.66e-02 5.12e-02 1.04e+01 2.54e+00 1.61e+00 8.20e-01 1.56e-01
7.00e-01 7.04e-01 4.96e-03 7.00e-01 6.21e-03 8.94e-01 9.02e-01 9.10e-01 5.63e-01 5.63e-01 5.63e-01
7.12e-01 5.89e-01 3.46e-02 6.00e-01 3.62e-02 1.47e-03 2.35e+01 2.20e+00 9.58e-01 5.05e-01 9.07e-02
7.21e-01 6.90e-01 8.47e-04 6.90e-01 8.50e-04 4.35e-29 9.14e-01 9.08e-01 9.08e-01 9.08e-01 9.08e-01
7.11e-01 6.73e-01 1.00e-02 6.70e-01 1.05e-02 1.27e-03 3.28e+00 1.24e+00 5.73e-01 3.24e-01 9.96e-02
7.32e-01 6.90e-01 3.50e-02 6.80e-01 3.64e-02 6.38e-02 2.68e+00 4.05e-01 1.73e-01 7.23e-02 1.03e-02
7.14e-01 6.01e-01 2.93e-03 6.00e-01 3.08e-03 0.00e+00 1.82e+00 1.65e+00 1.65e+00 1.65e+00 1.74e-01
7.00e-01 6.49e-01 1.45e-02 6.50e-01 1.46e-02 1.06e-03 2.02e+00 4.63e-01 2.43e-01 1.91e-01 1.91e-02
7.30e-01 7.22e-01 1.29e-02 7.20e-01 1.31e-02 8.83e-01 2.89e+00 9.02e-01 4.02e-01 4.02e-01 5.22e-02
7.25e-01 1.53e-01 1.11e-01 1.00e-01 1.23e-01 6.04e-02 6.18e+01 4.12e+00 1.81e+00 1.04e+00 1.06e-01
6.93e-01 7.05e-01 5.14e-03 7.10e-01 7.15e-03 7.84e-02 7.88e-02 2.50e-01 2.50e-01 2.50e-01 2.50e-01
7.16e-01 6.53e-01 6.65e-03 6.50e-01 7.17e-03 5.52e-13 3.83e-01 1.99e-01 1.39e-01 1.39e-01 4.19e-02
7.22e-01 6.62e-01 4.62e-03 6.60e-01 5.19e-03 3.86e-39 1.31e+00 9.56e-01 9.56e-01 3.31e-01 3.31e-01
7.39e-01 1.01e-01 2.18e-02 9.00e-02 2.42e-02 2.28e-25 3.02e+01 5.05e+00 3.82e+00 1.30e+00 2.99e-01
7.29e-01 6.20e-01 3.39e-02 6.20e-01 3.39e-02 8.00e-02 4.48e+01 4.75e+00 1.79e+00 1.03e+00 1.40e-01
7.33e-01 6.78e-01 9.78e-03 6.80e-01 1.01e-02 2.26e-08 2.07e+00 8.21e-01 3.88e-01 3.88e-01 5.78e-02
7.14e-01 6.47e-01 4.95e-03 6.50e-01 5.66e-03 1.68e-37 2.89e-01 1.99e-01 1.99e-01 8.48e-02 8.48e-02
7.27e-01 6.92e-01 1.89e-02 6.90e-01 1.90e-02 3.21e-01 8.32e+00 1.36e+00 6.31e-01 4.61e-01 6.82e-02
7.17e-01 5.78e-01 1.75e-02 5.80e-01 1.76e-02 6.77e-13 3.38e+01 6.63e+00 4.00e+00 2.30e+00 2.96e-01
7.27e-01 9.31e-02 9.37e-03 9.00e-02 9.88e-03 3.70e-170 7.12e+00 4.96e+00 4.96e+00 6.23e-01 3.74e-01
7.18e-01 6.64e-01 1.18e-02 6.60e-01 1.25e-02 4.42e-04 6.33e+00 1.82e+00 1.12e+00 8.44e-01 2.16e-01
7.34e-01 6.63e-01 1.70e-02 6.60e-01 1.73e-02 4.10e-04 1.09e+01 2.18e+00 1.22e+00 7.68e-01 8.40e-02
6.98e-01 6.52e-01 9.11e-03 6.50e-01 9.28e-03 2.52e-06 5.39e-01 2.09e-01 1.12e-01 1.12e-01 1.37e-02
7.15e-01 6.96e-01 7.29e-03 7.00e-01 8.15e-03 2.60e-02 5.25e-01 2.56e-01 1.95e-01 1.95e-01 2.45e-02
7.25e-01 7.63e-01 6.33e-03 7.60e-01 7.02e-03 9.84e-08 9.84e-08 1.29e-01 8.14e-02 8.14e-02 1.81e-02
7.21e-01 6.56e-01 7.95e-03 6.60e-01 8.76e-03 2.77e-16 4.99e+00 2.31e+00 1.77e+00 5.68e-01 3.25e-01
7.24e-01 6.45e-01 2.07e-02 6.40e-01 2.12e-02 1.17e-02 1.77e+01 3.02e+00 1.44e+00 8.16e-01 1.60e-01
7.40e-01 7.54e-01 4.80e-03 7.50e-01 6.01e-03 1.36e-03 1.36e-03 1.32e-01 7.52e-02 7.52e-02 7.52e-02
7.35e-01 8.55e-01 5.13e-03 8.60e-01 7.08e-03 3.80e-57 3.80e-57 3.00e-02 2.82e-02 2.82e-02 2.82e-02
7.32e-01 6.38e-01 2.25e-02 6.40e-01 2.26e-02 4.70e-06 3.61e+00 7.84e-01 2.61e-01 1.90e-01 3.56e-02
7.01e-01 7.17e-01 7.54e-03 7.20e-01 8.01e-03 5.87e-02 6.37e-02 4.08e-01 2.58e-01 1.07e-01 3.48e-02
7.07e-01 7.08e-01 3.79e-03 7.10e-01 4.16e-03 1.72e-01 2.04e-01 2.37e-01 2.37e-01 2.37e-01 5.00e-02
6.95e-01 6.27e-01 8.16e-03 6.30e-01 8.80e-03 3.21e-16 6.44e+00 2.97e+00 2.19e+00 8.34e-01 4.02e-01
6.93e-01 7.01e-01 4.12e-03 7.00e-01 4.23e-03 3.26e-01 3.41e-01 9.30e-01 9.30e-01 9.30e-01 5.14e-02
7.06e-01 6.33e-01 2.07e-02 6.30e-01 2.10e-02 4.11e-03 6.73e+00 1.05e+00 5.65e-01 3.57e-01 5.84e-02
7.29e-01 7.30e-01 8.03e-03 7.30e-01 8.03e-03 1.08e+00 1.59e+00 1.14e+00 5.11e-01 5.11e-01 5.17e-02
7.27e-01 6.51e-01 1.96e-02 6.50e-01 1.96e-02 1.12e-02 1.38e+01 2.76e+00 1.50e+00 7.96e-01 7.37e-02
6.95e-01 5.80e-01 7.29e-04 5.80e-01 7.30e-04 3.40e-253 3.88e+00 3.86e+00 3.86e+00 3.86e+00 3.86e+00
7.04e-01 6.50e-01 1.09e-03 6.50e-01 1.10e-03 3.82e-34 1.90e-01 1.88e-01 1.88e-01 1.88e-01 1.88e-01
7.37e-01 7.22e-01 1.44e-02 7.20e-01 1.45e-02 7.09e-01 3.99e+00 1.06e+00 5.41e-01 3.89e-01 3.64e-02
7.12e-01 7.16e-01 4.90e-03 7.20e-01 6.23e-03 5.03e-01 5.77e-01 7.31e-01 4.59e-01 4.59e-01 4.59e-01
7.17e-01 6.41e-01 2.91e-02 6.50e-01 3.05e-02 9.98e-03 1.51e+01 2.71e+00 1.45e+00 6.89e-01 1.03e-01
7.02e-01 6.22e-01 1.99e-02 6.20e-01 2.00e-02 9.56e-03 2.31e+01 4.06e+00 2.57e+00 1.25e+00 1.44e-01
7.36e-01 7.22e-01 6.72e-03 7.20e-01 7.05e-03 4.92e-02 3.79e-01 2.12e-01 1.18e-01 1.18e-01 4.47e-02
7.21e-01 6.30e-01 1.46e-02 6.30e-01 1.46e-02 2.78e-05 1.32e+01 3.16e+00 1.50e+00 1.24e+00 1.48e-01
7.31e-01 6.15e-01 2.22e-02 6.10e-01 2.27e-02 7.32e-04 1.01e+01 1.50e+00 9.46e-01 5.04e-01 8.11e-02
7.27e-01 6.10e-01 9.70e-04 6.10e-01 9.70e-04 0.00e+00 2.24e+00 2.22e+00 2.22e+00 2.22e+00 2.22e+00
7.27e-01 6.71e-01 9.22e-03 6.70e-01 9.32e-03 7.37e-07 3.57e-01 1.70e-01 9.82e-02 6.49e-02 4.27e-03
7.25e-01 5.96e-01 5.86e-02 6.10e-01 6.03e-02 2.38e-01 5.37e+01 3.26e+00 1.44e+00 7.07e-01 8.57e-02
7.33e-01 7.52e-01 4.26e-03 7.50e-01 4.80e-03 3.23e-04 3.23e-04 1.53e-01 1.53e-01 4.55e-02 4.55e-02
7.16e-01 7.20e-01 3.97e-03 7.20e-01 3.97e-03 1.38e-01 1.51e-01 2.17e-01 2.17e-01 2.17e-01 2.08e-02
7.34e-01 7.27e-01 4.61e-03 7.30e-01 5.51e-03 5.26e-02 1.19e-01 8.34e-02 8.34e-02 3.60e-02 3.60e-02
6.93e-01 5.91e-01 9.65e-03 5.90e-01 9.70e-03 1.47e-26 9.98e+00 4.04e+00 2.15e+00 2.15e+00 4.06e-01
7.38e-01 7.66e-01 5.35e-02 7.50e-01 5.58e-02 1.05e+00 4.48e+00 8.50e-01 3.12e-01 2.10e-01 2.83e-02
7.09e-01 7.03e-01 3.03e-02 7.00e-01 3.04e-02 1.83e+00 8.96e+00 1.60e+00 6.81e-01 4.20e-01 5.59e-02
6.94e-01 6.95e-01 7.02e-03 7.00e-01 8.37e-03 2.49e-01 3.83e-01 2.64e-01 2.36e-01 2.36e-01 2.92e-02
6.99e-01 7.02e-01 6.26e-03 7.00e-01 6.44e-03 1.02e-01 1.22e-01 1.15e-01 5.09e-02 5.09e-02 2.43e-02
6.95e-01 7.30e-01 8.85e-04 7.30e-01 8.85e-04 3.30e-22 3.30e-22 2.51e-01 2.51e-01 2.51e-01 2.51e-01
7.32e-01 6.77e-01 1.56e-02 6.80e-01 1.59e-02 2.64e-03 7.56e+00 1.72e+00 6.71e-01 4.84e-01 1.12e-01
7.31e-01 6.03e-01 1.24e-02 6.00e-01 1.28e-02 1.21e-13 1.61e+01 4.68e+00 2.76e+00 2.10e+00 1.77e-01
7.30e-01 7.44e-01 4.98e-03 7.40e-01 6.71e-03 5.49e-03 5.49e-03 1.35e-01 1.10e-01 1.10e-01 1.10e-01
7.35e-01 7.55e-01 5.39e-03 7.50e-01 7.06e-03 6.35e-04 6.35e-04 6.64e-02 5.50e-02 5.50e-02 5.50e-02
7.04e-01 7.22e-01 5.16e-03 7.20e-01 5.39e-03 6.72e-03 6.74e-03 1.84e-01 1.84e-01 5.63e-02 1.75e-02
6.97e-01 6.33e-01 4.70e-03 6.30e-01 5.58e-03 2.65e-36 5.38e-01 3.71e-01 3.71e-01 1.66e-01 1.66e-01
7.37e-01 8.50e-01 9.23e-04 8.50e-01 9.27e-04 6.33e-49 6.33e-49 1.83e-02 1.83e-02 1.83e-02 1.83e-02
7.25e-01 7.60e-01 3.99e-03 7.60e-01 4.01e-03 3.29e-12 3.29e-12 9.96e-02 9.96e-02 9.96e-02 7.01e-03
7.07e-01 7.11e-01 6.07e-03 7.10e-01 6.18e-03 7.47e-02 8.78e-02 1.04e-01 3.86e-02 3.86e-02 1.98e-02
7.23e-01 7.18e-01 1.59e-02 7.20e-01 1.61e-02 1.25e+00 3.77e+00 1.11e+00 5.17e-01 5.17e-01 3.32e-02
7.20e-01 6.62e-01 4.60e-03 6.60e-01 4.92e-03 6.91e-13 2.38e-01 1.81e-01 1.81e-01 4.92e-02 8.20e-03
7.33e-01 6.61e-01 1.01e-02 6.60e-01 1.01e-02 9.83e-09 6.06e-01 2.47e-01 1.33e-01 1.33e-01 3.10e-02
7.40e-01 7.27e-01 4.97e-03 7.30e-01 5.96e-03 2.49e-03 2.74e-01 1.80e-01 9.14e-02 9.14e-02 9.14e-02
7.32e-01 6.79e-01 8.37e-03 6.80e-01 8.41e-03 2.54e-09 3.93e+00 1.87e+00 8.27e-01 8.27e-01 7.52e-02
7.28e-01 6.68e-01 6.09e-03 6.70e-01 6.35e-03 1.40e-15 2.66e-01 1.65e-01 7.22e-02 7.22e-02 2.74e-02
7.04e-01 6.99e-01 5.53e-03 7.00e-01 5.56e-03 8.31e-01 1.65e+00 1.24e+00 1.24e+00 3.13e-01 2.19e-01
