2.31e-01 3.94e-01 1.36e-02 3.90e-01 1.41e-02 1.44e-06 4.08e-02 7.14e+00 5.74e+00 5.74e+00 5.74e-01
2.28e-01 2.53e-01 3.21e-02 2.50e-01 3.23e-02 1.21e+01 2.23e+01 1.71e+01 7.38e+00 3.64e+00 5.91e-01
2.33e-01 2.34e-01 3.32e-02 2.50e-01 3.67e-02 9.38e-02 5.21e+00 1.17e+01 1.17e+01 2.83e+00 3.54e-01
2.22e-01 2.01e-01 2.42e-02 2.00e-01 2.42e-02 7.84e+00 6.70e+01 1.42e+01 8.07e+00 4.08e+00 5.83e-01
2.34e-01 2.74e-01 1.33e-02 2.70e-01 1.39e-02 3.00e-01 3.13e-01 2.83e+01 1.51e+01 6.48e+00 1.30e+00
2.20e-01 2.64e-01 9.53e-02 2.40e-01 9.83e-02 1.19e+00 1.72e+01 9.04e+00 1.99e+00 1.21e+00 1.46e-01
2.28e-01 2.47e-01 2.11e-02 2.50e-01 2.13e-02 1.75e-06 8.86e-01 1.29e+01 1.29e+01 3.17e+00 2.59e-01
2.17e-01 1.98e-01 3.03e-02 1.90e-01 3.13e-02 6.73e+00 6.65e+01 1.63e+01 5.42e+00 5.26e+00 4.17e-01
2.42e-01 1.81e-01 5.14e-02 1.50e-01 6.00e-02 1.80e+00 4.34e+01 1.04e+01 5.11e+00 5.04e+00 3.11e-01
2.14e-01 3.08e-01 1.16e-01 4.10e-01 1.54e-01 1.23e+00 1.69e+01 4.17e+00 1.41e+00 9.76e-01 1.90e-01
2.17e-01 1.86e-01 5.06e-02 2.40e-01 7.42e-02 2.92e-01 2.93e+01 1.02e+01 4.12e+00 2.01e+00 2.06e-01
2.42e-01 2.72e-01 1.67e-02 2.70e-01 1.69e-02 5.44e+00 7.28e+00 2.32e+01 1.11e+01 6.59e+00 9.23e-01
2.39e-01 2.64e-01 3.67e-02 2.60e-01 3.69e-02 3.34e-02 4.23e+00 1.09e+01 6.25e+00 1.70e+00 1.65e-01
2.17e-01 3.81e-01 5.13e-03 3.80e-01 5.21e-03 4.71e-22 3.23e-10 6.66e+00 6.66e+00 1.64e+00 8.03e-01
2.36e-01 7.84e-02 7.34e-02 5.00e-02 7.88e-02 2.25e-01 6.62e+00 1.69e+00 8.17e-01 2.84e-01 5.16e-02
2.19e-01 2.42e-01 1.00e-02 2.40e-01 1.03e-02 2.31e+00 2.48e+00 2.87e+01 1.34e+01 1.34e+01 2.60e+00
2.20e-01 2.62e-01 2.88e-02 2.60e-01 2.89e-02 1.73e-02 1.81e+00 1.06e+01 3.36e+00 3.36e+00 1.60e-01
2.30e-01 4.76e-01 7.70e-02 5.00e-01 8.08e-02 2.26e-01 3.07e+00 8.14e+00 3.90e+00 2.33e+00 1.90e-01
2.45e-01 1.95e-01 2.41e-02 2.00e-01 2.46e-02 4.95e-06 5.76e+01 3.02e+01 1.56e+01 9.10e+00 1.21e+00
2.53e-01 2.79e-01 1.37e-02 2.80e-01 1.37e-02 4.64e+00 5.36e+00 2.80e+01 2.41e+01 1.05e+01 1.63e+00
2.60e-01 3.01e-01 3.18e-03 3.00e-01 3.38e-03 1.11e-45 1.11e-45 1.47e+01 1.47e+01 1.47e+01 1.93e+00
2.67e-01 3.40e-01 1.55e-03 3.40e-01 1.55e-03 7.84e-95 3.95e-08 2.23e+01 2.23e+01 2.23e+01 2.23e+01
2.60e-01 3.10e-01 2.55e-05 3.10e-01 2.55e-05 1.36e-112 1.36e-112 2.12e+01 2.12e+01 2.12e+01 2.12e+01
2.51e-01 3.94e-01 5.53e-03 3.90e-01 6.94e-03 1.87e-25 1.46e-03 1.81e+01 1.38e+01 1.38e+01 1.38e+01
2.61e-01 2.91e-01 3.49e-03 2.90e-01 3.75e-03 1.51e-09 1.51e-09 1.28e+01 1.28e+01 1.28e+01 2.11e+00
2.58e-01 3.90e-01 4.21e-04 3.90e-01 4.21e-04 6.11e-45 1.44e-12 8.69e-01 8.69e-01 8.69e-01 8.69e-01
2.62e-01 3.86e-01 1.99e-02 3.90e-01 2.04e-02 2.41e-04 9.96e-01 3.30e+01 1.59e+01 1.59e+01 1.16e+00
2.61e-01 2.50e-01 7.73e-04 2.50e-01 7.75e-04 4.71e-05 2.35e+01 2.34e+01 2.34e+01 2.34e+01 2.34e+01
2.65e-01 3.40e-01 4.03e-03 3.40e-01 4.03e-03 1.28e-45 1.00e-28 2.30e+01 2.30e+01 2.30e+01 1.96e+00
2.63e-01 2.60e-01 4.02e-06 2.60e-01 4.02e-06 2.43e+01 3.64e+01 3.64e+01 3.64e+01 3.64e+01 3.64e+01
2.61e-01 2.20e-01 9.63e-04 2.20e-01 9.68e-04 2.57e-65 2.14e+01 2.12e+01 2.12e+01 2.12e+01 2.12e+01
2.70e-01 4.11e-01 4.61e-03 4.10e-01 4.73e-03 2.15e-32 1.95e-09 1.15e+00 1.15e+00 1.15e+00 8.10e-02
2.50e-01 2.39e-01 3.46e-03 2.40e-01 3.72e-03 5.88e-01 2.35e+01 2.02e+01 2.02e+01 2.02e+01 3.25e+00
2.49e-01 3.40e-01 2.01e-03 3.40e-01 2.05e-03 2.25e-293 1.19e-44 1.58e+01 1.58e+01 1.58e+01 7.16e-01
2.70e-01 2.20e-01 5.91e-05 2.20e-01 5.91e-05 3.83e-87 2.63e+01 2.63e+01 2.63e+01 2.63e+01 2.63e+01
2.60e-01 2.16e-01 2.73e-02 2.10e-01 2.81e-02 2.71e-01 7.70e+01 1.80e+01 1.14e+01 4.84e+00 3.87e-01
2.53e-01 2.23e-01 4.58e-03 2.20e-01 5.48e-03 3.41e-46 4.72e+01 3.31e+01 3.31e+01 1.43e+01 1.43e+01
2.46e-01 3.77e-01 4.43e-03 3.80e-01 5.13e-03 8.95e-29 3.24e-16 2.65e+00 2.65e+00 9.33e-01 9.33e-01
2.49e-01 2.90e-01 1.02e-02 2.90e-01 1.02e-02 5.94e-03 5.95e-03 4.16e+01 2.49e+01 2.49e+01 6.06e+00
2.71e-01 2.87e-01 4.36e-03 2.90e-01 5.06e-03 1.43e+00 1.43e+00 3.01e+01 3.01e+01 1.04e+01 1.04e+01
2.62e-01 2.40e-01 1.58e-03 2.40e-01 1.60e-03 3.18e-14 3.09e+01 3.02e+01 3.02e+01 3.02e+01 3.02e+01
2.67e-01 4.33e-01 1.73e-02 4.30e-01 1.76e-02 2.03e-13 2.22e-01 1.80e+01 1.46e+01 1.46e+01 7.24e-01
2.63e-01 2.30e-01 8.80e-04 2.30e-01 8.84e-04 2.30e-65 2.80e+01 2.78e+01 2.78e+01 2.78e+01 2.78e+01
2.64e-01 2.94e-01 5.36e-03 2.90e-01 6.71e-03 1.45e-04 1.45e-04 2.98e+01 2.14e+01 2.14e+01 2.14e+01
2.67e-01 3.19e-01 7.28e-02 2.60e-01 9.40e-02 5.18e+00 1.56e+01 1.39e+01 8.07e+00 8.07e+00 1.04e+00
2.58e-01 2.50e-01 4.15e-03 2.50e-01 4.15e-03 3.23e+00 1.66e+01 1.64e+01 1.64e+01 1.64e+01 1.64e+01
2.52e-01 3.89e-01 7.81e-03 3.90e-01 7.94e-03 1.16e-33 3.10e-02 1.92e+01 1.92e+01 4.15e+00 1.16e+00
2.69e-01 2.63e-01 4.68e-03 2.60e-01 5.70e-03 8.11e+00 2.20e+01 1.53e+01 1.53e+01 7.38e+00 7.38e+00
2.51e-01 2.70e-01 1.26e-03 2.70e-01 1.27e-03 1.41e-12 1.41e-12 3.75e+01 3.75e+01 3.75e+01 3.75e+01
2.51e-01 2.39e-01 2.51e-03 2.40e-01 2.59e-03 5.63e-06 2.26e+01 2.11e+01 2.11e+01 2.11e+01 1.49e+00
2.53e-01 2.40e-01 6.87e-04 2.40e-01 6.89e-04 1.25e-01 3.71e+01 3.69e+01 3.69e+01 3.69e+01 3.69e+01
2.57e-01 1.78e-01 7.88e-02 1.50e-01 8.35e-02 5.07e-02 3.80e+01 2.03e+01 9.58e+00 7.03e+00 6.11e-01
2.68e-01 3.68e-01 8.01e-02 4.00e-01 8.65e-02 1.46e-01 3.45e+00 6.71e+00 2.33e+00 1.65e+00 1.01e-01
2.46e-01 1.81e-01 1.00e-02 1.80e-01 1.01e-02 3.81e-03 5.26e+01 2.11e+01 1.15e+01 1.15e+01 2.13e+00
2.67e-01 3.77e-01 5.13e-03 3.80e-01 5.90e-03 2.73e-25 7.95e-17 2.16e+01 1.01e+01 1.01e+01 8.70e-01
2.47e-01 3.68e-01 4.55e-03 3.70e-01 4.82e-03 6.91e-46 2.77e-03 1.99e+01 1.99e+01 1.99e+01 4.39e+00
2.71e-01 3.10e-01 8.61e-06 3.10e-01 8.61e-06 8.65e-64 8.65e-64 2.09e+01 2.09e+01 2.09e+01 2.09e+01
2.60e-01 3.91e-01 7.44e-03 3.90e-01 7.54e-03 4.43e-04 9.69e-03 6.99e+00 2.42e+00 2.42e+00 1.12e+00
2.64e-01 2.70e-01 1.55e-03 2.70e-01 1.56e-03 2.25e+00 2.29e+00 6.03e+00 6.03e+00 6.03e+00 6.03e+00
2.46e-01 1.78e-01 2.22e-02 1.70e-01 2.36e-02 4.05e-01 5.40e+01 1.46e+01 7.93e+00 3.08e+00 5.39e-01
2.69e-01 3.90e-01 6.45e-04 3.90e-01 6.45e-04 7.53e-59 3.10e-13 8.70e-01 8.70e-01 8.70e-01 8.70e-01
2.71e-01 2.07e-01 4.79e-03 2.10e-01 5.82e-03 2.24e-35 6.39e+01 4.23e+01 2.13e+01 2.13e+01 2.13e+01
2.44e-01 3.43e-01 4.71e-03 3.40e-01 5.56e-03 6.37e-90 4.25e-09 1.80e+01 1.80e+01 7.88e+00 7.88e+00
2.62e-01 2.17e-01 7.51e-03 2.20e-01 8.19e-03 1.51e-06 7.17e+01 3.45e+01 2.57e+01 2.57e+01 3.30e+00
2.69e-01 2.80e-01 1.46e-04 2.80e-01 1.46e-04 6.33e-03 6.33e-03 3.27e+01 3.27e+01 3.27e+01 3.27e+01
2.55e-01 2.64e-01 6.24e-03 2.60e-01 7.33e-03 6.14e+00 6.22e+00 1.27e+01 5.85e+00 5.85e+00 8.27e-01
2.70e-01 2.58e-01 1.77e-02 2.60e-01 1.78e-02 5.37e+00 2.54e+01 6.45e+00 3.12e+00 1.99e+00 4.80e-01
2.61e-01 2.16e-01 3.96e-02 2.10e-01 4.00e-02 5.62e-02 7.27e+01 1.67e+01 8.31e+00 7.10e+00 5.07e-01
2.53e-01 2.38e-01 4.24e-02 2.60e-01 4.77e-02 4.18e+00 1.31e+01 1.19e+01 2.08e+00 1.61e+00 4.76e-01
2.52e-01 3.31e-01 5.92e-02 3.10e-01 6.27e-02 1.49e-01 1.58e+00 2.43e+01 9.28e+00 6.77e+00 5.89e-01
2.59e-01 2.50e-01 6.09e-06 2.50e-01 6.09e-06 3.51e+00 3.59e+01 3.59e+01 3.59e+01 3.59e+01 3.59e+01
2.55e-01 2.84e-01 4.97e-03 2.80e-01 6.70e-03 1.26e-56 1.26e-56 1.63e+01 1.33e+01 1.33e+01 1.33e+01
2.54e-01 2.02e-01 2.87e-02 2.00e-01 2.88e-02 1.28e+00 7.03e+01 1.57e+01 8.30e+00 6.45e+00 3.69e-01
2.62e-01 3.86e-01 4.91e-03 3.90e-01 6.38e-03 3.19e-154 4.02e-07 1.69e+01 1.17e+01 1.17e+01 1.17e+01
2.49e-01 1.80e-01 6.40e-03 1.80e-01 6.40e-03 9.60e-04 4.56e+01 2.83e+01 8.81e+00 8.10e+00 8.10e+00
2.71e-01 2.23e-01 1.21e-01 1.20e-01 1.59e-01 7.72e-02 7.88e+00 1.46e+00 6.85e-01 2.48e-01 6.85e-02
2.45e-01 2.23e-01 2.56e-02 2.30e-01 2.65e-02 3.49e+00 7.56e+01 4.02e+01 2.49e+01 2.49e+01 1.42e+00
2.54e-01 3.81e-01 3.21e-03 3.80e-01 3.37e-03 1.50e-14 3.63e-10 9.53e+00 9.53e+00 9.53e+00 1.15e+00
2.51e-01 1.82e-01 1.19e-02 1.80e-01 1.21e-02 1.53e-08 1.51e+01 5.18e+00 2.94e+00 1.61e+00 2.60e-01
2.57e-01 3.48e-01 3.94e-03 3.50e-01 4.25e-03 4.60e-63 7.01e-19 1.46e+01 1.46e+01 1.46e+01 3.00e+00
2.64e-01 3.24e-01 9.16e-03 3.20e-01 9.98e-03 1.88e-07 1.96e-07 4.04e+01 3.57e+01 1.42e+01 1.42e+00
2.59e-01 3.08e-01 1.04e-02 3.10e-01 1.06e-02 2.84e-10 4.56e-02 1.20e+01 6.47e+00 6.47e+00 4.84e-01
2.64e-01 2.70e-01 4.31e-04 2.70e-01 4.31e-04 1.23e+01 1.23e+01 2.82e+01 2.82e+01 2.82e+01 2.82e+01
2.63e-01 2.09e-01 3.57e-03 2.10e-01 3.67e-03 4.15e-31 1.12e+01 9.68e+00 9.68e+00 9.68e+00 1.27e+00
2.62e-01 3.58e-01 1.17e-02 3.60e-01 1.18e-02 7.09e-30 6.40e-02 1.35e+01 8.03e+00 5.10e+00 8.84e-01
2.63e-01 2.20e-01 6.77e-04 2.20e-01 6.77e-04 5.29e-82 2.13e+01 2.13e+01 2.13e+01 2.13e+01 2.13e+01
2.60e-01 3.78e-01 5.13e-03 3.80e-01 5.67e-03 1.39e-22 2.19e-12 2.10e+01 2.10e+01 8.43e+00 1.16e+00
2.66e-01 3.09e-01 3.50e-03 3.10e-01 3.78e-03 3.79e-94 3.79e-94 1.84e+01 1.84e+01 1.84e+01 3.14e+00
2.62e-01 2.39e-01 2.52e-03 2.40e-01 2.62e-03 2.22e-28 2.95e+01 2.75e+01 2.75e+01 2.75e+01 2.07e+00
2.58e-01 2.20e-01 8.20e-04 2.20e-01 8.22e-04 2.21e-24 1.30e+01 1.29e+01 1.29e+01 1.29e+01 1.29e+01
2.63e-01 3.58e-01 6.77e-02 4.00e-01 7.99e-02 8.67e+00 1.49e+01 1.98e+01 1.28e+01 1.13e+01 1.09e+00
2.72e-01 3.59e-01 7.46e-03 3.60e-01 7.57e-03 3.31e-19 4.29e-14 3.29e+01 1.54e+01 1.02e+01 1.82e+00
2.49e-01 3.45e-01 8.88e-02 4.10e-01 1.10e-01 9.67e-01 1.75e+01 1.19e+01 3.67e+00 1.97e+00 2.04e-01
2.65e-01 2.82e-01 1.31e-02 2.80e-01 1.33e-02 1.60e+01 2.21e+01 2.74e+01 1.28e+01 8.79e+00 1.69e+00
2.69e-01 2.44e-01 6.01e-03 2.40e-01 7.14e-03 3.73e-02 1.43e+01 7.93e+00 5.54e+00 5.54e+00 3.19e-01
2.70e-01 3.30e-01 4.50e-03 3.30e-01 4.50e-03 1.01e-31 1.03e-31 2.48e+01 2.48e+01 2.48e+01 2.86e+00
2.65e-01 2.59e-01 1.22e-02 2.60e-01 1.22e-02 2.53e+01 7.68e+01 2.47e+01 2.03e+01 8.90e+00 1.41e+00
2.60e-01 3.82e-01 4.13e-03 3.80e-01 4.67e-03 6.94e-45 6.37e-21 9.60e-01 9.60e-01 2.70e-01 2.70e-01
2.68e-01 3.82e-01 4.76e-03 3.80e-01 5.28e-03 1.07e-26 3.72e-12 5.39e+00 5.39e+00 1.90e+00 1.90e-01
2.54e-01 2.57e-01 5.11e-03 2.60e-01 5.69e-03 2.58e+01 3.23e+01 4.01e+01 4.01e+01 1.69e+01 2.22e+00
2.47e-01 2.37e-01 4.76e-03 2.40e-01 5.89e-03 7.64e+00 3.40e+01 2.22e+01 1.18e+01 1.18e+01 1.18e+01
2.67e-01 3.60e-01 1.93e-03 3.60e-01 1.97e-03 0.00e+00 1.96e-38 1.11e+01 1.11e+01 1.11e+01 5.02e-01
2.60e-01 3.10e-01 6.55e-06 3.10e-01 6.55e-06 2.75e-127 2.75e-127 1.77e+01 1.77e+01 1.77e+01 1.77e+01
2.62e-01 3.50e-01 1.12e-04 3.50e-01 1.12e-04 4.83e-271 1.42e-216 5.36e+00 5.36e+00 5.36e+00 5.36e+00
2.60e-01 2.81e-01 1.64e-02 2.70e-01 1.95e-02 4.37e+00 4.78e+00 1.10e+01 4.14e+00 3.65e+00 2.76e-01
2.64e-01 3.57e-01 7.86e-02 4.00e-01 8.94e-02 3.80e+00 1.81e+01 5.33e+00 2.44e+00 1.41e+00 2.07e-01
2.54e-01 2.23e-01 3.25e-02 2.20e-01 3.26e-02 1.58e+00 7.79e+01 1.79e+01 9.79e+00 7.60e+00 5.21e-01
2.42e-01 3.89e-01 3.11e-03 3.90e-01 3.29e-03 2.95e-18 2.57e-09 9.38e-01 9.38e-01 9.38e-01 1.18e-01
2.50e-01 2.63e-01 8.38e-02 2.30e-01 9.00e-02 7.36e+00 8.21e+01 1.93e+01 6.13e+00 3.21e+00 4.86e-01
2.55e-01 3.96e-01 5.87e-02 4.00e-01 5.88e-02 7.00e-01 3.48e+00 1.01e+01 4.62e+00 2.31e+00 2.04e-01
2.47e-01 3.68e-01 6.50e-03 3.70e-01 6.79e-03 1.67e-16 2.24e-14 2.81e+01 1.42e+01 1.42e+01 5.64e+00
2.67e-01 3.13e-01 8.41e-02 3.90e-01 1.14e-01 1.18e+00 7.38e+00 2.48e+00 1.63e+00 3.84e-01 4.11e-02
2.57e-01 2.55e-01 5.25e-03 2.60e-01 7.07e-03 3.94e+01 6.63e+01 4.00e+01 3.80e+01 3.80e+01 3.80e+01
2.60e-01 3.10e-01 1.97e-02 3.10e-01 1.97e-02 2.74e-01 3.51e-01 5.66e+00 2.10e+00 2.10e+00 2.63e-01
2.60e-01 2.79e-01 9.90e-02 2.50e-01 1.03e-01 9.29e-02 3.09e+00 1.10e+00 6.21e-01 2.16e-01 3.33e-02
2.52e-01 3.34e-01 3.76e-02 3.70e-01 5.18e-02 4.68e-01 1.03e+00 4.15e+00 1.90e+00 1.82e+00 2.14e-01
2.60e-01 1.21e-01 1.48e-02 1.20e-01 1.49e-02 1.48e-03 2.79e+01 9.66e+00 6.22e+00 2.18e+00 3.40e-01
2.57e-01 3.38e-01 1.02e-01 4.30e-01 1.37e-01 7.28e-01 2.12e+01 1.13e+01 4.21e+00 3.24e+00 3.41e-01
2.53e-01 3.78e-01 4.17e-03 3.80e-01 4.65e-03 1.81e-21 3.72e-15 3.09e+00 3.09e+00 8.23e-01 8.23e-01
2.90e-01 3.81e-01 5.17e-02 4.00e-01 5.50e-02 5.36e-138 2.61e+00 2.00e+01 2.00e+01 6.95e+00 1.21e+00
2.89e-01 1.89e-01 1.06e-02 1.90e-01 1.07e-02 2.85e-06 1.03e+01 4.76e+00 2.13e+00 2.13e+00 2.15e-01
3.01e-01 3.30e-01 1.04e-04 3.30e-01 1.04e-04 3.86e-17 3.86e-17 1.35e+01 1.35e+01 1.35e+01 1.35e+01
2.74e-01 2.80e-01 1.72e-04 2.80e-01 1.72e-04 1.50e+01 1.50e+01 3.76e+01 3.76e+01 3.76e+01 3.76e+01
2.86e-01 3.66e-01 7.16e-02 3.20e-01 8.50e-02 1.01e+01 2.57e+01 1.48e+01 6.41e+00 3.49e+00 6.60e-01
2.98e-01 2.05e-01 7.03e-03 2.10e-01 8.40e-03 2.32e-06 7.50e+01 3.41e+01 3.22e+01 3.22e+01 3.77e+00
2.71e-01 2.40e-01 3.94e-05 2.40e-01 3.94e-05 2.05e-42 3.10e+01 3.10e+01 3.10e+01 3.10e+01 3.10e+01
2.84e-01 2.19e-01 6.32e-02 2.50e-01 7.03e-02 1.88e+00 4.49e+01 8.37e+00 2.26e+00 1.27e+00 1.41e-01
2.84e-01 4.02e-01 5.19e-03 4.00e-01 5.42e-03 4.57e-71 5.68e-03 1.94e+01 1.94e+01 4.77e+00 7.79e-01
2.86e-01 4.33e-01 2.45e-02 4.10e-01 3.34e-02 1.96e-08 2.65e-06 5.48e+00 5.48e+00 1.73e+00 1.65e-01
3.01e-01 3.96e-01 5.38e-03 4.00e-01 7.00e-03 7.13e-30 1.12e-10 1.97e+01 1.66e+01 1.66e+01 1.66e+01
2.98e-01 3.16e-01 1.14e-02 3.20e-01 1.22e-02 1.47e+01 1.79e+01 3.84e+01 1.95e+01 1.69e+01 3.42e+00
3.03e-01 3.30e-01 1.24e-03 3.30e-01 1.24e-03 6.83e-10 6.83e-10 2.86e+00 2.86e+00 2.86e+00 2.86e+00
2.78e-01 2.28e-01 4.74e-03 2.30e-01 5.04e-03 1.25e-24 1.40e+01 1.14e+01 1.14e+01 1.14e+01 2.57e+00
2.93e-01 3.69e-01 6.41e-03 3.70e-01 6.49e-03 1.04e-21 6.78e-19 2.87e+01 1.17e+01 1.17e+01 6.93e+00
2.79e-01 2.50e-01 6.59e-04 2.50e-01 6.61e-04 6.94e-22 3.14e+01 3.13e+01 3.13e+01 3.13e+01 3.13e+01
2.74e-01 3.88e-01 5.21e-03 3.90e-01 5.67e-03 2.62e-20 8.09e-10 6.56e+00 6.56e+00 2.47e+00 4.29e-01
2.89e-01 3.95e-01 5.00e-03 4.00e-01 6.85e-03 1.27e-62 2.65e-13 4.19e+00 3.71e+00 3.71e+00 3.71e+00
2.82e-01 3.39e-01 3.46e-03 3.40e-01 3.73e-03 1.70e-49 1.70e-49 3.54e+00 3.54e+00 3.54e+00 5.70e-01
2.90e-01 2.92e-01 5.50e-03 2.90e-01 5.87e-03 3.10e+01 3.52e+01 3.17e+01 3.17e+01 1.26e+01 3.18e+00
2.73e-01 3.03e-01 9.06e-03 3.00e-01 9.65e-03 1.25e-01 1.30e-01 9.16e+00 7.64e+00 3.27e+00 3.68e-01
2.93e-01 3.92e-01 6.67e-03 3.90e-01 7.04e-03 5.96e-15 1.35e-05 2.65e+01 1.45e+01 1.45e+01 5.32e+00
2.74e-01 2.89e-01 1.05e-02 2.90e-01 1.06e-02 1.70e+01 2.10e+01 4.08e+01 2.48e+01 7.79e+00 6.56e+00
2.89e-01 1.91e-01 3.16e-03 1.90e-01 3.35e-03 1.14e-80 3.01e+01 2.67e+01 2.67e+01 2.67e+01 3.49e+00
2.76e-01 1.48e-01 3.14e-02 1.50e-01 3.14e-02 5.08e-02 1.26e+01 3.40e+00 1.93e+00 7.27e-01 8.86e-02
2.98e-01 4.03e-01 4.41e-03 4.00e-01 5.08e-03 4.50e-71 4.77e-15 4.67e+00 4.67e+00 1.60e+00 1.60e+00
2.81e-01 3.68e-01 8.78e-03 3.70e-01 8.93e-03 3.54e-07 3.63e-07 7.37e+00 2.52e+00 2.41e+00 2.22e-01
2.80e-01 2.33e-01 4.55e-03 2.30e-01 5.41e-03 5.57e-135 4.81e+01 3.40e+01 3.40e+01 1.42e+01 1.42e+01
2.72e-01 3.01e-01 5.71e-03 3.00e-01 5.83e-03 7.98e-03 7.98e-03 3.15e+01 3.15e+01 1.03e+01 5.06e+00
2.82e-01 2.80e-01 2.92e-04 2.80e-01 2.93e-04 1.46e+01 1.88e+01 1.88e+01 1.88e+01 1.88e+01 1.88e+01
2.80e-01 1.98e-01 1.43e-02 2.00e-01 1.45e-02 2.00e-05 6.72e+01 1.76e+01 8.16e+00 4.80e+00 1.12e+00
3.02e-01 2.30e-01 1.94e-03 2.30e-01 1.98e-03 9.02e-154 2.14e+01 2.06e+01 2.06e+01 2.06e+01 9.30e-01
2.70e-01 3.86e-01 4.88e-03 3.90e-01 6.20e-03 2.71e-28 3.30e-06 8.15e+00 5.08e+00 5.08e+00 5.08e+00
2.84e-01 3.14e-01 4.93e-03 3.10e-01 6.24e-03 4.04e-07 4.04e-07 2.09e+01 1.31e+01 1.31e+01 1.31e+01
3.02e-01 2.72e-01 8.31e-03 2.70e-01 8.49e-03 2.11e-01 8.87e+01 4.20e+01 2.49e+01 1.67e+01 4.23e+00
2.78e-01 1.81e-01 2.47e-03 1.80e-01 2.55e-03 1.63e-53 3.96e+01 3.70e+01 3.70e+01 3.70e+01 2.60e+00
2.91e-01 2.09e-01 3.60e-03 2.10e-01 3.72e-03 1.72e-44 1.14e+01 9.86e+00 9.86e+00 9.86e+00 1.39e+00
3.00e-01 2.53e-01 4.75e-03 2.50e-01 5.87e-03 2.69e-42 1.96e+01 1.29e+01 6.78e+00 6.78e+00 6.78e+00
2.94e-01 3.10e-01 1.42e-03 3.10e-01 1.43e-03 7.78e-07 7.78e-07 7.61e+00 7.61e+00 7.61e+00 7.61e+00
2.87e-01 3.04e-01 4.79e-03 3.00e-01 5.95e-03 1.53e-03 1.53e-03 8.57e+00 4.74e+00 4.74e+00 4.74e+00
2.79e-01 3.56e-01 3.98e-02 3.70e-01 4.21e-02 5.81e-05 8.56e+00 2.88e+01 1.34e+01 1.34e+01 1.45e+00
2.74e-01 3.60e-01 6.10e-03 3.60e-01 6.11e-03 4.56e-111 2.20e-02 2.17e+01 2.17e+01 2.17e+01 7.65e-01
2.82e-01 2.57e-01 7.69e-03 2.60e-01 8.36e-03 6.27e-01 8.87e+01 4.05e+01 3.36e+01 1.04e+01 3.66e+00
2.82e-01 3.13e-01 5.77e-03 3.10e-01 6.36e-03 1.52e-03 1.52e-03 1.43e+01 7.26e+00 7.26e+00 1.44e+00
3.03e-01 3.30e-01 1.40e-03 3.30e-01 1.41e-03 1.41e-30 1.41e-30 3.42e+01 3.42e+01 3.42e+01 3.42e+01
2.92e-01 2.06e-01 5.22e-02 1.90e-01 5.45e-02 1.45e-03 6.79e+01 1.57e+01 5.37e+00 3.92e+00 3.41e-01
2.90e-01 2.94e-01 5.07e-03 2.90e-01 6.72e-03 2.48e+01 2.52e+01 2.49e+01 1.99e+01 1.99e+01 1.99e+01
3.01e-01 2.99e-01 3.04e-03 3.00e-01 3.21e-03 2.90e+01 3.76e+01 3.37e+01 3.37e+01 3.37e+01 3.90e+00
2.87e-01 2.77e-01 6.91e-03 2.80e-01 7.38e-03 1.89e+01 7.64e+01 4.23e+01 2.64e+01 2.64e+01 1.91e+00
2.90e-01 2.11e-01 3.59e-03 2.10e-01 3.85e-03 9.41e-81 4.74e+01 4.04e+01 4.04e+01 4.04e+01 6.90e+00
2.91e-01 4.10e-01 7.50e-03 4.10e-01 7.51e-03 6.79e-26 1.20e-03 3.33e+00 1.24e+00 1.24e+00 1.34e-01
3.01e-01 2.02e-01 7.19e-03 2.00e-01 7.49e-03 5.56e-17 5.79e+01 3.10e+01 1.74e+01 7.78e+00 1.56e+00
3.00e-01 3.28e-01 1.15e-02 3.30e-01 1.17e-02 8.27e-01 9.99e-01 3.98e+01 1.98e+01 8.61e+00 4.40e+00
2.91e-01 3.80e-01 8.40e-02 4.30e-01 9.79e-02 2.90e-38 8.84e+00 1.72e+01 9.23e+00 9.23e+00 1.21e+00
2.91e-01 1.99e-01 3.71e-03 2.00e-01 3.95e-03 5.41e-70 5.05e+01 4.26e+01 4.26e+01 4.26e+01 7.49e+00
2.96e-01 3.10e-01 1.30e-04 3.10e-01 1.30e-04 3.62e-03 3.62e-03 3.54e+01 3.54e+01 3.54e+01 3.54e+01
2.73e-01 2.80e-01 1.25e-04 2.80e-01 1.25e-04 1.25e+01 1.25e+01 3.72e+01 3.72e+01 3.72e+01 3.72e+01
3.01e-01 3.00e-01 1.69e-04 3.00e-01 1.69e-04 4.57e+00 5.31e+00 5.31e+00 5.31e+00 5.31e+00 5.31e+00
2.95e-01 3.61e-01 6.39e-03 3.60e-01 6.45e-03 1.18e-14 5.19e-14 3.08e+01 1.10e+01 1.10e+01 6.97e+00
2.73e-01 3.20e-01 1.31e-03 3.20e-01 1.32e-03 2.24e-135 2.24e-135 1.80e+01 1.80e+01 1.80e+01 1.80e+01
2.86e-01 2.45e-01 5.51e-03 2.50e-01 7.27e-03 2.45e-07 8.60e+01 4.32e+01 4.06e+01 4.06e+01 1.52e+00
2.79e-01 2.90e-01 6.70e-04 2.90e-01 6.71e-04 8.60e-02 8.60e-02 2.29e+01 2.29e+01 2.29e+01 2.29e+01
2.74e-01 3.23e-01 5.47e-02 3.40e-01 5.74e-02 2.08e-04 1.27e+01 1.68e+01 5.51e+00 5.42e+00 1.27e+00
2.87e-01 2.60e-01 1.24e-03 2.60e-01 1.24e-03 1.13e-07 1.90e+01 1.87e+01 1.87e+01 1.87e+01 1.87e+01
3.00e-01 4.10e-01 1.44e-03 4.10e-01 1.44e-03 2.64e-13 1.18e-06 4.12e+00 4.12e+00 4.12e+00 4.12e+00
2.95e-01 3.00e-01 2.23e-03 3.00e-01 2.25e-03 6.94e+00 7.22e+00 1.42e+01 1.42e+01 1.42e+01 6.41e-01
2.87e-01 2.90e-01 4.81e-04 2.90e-01 4.81e-04 2.04e+01 2.04e+01 3.07e+01 3.07e+01 3.07e+01 3.07e+01
2.87e-01 3.00e-01 9.03e-05 3.00e-01 9.03e-05 7.18e-14 7.18e-14 8.46e+00 8.46e+00 8.46e+00 8.46e+00
2.85e-01 2.25e-01 1.25e-01 1.70e-01 1.37e-01 3.89e-05 9.74e+00 4.69e+00 1.39e+00 1.39e+00 1.41e-01
2.92e-01 2.48e-01 8.07e-03 2.50e-01 8.36e-03 1.26e-03 7.27e+01 3.49e+01 2.31e+01 1.07e+01 1.23e+00
2.87e-01 3.00e-01 1.08e-03 3.00e-01 1.09e-03 2.58e-01 2.58e-01 3.08e+01 3.08e+01 3.08e+01 3.08e+01
2.76e-01 3.49e-01 2.97e-03 3.50e-01 3.10e-03 1.33e-95 1.05e-54 3.61e+00 3.61e+00 3.61e+00 3.81e-01
2.76e-01 2.30e-01 1.96e-04 2.30e-01 1.96e-04 1.05e-106 3.32e+01 3.32e+01 3.32e+01 3.32e+01 3.32e+01
2.82e-01 2.80e-01 2.94e-02 2.70e-01 3.11e-02 1.91e+01 8.43e+01 1.85e+01 8.49e+00 5.03e+00 5.24e-01
3.03e-01 2.70e-01 2.08e-03 2.70e-01 2.13e-03 2.50e-24 3.27e+01 3.12e+01 3.12e+01 3.12e+01 1.57e+00
2.80e-01 2.50e-01 1.73e-03 2.50e-01 1.75e-03 8.06e-16 2.92e+01 2.83e+01 2.83e+01 2.83e+01 2.83e+01
2.92e-01 2.65e-01 4.98e-03 2.70e-01 6.75e-03 4.67e-20 5.45e+01 2.97e+01 2.49e+01 2.49e+01 2.49e+01
2.85e-01 3.00e-01 2.41e-05 3.00e-01 2.41e-05 1.08e-04 1.08e-04 3.70e+01 3.70e+01 3.70e+01 3.70e+01
2.75e-01 2.78e-01 3.69e-03 2.80e-01 4.04e-03 2.26e+01 2.63e+01 3.82e+01 3.82e+01 3.82e+01 7.49e+00
3.02e-01 4.20e-01 2.85e-02 4.20e-01 2.85e-02 4.76e-04 6.81e-01 1.32e+01 6.22e+00 3.77e+00 3.31e-01
3.04e-01 2.51e-01 1.12e-02 2.50e-01 1.12e-02 1.51e-03 8.73e+01 3.31e+01 2.08e+01 6.16e+00 9.99e-01
2.93e-01 2.90e-01 7.39e-05 2.90e-01 7.39e-05 8.62e+00 1.16e+01 1.16e+01 1.16e+01 1.16e+01 1.16e+01
2.84e-01 2.50e-01 3.97e-04 2.50e-01 3.97e-04 1.27e-66 3.57e+01 3.57e+01 3.57e+01 3.57e+01 3.57e+01
3.00e-01 2.40e-01 3.46e-03 2.40e-01 3.46e-03 3.57e-33 4.52e+01 3.98e+01 3.98e+01 3.98e+01 2.80e+00
3.02e-01 2.98e-01 3.81e-03 3.00e-01 4.19e-03 2.88e+01 4.40e+01 3.63e+01 3.63e+01 3.63e+01 7.84e+00
2.91e-01 3.70e-01 1.01e-04 3.70e-01 1.01e-04 3.41e-234 9.86e-17 5.07e+00 5.07e+00 5.07e+00 5.07e+00
2.73e-01 2.40e-01 1.83e-05 2.40e-01 1.83e-05 6.27e-53 3.45e+01 3.45e+01 3.45e+01 3.45e+01 3.45e+01
3.03e-01 3.21e-01 2.54e-03 3.20e-01 2.60e-03 3.56e-02 3.56e-02 1.99e+01 1.99e+01 1.99e+01 1.30e+00
2.88e-01 3.20e-01 2.80e-04 3.20e-01 2.80e-04 1.15e-30 1.15e-30 3.35e+01 3.35e+01 3.35e+01 3.35e+01
2.89e-01 2.25e-01 9.55e-03 2.20e-01 1.06e-02 8.40e-07 7.49e+01 2.82e+01 9.91e+00 8.49e+00 1.13e+00
2.97e-01 3.69e-01 6.82e-02 3.90e-01 7.14e-02 2.17e-09 9.23e-01 7.00e+00 1.72e+00 1.34e+00 1.76e-01
2.81e-01 3.73e-01 6.47e-03 3.70e-01 7.00e-03 1.97e-31 4.88e-15 2.77e+01 1.63e+01 1.63e+01 4.59e+00
3.00e-01 3.99e-01 1.65e-02 4.00e-01 1.65e-02 1.14e-14 3.12e-02 4.83e+00 4.83e+00 4.83e+00 5.10e-01
2.82e-01 4.01e-01 1.57e-02 4.00e-01 1.58e-02 1.97e-52 1.77e-01 1.79e+01 1.79e+01 7.57e+00 9.92e-01
2.84e-01 3.52e-01 9.98e-02 2.50e-01 1.42e-01 8.43e-06 1.62e+01 1.03e+01 5.75e+00 5.75e+00 8.28e-01
3.01e-01 3.54e-01 4.97e-03 3.50e-01 6.46e-03 2.58e-30 3.34e-28 9.33e+00 6.61e+00 6.61e+00 6.61e+00
2.81e-01 1.93e-01 4.77e-03 1.90e-01 5.45e-03 5.43e-39 5.70e+01 4.03e+01 4.03e+01 1.60e+01 1.60e+01
2.98e-01 4.11e-01 3.59e-02 4.20e-01 3.70e-02 2.53e-02 8.22e-01 4.88e+00 2.96e+00 1.50e+00 1.13e-01
2.84e-01 2.14e-01 7.00e-03 2.10e-01 7.92e-03 1.39e-16 6.85e+01 3.43e+01 2.59e+01 2.59e+01 2.76e+00
2.98e-01 2.19e-01 2.97e-03 2.20e-01 3.07e-03 4.46e-61 4.15e+01 3.76e+01 3.76e+01 3.76e+01 3.59e+00
2.90e-01 3.97e-01 5.47e-03 4.00e-01 6.21e-03 3.59e-110 5.31e-03 1.96e+01 1.96e+01 8.76e+00 8.76e+00
3.00e-01 3.53e-01 3.27e-02 3.60e-01 3.33e-02 1.05e-155 6.70e-01 1.67e+01 1.67e+01 1.67e+01 1.67e+01
2.94e-01 1.67e-01 4.43e-03 1.70e-01 5.18e-03 3.00e-137 1.02e+01 7.44e+00 7.44e+00 2.77e+00 2.77e+00
2.95e-01 2.80e-01 1.67e-03 2.80e-01 1.70e-03 3.45e-01 2.28e+01 2.22e+01 2.22e+01 2.22e+01 2.22e+01
2.84e-01 2.50e-01 1.72e-04 2.50e-01 1.72e-04 1.74e-53 3.18e+01 3.18e+01 3.18e+01 3.18e+01 3.18e+01
2.87e-01 2.80e-01 1.11e-03 2.80e-01 1.12e-03 9.83e+00 3.31e+01 3.27e+01 3.27e+01 3.27e+01 3.27e+01
2.86e-01 2.47e-01 1.59e-02 2.50e-01 1.62e-02 9.24e-12 2.34e+01 1.28e+01 1.05e+01 1.05e+01 1.05e+01
2.86e-01 3.60e-01 8.73e-04 3.60e-01 8.77e-04 3.99e-250 1.72e-14 5.92e+00 5.92e+00 5.92e+00 5.92e+00
2.95e-01 3.64e-01 4.94e-03 3.60e-01 6.50e-03 5.48e-96 1.11e-11 5.45e+00 4.00e+00 4.00e+00 4.00e+00
2.82e-01 2.47e-01 4.37e-03 2.50e-01 5.07e-03 2.82e-80 4.86e+01 3.61e+01 3.61e+01 1.27e+01 1.27e+01
2.98e-01 4.01e-01 4.26e-02 4.10e-01 4.36e-02 1.16e-02 3.89e+00 1.80e+01 1.56e+01 1.56e+01 7.23e-01
2.82e-01 2.92e-01 1.08e-01 4.10e-01 1.60e-01 1.14e-02 1.88e+01 5.74e+00 2.97e+00 2.18e+00 4.62e-01
2.91e-01 3.96e-01 2.43e-02 4.00e-01 2.45e-02 1.97e-07 1.44e-01 6.79e+00 2.83e+00 2.83e+00 1.71e-01
2.90e-01 3.27e-01 5.10e-03 3.30e-01 6.13e-03 2.12e-11 2.12e-11 2.45e+01 1.37e+01 1.37e+01 1.37e+01
3.02e-01 3.11e-01 7.31e-02 2.70e-01 8.36e-02 5.17e+00 1.12e+02 2.06e+01 6.40e+00 6.15e+00 6.40e-01
2.94e-01 3.03e-01 6.55e-03 3.00e-01 7.03e-03 2.01e+01 2.30e+01 3.69e+01 2.10e+01 2.10e+01 6.50e+00
2.95e-01 3.12e-01 6.31e-03 3.10e-01 6.78e-03 2.69e+00 2.73e+00 3.38e+01 1.80e+01 1.80e+01 5.10e+00
2.99e-01 2.73e-01 4.77e-03 2.70e-01 5.87e-03 9.25e-04 3.83e+01 2.52e+01 1.32e+01 1.32e+01 1.32e+01
2.74e-01 2.38e-01 6.67e-02 2.10e-01 7.25e-02 5.61e-34 1.69e+01 9.95e+00 6.80e+00 6.80e+00 5.00e-01
2.97e-01 2.41e-01 2.29e-03 2.40e-01 2.36e-03 7.98e-115 3.49e+01 3.29e+01 3.29e+01 3.29e+01 1.99e+00
2.87e-01 2.80e-01 1.40e-04 2.80e-01 1.40e-04 1.11e+01 3.87e+01 3.87e+01 3.87e+01 3.87e+01 3.87e+01
2.95e-01 3.20e-01 1.68e-03 3.20e-01 1.71e-03 9.65e-26 9.65e-26 3.69e+01 3.69e+01 3.69e+01 3.69e+01
2.93e-01 3.96e-01 4.87e-03 4.00e-01 6.16e-03 1.82e-111 1.37e-21 3.45e+00 2.11e+00 2.11e+00 2.11e+00
2.96e-01 2.40e-01 5.39e-04 2.40e-01 5.40e-04 4.33e-124 2.80e+01 2.79e+01 2.79e+01 2.79e+01 2.79e+01
2.99e-01 3.98e-01 5.44e-03 4.00e-01 5.89e-03 1.17e-22 1.79e-12 2.18e+01 2.18e+01 8.97e+00 1.86e+00
2.95e-01 3.00e-01 2.29e-03 3.00e-01 2.31e-03 1.00e+01 1.02e+01 1.93e+01 1.93e+01 1.93e+01 8.73e-01
2.80e-01 1.11e-01 4.51e-03 1.10e-01 4.71e-03 1.28e-09 5.84e+00 4.55e+00 4.55e+00 1.05e+00 2.75e-01
2.89e-01 3.21e-01 1.89e-02 3.20e-01 1.90e-02 6.97e+00 1.02e+01 2.55e+01 1.61e+01 7.83e+00 9.21e-01
2.76e-01 3.73e-01 1.47e-02 3.80e-01 1.65e-02 1.85e-03 3.15e-03 7.17e+00 5.12e+00 1.62e+00 2.16e-01
2.73e-01 3.27e-01 4.49e-03 3.30e-01 5.29e-03 5.40e-152 5.40e-152 1.72e+01 1.72e+01 6.75e+00 6.75e+00
2.88e-01 3.52e-01 7.29e-03 3.50e-01 7.53e-03 9.52e-11 9.52e-11 3.64e+01 2.30e+01 1.06e+01 1.28e+00
2.72e-01 2.57e-01 4.57e-03 2.60e-01 5.46e-03 5.88e-11 5.00e+01 3.51e+01 3.51e+01 1.50e+01 1.50e+01
2.94e-01 2.44e-01 4.86e-03 2.40e-01 6.05e-03 1.45e-20 6.54e+01 4.16e+01 2.38e+01 2.38e+01 2.38e+01
2.93e-01 3.92e-01 6.98e-03 3.90e-01 7.15e-03 3.62e-12 1.02e-02 5.43e+00 5.43e+00 1.39e+00 1.91e-01
2.96e-01 2.82e-01 4.64e-03 2.80e-01 5.11e-03 4.15e+00 3.96e+01 2.94e+01 2.94e+01 9.30e+00 9.30e+00
2.72e-01 3.57e-01 7.24e-02 3.30e-01 7.71e-02 6.23e+00 1.67e+01 1.35e+01 4.63e+00 2.64e+00 4.13e-01
2.78e-01 3.74e-01 5.52e-03 3.70e-01 6.79e-03 5.93e-11 7.37e-11 5.32e+00 3.98e+00 3.98e+00 3.98e+00
2.79e-01 2.36e-01 7.86e-03 2.40e-01 8.78e-03 5.85e-04 8.56e+01 3.80e+01 3.28e+01 9.16e+00 5.34e+00
3.01e-01 2.33e-01 8.38e-02 3.10e-01 1.14e-01 8.09e-01 6.69e+00 5.97e+00 4.56e+00 4.56e+00 3.90e-01
2.77e-01 2.54e-01 8.41e-02 2.20e-01 9.06e-02 2.82e-01 8.36e+01 1.27e+01 4.09e+00 3.70e+00 4.72e-01
2.96e-01 4.19e-01 2.30e-02 4.10e-01 2.48e-02 1.17e-02 3.39e-02 1.25e+01 2.89e+00 1.38e+00 1.88e-01
3.02e-01 3.12e-01 9.86e-02 4.10e-01 1.39e-01 9.47e-01 9.09e+01 1.26e+01 5.09e+00 3.24e+00 3.85e-01
3.00e-01 3.18e-01 6.08e-03 3.20e-01 6.50e-03 4.37e-01 4.38e-01 3.07e+01 1.53e+01 1.53e+01 4.32e+00
2.72e-01 2.45e-01 7.03e-02 2.60e-01 7.18e-02 4.29e+00 2.90e+01 4.86e+00 9.36e-01 4.53e-01 6.04e-02
2.93e-01 1.26e-01 3.75e-02 1.20e-01 3.80e-02 3.88e-06 3.16e+01 7.47e+00 4.22e+00 1.61e+00 4.42e-01
3.02e-01 2.12e-01 4.75e-03 2.10e-01 5.26e-03 1.31e-71 5.89e+01 4.28e+01 4.28e+01 1.46e+01 1.46e+01
2.91e-01 3.81e-01 5.25e-02 3.90e-01 5.33e-02 1.23e-01 1.52e+00 3.11e+00 9.48e-01 4.45e-01 3.87e-02
3.01e-01 3.37e-01 2.48e-02 3.40e-01 2.51e-02 4.07e+00 7.39e+00 2.68e+01 1.68e+01 8.49e+00 9.79e-01
2.74e-01 2.78e-01 9.62e-03 2.80e-01 9.84e-03 3.51e+01 5.65e+01 4.06e+01 1.90e+01 1.90e+01 3.27e+00
2.72e-01 2.56e-01 6.98e-02 2.50e-01 7.00e-02 8.00e-01 2.35e+01 9.81e+00 3.05e+00 8.87e-01 9.85e-02
2.97e-01 3.65e-01 6.08e-02 3.90e-01 6.58e-02 5.52e-08 2.44e+00 5.02e+00 4.54e+00 4.54e+00 5.55e-01
2.71e-01 2.31e-01 8.81e-02 2.60e-01 9.27e-02 9.21e-01 4.79e+01 1.21e+01 5.78e+00 2.67e+00 6.69e-01
2.79e-01 3.92e-01 4.70e-03 3.90e-01 5.14e-03 1.11e-23 1.84e-11 5.75e+00 5.75e+00 1.82e+00 2.02e-01
2.82e-01 2.10e-01 1.07e-02 2.10e-01 1.07e-02 1.79e-07 6.43e+01 2.39e+01 1.51e+01 4.33e+00 6.01e-01
3.08e-01 4.30e-01 1.89e-03 4.30e-01 1.91e-03 7.09e-287 1.93e-04 7.77e+00 7.77e+00 7.77e+00 7.77e+00
3.15e-01 3.37e-01 9.52e-02 4.20e-01 1.26e-01 1.97e-06 1.66e+01 1.08e+01 4.01e+00 3.53e+00 3.80e-01
3.07e-01 3.21e-01 7.85e-03 3.20e-01 7.91e-03 1.07e+01 1.16e+01 3.79e+01 2.02e+01 1.43e+01 2.10e+00
3.35e-01 2.70e-01 9.16e-03 2.70e-01 9.16e-03 2.24e-07 9.33e+01 4.04e+01 2.13e+01 2.13e+01 3.45e+00
3.13e-01 3.30e-01 5.19e-05 3.30e-01 5.19e-05 9.25e-06 9.25e-06 3.76e+01 3.76e+01 3.76e+01 3.76e+01
3.34e-01 4.12e-01 4.94e-03 4.10e-01 5.24e-03 4.22e-37 1.86e-03 1.67e+01 1.67e+01 4.77e+00 9.21e-01
3.22e-01 3.40e-01 2.73e-04 3.40e-01 2.73e-04 9.39e-10 9.39e-10 2.54e+01 2.54e+01 2.54e+01 2.54e+01
3.12e-01 4.11e-01 2.31e-02 4.10e-01 2.31e-02 1.61e-59 3.59e-01 1.18e+01 7.97e+00 7.97e+00 5.95e-01
3.24e-01 2.93e-01 5.01e-03 2.90e-01 5.79e-03 6.98e-07 2.44e+01 1.63e+01 1.63e+01 7.55e+00 7.55e+00
3.26e-01 3.78e-01 6.22e-03 3.80e-01 6.46e-03 7.11e-70 1.85e-02 1.96e+01 1.96e+01 1.96e+01 3.84e+00
3.26e-01 3.54e-01 7.43e-03 3.50e-01 8.45e-03 9.61e-02 9.68e-02 2.99e+01 2.52e+01 2.52e+01 3.60e+00
3.25e-01 2.80e-01 2.07e-03 2.80e-01 2.12e-03 4.70e-51 3.06e+01 2.92e+01 2.92e+01 2.92e+01 1.47e+00
3.05e-01 3.13e-01 1.72e-02 3.10e-01 1.74e-02 6.74e+00 1.01e+01 8.77e+00 4.67e+00 4.67e+00 9.70e-01
3.26e-01 3.29e-01 6.31e-02 3.90e-01 8.75e-02 6.95e+00 4.25e+01 8.62e+00 4.65e+00 1.92e+00 2.48e-01
3.32e-01 3.21e-01 1.42e-02 3.20e-01 1.43e-02 2.78e+01 1.06e+02 3.11e+01 2.51e+01 1.21e+01 1.19e+00
3.29e-01 2.72e-01 2.94e-02 2.70e-01 2.95e-02 4.66e-02 1.11e+02 2.63e+01 1.59e+01 5.82e+00 9.69e-01
3.35e-01 3.36e-01 1.32e-02 3.40e-01 1.39e-02 3.48e+01 7.74e+01 3.28e+01 1.81e+01 7.01e+00 1.29e+00
3.09e-01 2.93e-01 1.34e-02 2.90e-01 1.36e-02 1.74e+01 1.16e+02 3.13e+01 1.60e+01 8.80e+00 1.80e+00
3.08e-01 2.56e-01 4.96e-03 2.60e-01 6.57e-03 3.69e-31 4.24e+01 2.41e+01 1.84e+01 1.84e+01 1.84e+01
3.05e-01 3.10e-01 8.42e-04 3.10e-01 8.45e-04 9.73e+00 9.73e+00 2.09e+01 2.09e+01 2.09e+01 2.09e+01
3.08e-01 3.30e-01 9.03e-04 3.30e-01 9.07e-04 2.99e-32 2.99e-32 2.93e+01 2.93e+01 2.93e+01 2.93e+01
3.33e-01 2.01e-01 3.08e-03 2.00e-01 3.26e-03 1.99e-82 3.77e+01 3.37e+01 3.37e+01 3.37e+01 4.06e+00
3.12e-01 2.94e-01 5.17e-03 2.90e-01 6.51e-03 1.37e-01 4.88e+01 2.86e+01 1.95e+01 1.95e+01 1.95e+01
3.16e-01 3.65e-01 2.82e-02 3.70e-01 2.86e-02 1.54e-98 5.66e-01 1.93e+01 1.93e+01 1.93e+01 1.93e+01
3.30e-01 3.30e-01 1.43e-03 3.30e-01 1.45e-03 2.16e+01 2.27e+01 2.27e+01 2.27e+01 2.27e+01 2.27e+01
3.22e-01 2.83e-01 6.04e-02 2.60e-01 6.47e-02 2.72e-29 1.80e+01 1.23e+01 5.43e+00 5.43e+00 4.32e-01
3.29e-01 4.10e-01 2.97e-03 4.10e-01 3.01e-03 4.65e-120 7.59e-06 1.84e+01 1.84e+01 1.84e+01 1.39e+00
3.07e-01 3.64e-01 9.88e-02 4.20e-01 1.14e-01 1.46e-01 2.82e+01 9.64e+00 2.82e+00 1.63e+00 2.50e-01
3.19e-01 3.27e-01 8.91e-03 3.30e-01 9.42e-03 7.35e+00 9.09e+00 1.03e+01 7.89e+00 3.66e+00 4.12e-01
3.28e-01 3.04e-01 6.14e-03 3.00e-01 7.18e-03 1.89e-01 6.11e+01 3.25e+01 2.43e+01 2.43e+01 3.43e+00
3.33e-01 3.99e-01 6.98e-02 4.10e-01 7.06e-02 5.90e-05 2.68e+00 5.59e+00 2.63e+00 1.40e+00 1.22e-01
3.35e-01 2.47e-01 4.66e-03 2.50e-01 5.64e-03 1.41e-143 1.45e+01 9.90e+00 9.90e+00 4.63e+00 4.63e+00
3.24e-01 3.10e-01 9.68e-04 3.10e-01 9.73e-04 2.14e-01 3.83e+01 3.80e+01 3.80e+01 3.80e+01 3.80e+01
3.05e-01 3.79e-01 3.07e-03 3.80e-01 3.12e-03 5.27e-63 1.33e-20 1.60e+01 1.60e+01 1.60e+01 1.37e+00
3.09e-01 4.14e-01 4.39e-02 4.30e-01 4.69e-02 1.19e-01 4.70e+00 1.97e+01 1.07e+01 6.44e+00 4.96e-01
3.13e-01 3.27e-01 4.61e-03 3.30e-01 5.54e-03 3.18e+00 3.18e+00 2.07e+01 2.07e+01 9.17e+00 9.17e+00
3.26e-01 1.73e-01 5.19e-03 1.70e-01 6.17e-03 5.21e-05 1.18e+01 7.42e+00 4.10e+00 4.10e+00 4.10e+00
3.13e-01 2.90e-01 1.48e-02 2.90e-01 1.48e-02 2.33e-04 1.83e+01 1.52e+01 1.52e+01 1.52e+01 6.87e-01
3.07e-01 2.63e-01 7.18e-03 2.60e-01 7.67e-03 6.31e-05 8.21e+01 4.31e+01 2.66e+01 2.66e+01 2.81e+00
3.28e-01 2.82e-01 7.38e-03 2.80e-01 7.68e-03 5.52e-05 8.00e+01 4.23e+01 2.36e+01 1.15e+01 2.76e+00
3.22e-01 3.00e-01 2.17e-03 3.00e-01 2.22e-03 5.22e-11 3.92e+01 3.72e+01 3.72e+01 3.72e+01 2.06e+00
3.25e-01 2.70e-01 1.99e-02 2.70e-01 1.99e-02 8.78e-43 2.29e+01 1.90e+01 1.90e+01 1.90e+01 3.92e+00
3.34e-01 3.08e-01 5.47e-03 3.10e-01 5.88e-03 1.82e-03 2.22e+01 1.49e+01 1.49e+01 5.92e+00 1.35e+00
3.33e-01 4.01e-01 4.13e-03 4.00e-01 4.35e-03 2.04e-40 8.24e-08 1.29e+01 1.29e+01 1.29e+01 4.55e-01
3.23e-01 3.98e-01 9.50e-02 4.70e-01 1.19e-01 3.54e-05 1.41e+01 9.83e+00 7.26e+00 3.11e+00 2.96e-01
3.36e-01 3.53e-01 4.71e-03 3.50e-01 5.76e-03 1.98e-10 1.98e-10 1.10e+00 1.10e+00 5.47e-01 5.47e-01
3.14e-01 3.87e-01 5.41e-03 3.90e-01 6.39e-03 7.84e-31 1.31e-16 2.25e+01 1.32e+01 1.32e+01 1.13e+00
3.35e-01 3.34e-01 7.06e-03 3.30e-01 7.89e-03 1.12e+01 1.98e+01 1.27e+01 9.66e+00 9.66e+00 9.59e-01
3.23e-01 3.20e-01 7.97e-05 3.20e-01 7.97e-05 2.58e+01 3.72e+01 3.72e+01 3.72e+01 3.72e+01 3.72e+01
3.35e-01 2.61e-01 9.45e-03 2.60e-01 9.47e-03 1.01e-07 8.25e+01 3.74e+01 1.90e+01 1.90e+01 1.50e+00
3.18e-01 3.32e-01 6.13e-03 3.30e-01 6.36e-03 1.71e+00 1.72e+00 1.30e+01 5.48e+00 5.48e+00 2.22e+00
3.03e-01 3.45e-01 8.89e-02 4.20e-01 1.16e-01 4.98e-10 6.79e+00 5.83e+00 3.78e+00 2.49e+00 6.15e-01
3.19e-01 3.94e-01 7.04e-03 3.90e-01 8.22e-03 2.57e-18 5.11e-06 2.66e+01 2.34e+01 2.34e+01 2.54e+00
3.34e-01 3.50e-01 1.50e-03 3.50e-01 1.51e-03 6.22e-03 6.22e-03 2.24e+01 2.24e+01 2.24e+01 2.24e+01
3.12e-01 3.40e-01 1.20e-02 3.40e-01 1.20e-02 3.07e+00 3.81e+00 2.83e+01 2.09e+01 9.33e+00 2.11e+00
3.33e-01 3.87e-01 7.04e-03 3.90e-01 7.60e-03 7.13e-07 7.26e-07 6.98e+00 4.32e+00 4.32e+00 4.21e-01
3.34e-01 3.40e-01 2.15e-03 3.40e-01 2.19e-03 8.18e+00 8.21e+00 2.14e+01 2.14e+01 2.14e+01 1.07e+00
3.19e-01 3.07e-01 4.43e-03 3.10e-01 5.18e-03 9.31e-01 1.42e+01 1.04e+01 1.04e+01 3.86e+00 3.86e+00
3.15e-01 3.44e-01 5.12e-03 3.40e-01 6.52e-03 1.25e-05 1.25e-05 1.90e+01 1.32e+01 1.32e+01 1.32e+01
3.04e-01 2.58e-01 6.40e-02 2.40e-01 6.65e-02 1.09e-13 1.56e+01 9.64e+00 3.24e+00 2.57e+00 1.94e-01
3.34e-01 3.78e-01 5.98e-03 3.80e-01 6.27e-03 2.11e-08 2.11e-08 2.69e+01 1.12e+01 1.12e+01 3.93e+00
3.12e-01 4.40e-01 1.43e-03 4.40e-01 1.43e-03 0.00e+00 0.00e+00 8.60e-01 8.60e-01 8.60e-01 8.60e-01
3.21e-01 2.90e-01 2.67e-05 2.90e-01 2.67e-05 1.93e-44 3.79e+01 3.79e+01 3.79e+01 3.79e+01 3.79e+01
3.32e-01 2.63e-01 8.20e-03 2.60e-01 8.64e-03 5.53e-11 8.60e+01 4.05e+01 2.69e+01 1.30e+01 4.89e+00
3.14e-01 3.83e-01 4.54e-03 3.80e-01 5.20e-03 1.15e-46 3.17e-24 1.71e+01 1.71e+01 6.20e+00 6.20e+00
3.33e-01 4.05e-01 1.81e-02 4.10e-01 1.88e-02 3.57e-05 1.29e-01 7.78e+00 4.29e+00 1.83e+00 2.91e-01
3.28e-01 3.20e-01 5.69e-02 3.00e-01 6.03e-02 1.10e+01 1.36e+02 1.92e+01 8.16e+00 4.78e+00 1.28e+00
3.32e-01 3.50e-01 4.11e-04 3.50e-01 4.11e-04 2.79e-12 2.79e-12 1.17e+01 1.17e+01 1.17e+01 1.17e+01
3.18e-01 2.50e-01 1.08e-03 2.50e-01 1.09e-03 7.99e-100 2.36e+01 2.33e+01 2.33e+01 2.33e+01 2.33e+01
3.10e-01 2.17e-01 3.45e-02 2.10e-01 3.53e-02 4.96e-12 6.54e+01 2.78e+01 1.27e+01 1.27e+01 1.81e+00
3.24e-01 4.71e-01 5.50e-03 4.70e-01 5.53e-03 1.25e-36 2.84e-05 1.53e+01 1.53e+01 3.99e+00 2.53e+00
3.18e-01 3.22e-01 4.16e-03 3.20e-01 4.72e-03 1.88e+01 1.88e+01 2.23e+01 2.23e+01 6.51e+00 6.51e+00
3.09e-01 3.50e-01 1.67e-05 3.50e-01 1.67e-05 2.99e-108 2.99e-108 2.02e+01 2.02e+01 2.02e+01 2.02e+01
3.37e-01 3.50e-01 1.28e-03 3.50e-01 1.29e-03 3.43e-02 3.43e-02 2.22e+01 2.22e+01 2.22e+01 2.22e+01
3.24e-01 3.11e-01 2.68e-03 3.10e-01 2.80e-03 1.58e+00 3.46e+01 3.19e+01 3.19e+01 3.19e+01 2.73e+00
3.26e-01 3.30e-01 3.94e-04 3.30e-01 3.95e-04 1.11e+01 1.11e+01 1.88e+01 1.88e+01 1.88e+01 1.88e+01
3.24e-01 3.55e-01 1.09e-02 3.60e-01 1.22e-02 1.56e+00 1.74e+00 3.74e+01 1.58e+01 1.50e+01 2.44e+00
3.07e-01 3.20e-01 1.12e-03 3.20e-01 1.13e-03 3.95e-11 3.95e-11 2.09e+01 2.09e+01 2.09e+01 2.09e+01
3.25e-01 3.87e-01 4.98e-03 3.90e-01 6.08e-03 8.74e-33 8.40e-27 2.00e+01 1.13e+01 1.13e+01 1.13e+01
3.25e-01 4.51e-01 9.98e-03 4.50e-01 1.00e-02 5.87e-14 4.75e-05 2.28e+00 1.16e+00 1.16e+00 2.18e-01
3.12e-01 3.99e-01 2.08e-02 4.00e-01 2.08e-02 2.10e-06 1.29e-01 6.53e+00 3.12e+00 3.12e+00 1.97e-01
3.27e-01 3.15e-01 9.31e-02 4.20e-01 1.40e-01 4.11e-15 1.05e+01 6.23e+00 3.35e+00 1.81e+00 6.88e-01
3.26e-01 2.80e-01 8.79e-03 2.80e-01 8.79e-03 8.24e-04 9.23e+01 4.18e+01 2.08e+01 2.08e+01 3.15e+00
3.21e-01 4.09e-01 3.92e-02 4.10e-01 3.92e-02 1.06e-12 4.29e-01 6.39e+00 1.83e+00 1.70e+00 1.28e-01
3.32e-01 3.13e-01 5.63e-03 3.10e-01 6.60e-03 3.99e-01 5.09e+01 3.02e+01 1.85e+01 1.85e+01 1.82e+00
3.06e-01 2.90e-01 7.11e-04 2.90e-01 7.13e-04 2.33e-09 3.58e+01 3.56e+01 3.56e+01 3.56e+01 3.56e+01
3.23e-01 3.85e-01 5.15e-03 3.90e-01 7.10e-03 1.90e-29 2.20e-18 1.50e+01 1.44e+01 1.44e+01 1.44e+01
3.28e-01 2.38e-01 1.01e-02 2.40e-01 1.02e-02 6.16e-11 7.68e+01 3.02e+01 1.52e+01 1.52e+01 3.04e+00
3.15e-01 3.97e-01 4.67e-03 4.00e-01 5.67e-03 2.41e-198 4.13e-05 1.63e+01 1.63e+01 7.76e+00 7.76e+00
3.23e-01 2.92e-01 4.33e-03 2.90e-01 4.99e-03 3.15e-12 3.19e+01 2.40e+01 2.40e+01 7.95e+00 7.95e+00
3.25e-01 2.95e-01 5.04e-03 3.00e-01 6.86e-03 3.29e-07 4.20e+01 2.24e+01 1.96e+01 1.96e+01 1.96e+01
3.18e-01 3.81e-01 3.33e-02 3.90e-01 3.45e-02 4.22e-03 7.77e-01 6.06e+00 2.80e+00 1.10e+00 1.22e-01
3.36e-01 3.90e-01 4.56e-04 3.90e-01 4.56e-04 1.02e-41 1.02e-41 8.69e-01 8.69e-01 8.69e-01 8.69e-01
3.07e-01 3.93e-01 5.50e-02 4.10e-01 5.76e-02 1.67e-06 1.07e+00 6.41e+00 6.18e+00 1.90e+00 1.93e-01
3.26e-01 3.18e-01 6.37e-03 3.20e-01 6.59e-03 1.73e+01 5.10e+01 3.24e+01 1.45e+01 1.45e+01 6.50e+00
3.23e-01 2.68e-01 4.27e-03 2.70e-01 4.89e-03 4.46e-65 2.84e+01 2.16e+01 2.16e+01 6.84e+00 6.84e+00
3.30e-01 2.55e-01 6.17e-03 2.50e-01 7.99e-03 8.70e-24 9.00e+01 4.32e+01 4.10e+01 4.10e+01 2.39e+00
3.27e-01 3.74e-01 1.24e-02 3.80e-01 1.38e-02 3.98e-02 5.12e-02 5.27e+00 2.33e+00 2.33e+00 2.12e-01
3.07e-01 2.10e-01 4.28e-02 2.00e-01 4.38e-02 2.57e-07 6.52e+01 1.70e+01 1.38e+01 6.62e+00 6.62e-01
3.22e-01 3.40e-01 4.78e-04 3.40e-01 4.78e-04 3.02e-05 3.02e-05 3.51e+01 3.51e+01 3.51e+01 3.51e+01
3.35e-01 3.80e-01 1.89e-03 3.80e-01 1.90e-03 1.00e-31 1.00e-31 9.56e+00 9.56e+00 9.56e+00 2.88e-01
3.08e-01 3.97e-01 9.69e-03 4.00e-01 1.02e-02 2.32e-07 1.77e-03 6.58e+00 5.82e+00 2.02e+00 4.30e-01
3.08e-01 3.66e-01 6.04e-03 3.70e-01 7.00e-03 3.69e-16 3.69e-16 2.86e+01 2.09e+01 2.09e+01 3.17e+00
3.15e-01 3.39e-01 6.56e-03 3.40e-01 6.68e-03 2.00e-01 2.01e-01 2.79e+01 1.22e+01 1.22e+01 6.72e+00
3.13e-01 3.87e-01 4.52e-03 3.90e-01 5.24e-03 1.86e-57 7.54e-19 1.18e+01 1.18e+01 4.39e+00 4.39e+00
3.33e-01 2.85e-01 4.99e-03 2.80e-01 6.80e-03 8.01e-76 6.42e+01 3.45e+01 2.97e+01 2.97e+01 2.97e+01
3.22e-01 3.70e-01 5.26e-04 3.70e-01 5.26e-04 7.84e-50 1.40e-08 1.97e+01 1.97e+01 1.97e+01 1.97e+01
3.04e-01 2.90e-01 3.08e-04 2.90e-01 3.08e-04 1.82e-06 3.65e+01 3.65e+01 3.65e+01 3.65e+01 3.65e+01
3.31e-01 3.69e-01 3.87e-03 3.70e-01 3.99e-03 2.98e-09 2.98e-09 1.45e+01 1.45e+01 1.45e+01 5.84e-01
3.23e-01 2.50e-01 1.78e-03 2.50e-01 1.78e-03 1.17e-59 3.27e+01 3.17e+01 3.17e+01 3.17e+01 3.17e+01
3.23e-01 2.75e-01 5.28e-03 2.70e-01 7.25e-03 1.37e-16 6.36e+01 3.18e+01 3.10e+01 3.10e+01 3.10e+01
3.06e-01 2.97e-01 1.27e-02 3.00e-01 1.32e-02 2.81e+01 1.07e+02 3.42e+01 1.71e+01 1.71e+01 1.50e+00
3.08e-01 3.11e-01 8.06e-03 3.10e-01 8.08e-03 3.55e+01 5.05e+01 3.99e+01 2.02e+01 1.66e+01 1.60e+00
3.27e-01 3.60e-01 3.35e-05 3.60e-01 3.35e-05 2.64e-56 2.64e-56 2.06e+01 2.06e+01 2.06e+01 2.06e+01
3.19e-01 4.16e-01 5.17e-03 4.20e-01 6.65e-03 1.93e-59 1.51e-10 6.69e+00 5.11e+00 5.11e+00 5.11e+00
3.17e-01 2.43e-01 8.44e-02 2.00e-01 9.49e-02 7.60e-23 1.23e+01 6.71e+00 3.81e+00 1.48e+00 3.04e-01
3.35e-01 3.02e-01 5.24e-02 2.70e-01 6.14e-02 2.59e+00 6.06e+01 8.32e+00 3.92e+00 1.41e+00 1.76e-01
3.18e-01 3.20e-01 1.17e-03 3.20e-01 1.17e-03 2.75e+01 2.75e+01 3.25e+01 3.25e+01 3.25e+01 3.25e+01
3.27e-01 4.15e-01 2.05e-02 4.20e-01 2.10e-02 3.13e-04 1.28e+00 2.72e+01 1.22e+01 1.22e+01 2.46e+00
3.24e-01 3.00e-01 2.90e-04 3.00e-01 2.90e-04 2.00e-13 3.56e+01 3.56e+01 3.56e+01 3.56e+01 3.56e+01
3.10e-01 4.10e-01 2.48e-02 4.10e-01 2.48e-02 2.59e-35 4.68e-01 1.50e+01 1.03e+01 4.30e+00 1.36e+00
3.24e-01 3.91e-01 3.18e-03 3.90e-01 3.37e-03 3.95e-146 3.95e-146 1.51e+01 1.51e+01 1.51e+01 1.97e+00
3.15e-01 3.10e-01 6.49e-04 3.10e-01 6.50e-04 1.76e+01 3.70e+01 3.69e+01 3.69e+01 3.69e+01 3.69e+01
3.03e-01 4.15e-01 2.83e-02 4.00e-01 3.21e-02 1.64e-04 6.77e-02 4.03e+00 1.42e+00 1.00e+00 1.17e-01
3.30e-01 3.63e-01 8.30e-03 3.60e-01 8.76e-03 7.44e-02 7.66e-02 3.74e+01 2.46e+01 1.03e+01 4.70e+00
3.26e-01 4.45e-01 3.48e-02 4.30e-01 3.78e-02 2.21e-02 9.46e-01 1.03e+01 3.92e+00 1.82e+00 1.65e-01
3.10e-01 4.42e-01 6.93e-02 4.50e-01 6.97e-02 3.54e-04 2.54e+00 3.75e+00 1.64e+00 1.19e+00 1.19e-01
3.11e-01 2.20e-01 2.02e-02 2.20e-01 2.02e-02 1.71e-04 7.32e+01 1.88e+01 1.54e+01 7.82e+00 1.05e+00
3.12e-01 4.18e-01 6.49e-02 4.20e-01 6.49e-02 8.83e-01 6.95e+00 6.07e+00 2.02e+00 8.02e-01 1.53e-01
