1.14e+00 1.09e+00 1.61e-02 1.08e+00 1.70e-02 1.87e-02 2.28e+01 4.68e+00 1.92e+00 1.61e+00 2.86e-01
1.14e+00 1.09e+00 6.88e-03 1.09e+00 7.50e-03 1.61e-09 4.78e+00 2.46e+00 1.73e+00 1.73e+00 1.11e-01
1.13e+00 1.21e+00 1.16e-02 1.21e+00 1.17e-02 3.35e-10 3.37e-10 3.64e-01 2.30e-01 1.08e-01 2.19e-02
1.14e+00 1.08e+00 2.16e-02 1.08e+00 2.16e-02 8.57e-02 1.15e+01 1.84e+00 8.53e-01 4.21e-01 9.48e-02
1.14e+00 1.24e+00 4.42e-03 1.24e+00 4.85e-03 2.31e-99 1.55e-97 1.21e-02 1.21e-02 3.16e-03 3.16e-03
1.14e+00 1.05e+00 1.80e-02 1.05e+00 1.85e-02 2.20e-04 1.04e+01 2.53e+00 7.68e-01 6.64e-01 5.21e-02
1.13e+00 1.21e+00 1.12e-02 1.21e+00 1.12e-02 4.82e-09 4.86e-09 3.56e-01 2.25e-01 7.51e-02 1.07e-02
1.13e+00 1.06e+00 4.97e-02 1.05e+00 5.04e-02 1.27e-01 1.14e+01 1.12e+00 4.44e-01 2.11e-01 2.91e-02
1.14e+00 1.59e+00 6.84e-03 1.59e+00 6.93e-03 0.00e+00 0.00e+00 1.44e-05 5.65e-06 3.77e-06 5.07e-07
1.11e+00 1.06e+00 8.16e-03 1.06e+00 8.18e-03 3.02e-04 1.32e+01 6.05e+00 3.86e+00 2.83e+00 2.43e-01
1.14e+00 1.22e+00 5.03e-03 1.22e+00 6.52e-03 7.31e-92 1.65e-76 1.62e-02 1.11e-02 1.11e-02 1.11e-02
1.12e+00 1.21e+00 1.25e-02 1.21e+00 1.30e-02 2.83e-08 2.90e-08 8.87e-01 6.78e-01 4.28e-01 2.55e-02
1.14e+00 1.19e+00 2.47e-02 1.19e+00 2.49e-02 1.98e-01 3.69e-01 1.21e+00 6.48e-01 2.75e-01 5.64e-02
1.13e+00 1.15e+00 9.26e-02 1.20e+00 1.08e-01 1.90e-01 2.22e+00 2.10e-01 8.26e-02 5.88e-02 8.40e-03
1.14e+00 1.10e+00 1.81e-02 1.10e+00 1.85e-02 3.86e-01 2.08e+01 3.53e+00 2.04e+00 2.04e+00 1.95e-01
1.13e+00 1.02e+00 1.61e-02 1.02e+00 1.63e-02 4.19e-08 1.49e+01 3.45e+00 2.13e+00 7.62e-01 1.42e-01
1.14e+00 1.10e+00 1.68e-02 1.10e+00 1.71e-02 2.14e-01 1.84e+01 3.41e+00 1.81e+00 1.66e+00 3.79e-01
1.12e+00 1.18e+00 2.04e-02 1.18e+00 2.06e-02 3.54e-02 4.76e-02 1.26e+00 6.55e-01 4.39e-01 6.93e-02
1.13e+00 1.08e+00 1.75e-02 1.08e+00 1.79e-02 2.07e-02 9.39e+00 1.95e+00 8.73e-01 8.21e-01 1.13e-01
1.12e+00 1.10e+00 4.85e-02 1.08e+00 5.08e-02 2.03e+00 2.16e+01 1.89e+00 1.04e+00 5.84e-01 7.01e-02
1.14e+00 1.06e+00 1.90e-02 1.05e+00 1.99e-02 3.37e-03 1.05e+01 2.01e+00 8.52e-01 7.10e-01 7.74e-02
1.12e+00 1.01e+00 8.97e-02 9.60e-01 1.01e-01 3.81e-01 2.49e+01 3.51e+00 8.82e-01 4.80e-01 5.76e-02
1.14e+00 1.09e+00 1.60e-02 1.08e+00 1.78e-02 1.75e-02 2.18e+01 3.97e+00 2.22e+00 1.15e+00 2.15e-01
1.14e+00 1.22e+00 1.85e-03 1.22e+00 1.88e-03 2.37e-83 6.20e-60 1.62e-02 1.62e-02 1.62e-02 6.51e-04
1.11e+00 9.77e-01 2.53e-02 9.70e-01 2.62e-02 3.46e-05 2.22e+01 5.16e+00 3.47e+00 1.58e+00 4.23e-01
1.14e+00 1.07e+00 4.33e-02 1.07e+00 4.34e-02 3.39e-01 1.40e+01 1.20e+00 5.56e-01 2.89e-01 4.33e-02
1.14e+00 1.05e+00 2.91e-03 1.05e+00 2.93e-03 9.34e-34 2.56e+00 2.34e+00 2.34e+00 2.34e+00 7.05e-02
1.14e+00 1.24e+00 1.20e-02 1.24e+00 1.21e-02 2.54e-15 1.60e-03 6.68e-01 2.89e-01 2.89e-01 6.04e-02
1.11e+00 1.20e+00 2.58e-02 1.20e+00 2.59e-02 1.22e-02 1.90e-02 9.61e-01 6.10e-01 3.45e-01 4.93e-02
1.13e+00 1.04e+00 4.59e-03 1.04e+00 5.49e-03 7.60e-51 1.64e+00 1.14e+00 1.14e+00 4.99e-01 4.99e-01
1.13e+00 1.32e+00 2.14e-02 1.32e+00 2.18e-02 1.80e-12 2.15e-12 2.16e-02 1.32e-02 7.06e-03 1.03e-03
1.12e+00 1.16e+00 9.31e-02 1.22e+00 1.12e-01 7.16e-02 2.78e+00 4.53e-01 1.63e-01 9.58e-02 1.60e-02
1.15e+00 1.09e+00 3.51e-02 1.08e+00 3.56e-02 2.05e-01 1.22e+01 1.29e+00 6.98e-01 3.45e-01 3.00e-02
1.15e+00 1.05e+00 9.20e-03 1.05e+00 9.51e-03 6.31e-11 6.08e+00 2.69e+00 2.02e+00 8.39e-01 1.89e-01
1.12e+00 1.35e+00 4.72e-02 1.34e+00 4.75e-02 1.23e-06 3.24e-06 1.87e-02 9.58e-03 5.22e-03 8.49e-04
1.12e+00 1.04e+00 1.58e-03 1.04e+00 1.60e-03 9.34e-82 1.33e+00 1.29e+00 1.29e+00 1.29e+00 1.29e+00
1.11e+00 1.20e+00 4.80e-03 1.20e+00 5.10e-03 6.24e-56 6.24e-56 4.27e-01 4.27e-01 1.22e-01 2.58e-02
1.13e+00 1.12e+00 1.57e-02 1.12e+00 1.62e-02 2.40e+00 1.19e+01 3.05e+00 1.82e+00 1.04e+00 8.37e-02
1.15e+00 1.05e+00 6.36e-03 1.05e+00 7.44e-03 3.00e-24 4.78e+00 2.47e+00 1.95e+00 1.95e+00 9.95e-02
1.13e+00 1.04e+00 1.41e-02 1.04e+00 1.49e-02 6.86e-08 1.04e+01 2.67e+00 1.47e+00 6.08e-01 1.40e-01
1.13e+00 1.11e+00 4.02e-02 1.12e+00 4.06e-02 2.20e+00 1.71e+01 1.92e+00 8.69e-01 4.92e-01 1.03e-01
1.13e+00 1.05e+00 1.13e-02 1.05e+00 1.17e-02 4.95e-06 6.71e+00 2.70e+00 1.37e+00 6.64e-01 1.76e-01
1.12e+00 1.05e+00 1.03e-02 1.05e+00 1.04e-02 4.58e-07 6.50e+00 2.63e+00 1.15e+00 1.15e+00 6.61e-02
1.16e+00 1.22e+00 1.01e-02 1.22e+00 1.01e-02 4.65e-08 4.69e-08 3.03e-01 1.59e-01 1.59e-01 3.81e-02
1.13e+00 1.03e+00 3.21e-02 1.04e+00 3.52e-02 4.83e-03 1.52e+01 1.60e+00 6.92e-01 4.71e-01 8.02e-02
1.13e+00 1.42e+00 5.62e-03 1.42e+00 7.00e-03 4.02e-294 4.02e-294 5.56e-04 3.49e-04 3.49e-04 2.79e-05
1.14e+00 1.24e+00 9.98e-03 1.24e+00 1.01e-02 3.13e-11 8.42e-10 6.53e-02 2.82e-02 1.25e-02 6.24e-03
1.12e+00 1.59e+00 2.76e-01 1.65e+00 2.83e-01 1.12e-21 9.36e-06 1.55e-05 7.50e-06 3.29e-06 5.14e-07
1.13e+00 1.31e+00 5.90e-03 1.31e+00 5.91e-03 1.08e-171 1.08e-171 4.02e-03 4.02e-03 1.13e-03 8.69e-04
1.13e+00 1.31e+00 7.56e-03 1.30e+00 9.10e-03 8.06e-106 8.06e-106 4.10e-03 4.04e-03 4.04e-03 7.01e-04
1.15e+00 1.07e+00 2.59e-02 1.05e+00 3.01e-02 3.40e-02 1.42e+01 2.06e+00 8.05e-01 4.66e-01 5.83e-02
1.14e+00 1.06e+00 7.00e-02 1.04e+00 7.34e-02 1.14e-02 1.27e+01 1.79e+00 6.85e-01 2.36e-01 3.21e-02
1.12e+00 1.14e+00 9.55e-03 1.13e+00 1.16e-02 9.00e-01 1.05e+00 2.24e+00 2.10e+00 8.78e-01 1.69e-01
1.14e+00 1.13e+00 1.52e-02 1.13e+00 1.56e-02 1.11e+00 3.77e+00 1.13e+00 6.61e-01 4.01e-01 8.26e-02
1.14e+00 1.10e+00 2.73e-02 1.10e+00 2.73e-02 1.32e+00 2.62e+01 3.01e+00 1.76e+00 8.45e-01 1.65e-01
1.13e+00 1.44e+00 4.39e-03 1.44e+00 5.08e-03 0.00e+00 0.00e+00 3.76e-04 3.76e-04 1.30e-04 1.30e-04
1.12e+00 1.17e+00 3.29e-02 1.16e+00 3.54e-02 1.50e-01 2.51e-01 7.14e-01 3.57e-01 1.92e-01 2.35e-02
1.13e+00 1.12e+00 3.66e-02 1.13e+00 3.74e-02 2.47e+00 1.37e+01 2.01e+00 7.90e-01 4.89e-01 7.53e-02
1.13e+00 1.05e+00 9.68e-03 1.05e+00 1.01e-02 4.75e-08 6.43e+00 2.60e+00 2.22e+00 9.02e-01 2.22e-01
1.13e+00 1.03e+00 3.53e-02 1.03e+00 3.55e-02 3.44e-02 1.69e+01 1.97e+00 7.73e-01 4.96e-01 4.62e-02
1.12e+00 1.03e+00 8.03e-03 1.03e+00 8.13e-03 1.43e-21 6.24e+00 2.94e+00 1.99e+00 1.06e+00 1.03e-01
1.11e+00 1.13e+00 1.99e-02 1.13e+00 2.03e-02 1.47e+00 2.68e+00 2.24e+00 1.22e+00 6.60e-01 1.03e-01
1.13e+00 1.05e+00 1.58e-02 1.05e+00 1.63e-02 1.52e-04 1.11e+01 2.38e+00 1.54e+00 7.35e-01 2.26e-01
1.13e+00 1.17e+00 1.07e-02 1.17e+00 1.14e-02 1.21e-03 1.24e-03 6.32e-01 2.76e-01 2.57e-01 2.54e-02
1.13e+00 1.05e+00 1.06e-02 1.05e+00 1.06e-02 1.25e-07 6.36e+00 2.60e+00 1.34e+00 1.34e+00 1.18e-01
1.12e+00 1.12e+00 5.08e-02 1.12e+00 5.08e-02 1.80e+00 1.35e+01 1.41e+00 6.09e-01 4.09e-01 5.45e-02
1.14e+00 1.19e+00 6.24e-02 1.22e+00 6.72e-02 5.24e-03 2.89e-01 1.99e-01 7.70e-02 3.38e-02 4.67e-03
1.12e+00 1.22e+00 1.62e-02 1.22e+00 1.65e-02 4.62e-06 1.66e-05 8.12e-01 3.87e-01 2.37e-01 8.22e-02
1.14e+00 1.05e+00 4.31e-03 1.05e+00 4.73e-03 2.16e-30 2.97e+00 2.31e+00 2.31e+00 6.26e-01 6.26e-01
1.13e+00 1.12e+00 3.68e-02 1.13e+00 3.84e-02 2.58e+00 1.62e+01 2.15e+00 9.21e-01 5.84e-01 1.04e-01
1.13e+00 1.24e+00 1.02e-02 1.24e+00 1.09e-02 1.79e-17 5.93e-04 6.38e-01 3.94e-01 1.60e-01 1.92e-02
1.12e+00 1.19e+00 2.08e-02 1.19e+00 2.09e-02 1.16e-02 1.54e-02 1.25e+00 5.41e-01 4.74e-01 5.19e-02
1.10e+00 1.09e+00 4.07e-02 1.08e+00 4.23e-02 2.84e+00 2.11e+01 2.63e+00 1.16e+00 6.11e-01 9.16e-02
1.13e+00 1.59e+00 6.10e-02 1.61e+00 6.53e-02 5.10e-32 2.37e-12 4.62e-05 1.89e-05 1.10e-05 2.43e-06
1.11e+00 1.00e+00 1.65e-02 1.00e+00 1.67e-02 8.86e-09 1.89e+01 4.10e+00 1.83e+00 1.20e+00 1.78e-01
1.13e+00 1.31e+00 7.45e-03 1.31e+00 7.46e-03 2.12e-109 2.12e-109 4.02e-03 2.08e-03 1.54e-03 1.62e-04
1.13e+00 1.58e+00 5.91e-02 1.56e+00 6.15e-02 7.96e-20 2.07e-07 8.43e-05 3.69e-05 2.11e-05 3.16e-06
1.11e+00 1.10e+00 6.95e-02 1.05e+00 8.46e-02 1.95e-02 3.26e+00 5.20e-01 1.94e-01 1.09e-01 1.32e-02
1.14e+00 1.06e+00 1.12e-02 1.05e+00 1.40e-02 3.84e-08 7.26e+00 2.54e+00 1.31e+00 5.87e-01 1.02e-01
1.11e+00 1.22e+00 5.31e-03 1.22e+00 6.78e-03 3.90e-60 3.11e-45 1.62e-02 1.23e-02 1.23e-02 1.23e-02
1.11e+00 1.13e+00 2.61e-02 1.13e+00 2.65e-02 9.90e-01 2.83e+00 9.39e-01 4.64e-01 2.54e-01 4.42e-02
1.12e+00 1.05e+00 1.06e-02 1.05e+00 1.07e-02 2.52e-06 6.39e+00 2.60e+00 1.40e+00 1.40e+00 1.18e-01
1.15e+00 1.30e+00 4.63e-03 1.30e+00 4.68e-03 1.95e-171 1.95e-171 4.74e-03 4.74e-03 8.82e-04 4.53e-04
1.14e+00 1.26e+00 1.19e-02 1.26e+00 1.19e-02 4.68e-12 7.49e-12 3.83e-02 3.24e-02 1.36e-02 2.72e-03
1.14e+00 1.33e+00 6.87e-02 1.37e+00 7.78e-02 2.05e-04 3.16e-04 1.19e-02 4.36e-03 2.45e-03 5.35e-04
1.11e+00 1.53e+00 1.62e-01 1.44e+00 1.88e-01 3.56e-26 4.41e-08 3.78e-06 6.29e-07 2.80e-07 4.66e-08
1.13e+00 1.18e+00 5.23e-02 1.19e+00 5.35e-02 4.61e-01 1.81e+00 7.75e-01 3.65e-01 2.10e-01 2.00e-02
1.15e+00 1.13e+00 3.49e-02 1.13e+00 3.49e-02 2.13e+00 1.51e+01 1.82e+00 7.95e-01 5.90e-01 8.43e-02
1.14e+00 1.06e+00 3.22e-02 1.05e+00 3.27e-02 5.73e-02 1.15e+01 1.56e+00 6.67e-01 4.39e-01 3.66e-02
1.13e+00 1.05e+00 2.93e-02 1.05e+00 2.93e-02 1.30e-01 3.45e+01 4.52e+00 1.60e+00 9.99e-01 1.58e-01
1.13e+00 1.14e+00 4.84e-02 1.14e+00 4.84e-02 1.24e+00 7.81e+00 1.02e+00 4.20e-01 3.01e-01 5.01e-02
1.12e+00 1.68e+00 2.18e-02 1.68e+00 2.18e-02 2.01e-127 3.94e-40 1.73e-06 8.36e-07 4.18e-07 6.27e-08
1.15e+00 1.45e+00 7.34e-03 1.45e+00 7.40e-03 0.00e+00 0.00e+00 3.08e-04 3.08e-04 3.08e-04 2.01e-05
1.13e+00 1.25e+00 5.30e-03 1.24e+00 7.37e-03 7.37e-64 1.51e-63 1.08e-02 1.04e-02 1.04e-02 1.04e-02
1.11e+00 1.44e+00 2.26e-02 1.44e+00 2.30e-02 6.31e-22 1.42e-11 3.32e-03 1.66e-03 7.88e-04 1.24e-04
1.12e+00 1.19e+00 5.03e-02 1.21e+00 5.36e-02 7.08e-02 4.85e-01 8.45e-01 2.85e-01 1.90e-01 2.37e-02
1.14e+00 1.04e+00 1.61e-02 1.04e+00 1.65e-02 8.29e-11 7.67e+00 2.99e+00 1.25e+00 8.86e-01 1.80e-01
1.14e+00 1.45e+00 1.94e-03 1.45e+00 1.97e-03 0.00e+00 0.00e+00 3.08e-04 3.08e-04 3.08e-04 1.24e-05
1.13e+00 1.29e+00 4.61e-02 1.27e+00 5.10e-02 5.31e-05 9.45e-05 9.38e-02 4.25e-02 2.24e-02 3.54e-03
1.14e+00 1.41e+00 7.38e-03 1.41e+00 8.00e-03 2.22e-164 2.22e-164 6.74e-04 4.44e-04 4.44e-04 6.10e-05
1.14e+00 1.03e+00 3.98e-02 1.03e+00 3.98e-02 3.77e-07 1.34e+01 3.14e+00 2.22e+00 1.04e+00 8.53e-02
1.13e+00 1.03e+00 1.37e-02 1.03e+00 1.39e-02 8.88e-10 1.19e+01 2.93e+00 1.46e+00 8.68e-01 1.36e-01
1.11e+00 1.02e+00 9.85e-02 9.70e-01 1.09e-01 4.27e-03 2.24e+01 4.47e+00 2.58e+00 8.77e-01 8.22e-02
1.11e+00 1.24e+00 6.61e-03 1.24e+00 7.82e-03 2.39e-64 5.89e-62 1.21e-02 8.51e-03 8.51e-03 1.09e-03
1.11e+00 1.04e+00 2.31e-02 1.03e+00 2.37e-02 1.69e-02 1.71e+01 2.46e+00 9.67e-01 8.73e-01 7.79e-02
1.13e+00 1.03e+00 7.61e-02 1.00e+00 8.05e-02 3.57e-02 1.89e+01 1.69e+00 6.41e-01 3.63e-01 3.20e-02
1.13e+00 1.19e+00 1.86e-02 1.20e+00 1.98e-02 1.03e-02 1.32e-02 1.30e+00 5.28e-01 5.28e-01 4.68e-02
1.12e+00 1.06e+00 2.24e-02 1.05e+00 2.32e-02 1.41e-01 3.02e+01 4.67e+00 2.54e+00 1.30e+00 1.77e-01
1.13e+00 1.11e+00 1.01e-01 1.05e+00 1.20e-01 2.34e-02 8.72e+00 1.15e+00 3.29e-01 1.80e-01 2.25e-02
1.12e+00 1.05e+00 4.92e-02 1.05e+00 4.93e-02 9.85e-01 2.84e+01 2.42e+00 8.90e-01 5.11e-01 7.29e-02
1.12e+00 1.19e+00 1.69e-02 1.19e+00 1.69e-02 1.02e-03 1.17e-03 4.97e-01 2.27e-01 1.20e-01 3.28e-02
1.13e+00 1.06e+00 3.89e-02 1.04e+00 4.20e-02 2.66e-01 1.73e+01 1.72e+00 8.03e-01 3.72e-01 4.89e-02
1.12e+00 1.23e+00 1.41e-02 1.22e+00 1.53e-02 1.37e-08 2.47e-03 8.79e-01 4.32e-01 4.32e-01 3.40e-02
1.15e+00 1.03e+00 1.35e-02 1.03e+00 1.37e-02 2.54e-08 1.13e+01 2.59e+00 1.39e+00 7.94e-01 1.69e-01
1.15e+00 1.13e+00 2.24e-02 1.13e+00 2.26e-02 2.41e+00 1.31e+01 2.58e+00 1.36e+00 7.36e-01 9.60e-02
1.12e+00 1.20e+00 4.74e-02 1.21e+00 4.78e-02 9.11e-02 2.38e-01 3.50e-01 1.53e-01 8.16e-02 8.59e-03
1.12e+00 1.01e+00 1.89e-02 1.01e+00 1.93e-02 3.55e-05 1.81e+01 2.86e+00 1.50e+00 7.79e-01 1.85e-01
1.15e+00 1.16e+00 9.29e-02 1.22e+00 1.13e-01 7.29e-02 3.60e+00 4.85e-01 1.87e-01 1.04e-01 1.53e-02
1.12e+00 1.07e+00 5.86e-02 1.05e+00 6.05e-02 1.56e+00 3.38e+01 2.13e+00 9.32e-01 5.54e-01 6.75e-02
1.13e+00 1.21e+00 1.17e-02 1.21e+00 1.24e-02 1.23e-09 1.25e-09 3.03e-01 1.66e-01 1.41e-01 2.80e-02
1.15e+00 1.60e+00 8.23e-03 1.60e+00 8.51e-03 0.00e+00 0.00e+00 1.14e-05 7.83e-06 4.12e-06 1.09e-06
1.15e+00 1.37e+00 8.12e-03 1.37e+00 9.12e-03 6.89e-106 6.89e-106 1.41e-03 1.19e-03 3.39e-04 2.40e-04
1.14e+00 1.26e+00 4.32e-03 1.26e+00 4.65e-03 1.82e-124 1.84e-124 8.94e-03 8.94e-03 2.20e-03 2.20e-03
1.15e+00 1.18e+00 7.17e-02 1.21e+00 7.80e-02 4.83e-02 9.78e-01 2.14e-01 7.04e-02 4.47e-02 6.77e-03
1.14e+00 1.14e+00 3.22e-02 1.14e+00 3.25e-02 2.14e+00 9.23e+00 1.67e+00 8.08e-01 5.28e-01 9.70e-02
1.13e+00 1.23e+00 1.13e-02 1.23e+00 1.14e-02 3.28e-11 3.34e-11 6.90e-01 6.07e-01 2.04e-01 3.92e-02
1.14e+00 1.04e+00 4.22e-03 1.04e+00 4.74e-03 8.25e-46 3.20e+00 2.48e+00 2.48e+00 7.11e-01 7.11e-01
1.14e+00 1.07e+00 1.80e-02 1.07e+00 1.80e-02 1.40e-02 2.50e+01 5.48e+00 2.46e+00 1.41e+00 2.05e-01
1.11e+00 1.21e+00 1.80e-02 1.21e+00 1.80e-02 6.67e-06 7.24e-06 8.81e-01 5.61e-01 2.83e-01 7.87e-02
1.12e+00 1.11e+00 1.05e-01 1.03e+00 1.29e-01 1.57e-02 7.73e+00 7.49e-01 3.61e-01 2.26e-01 2.69e-02
1.13e+00 1.05e+00 1.48e-02 1.04e+00 1.61e-02 1.96e-05 1.05e+01 2.88e+00 1.38e+00 7.41e-01 1.60e-01
1.12e+00 1.02e+00 1.15e-02 1.02e+00 1.16e-02 6.29e-14 9.89e+00 2.45e+00 2.40e+00 8.83e-01 1.67e-01
1.14e+00 1.06e+00 4.06e-02 1.06e+00 4.09e-02 6.55e-01 2.91e+01 2.61e+00 1.04e+00 5.71e-01 9.79e-02
1.13e+00 1.21e+00 4.46e-03 1.21e+00 5.24e-03 4.44e-80 2.50e-28 1.87e-02 1.87e-02 7.13e-03 7.13e-03
1.12e+00 1.32e+00 6.70e-02 1.34e+00 6.90e-02 3.14e-04 1.03e-03 1.85e-02 8.43e-03 4.59e-03 7.44e-04
1.13e+00 1.24e+00 1.23e-02 1.24e+00 1.27e-02 2.27e-12 2.30e-12 2.08e-01 1.47e-01 9.27e-02 2.52e-02
1.14e+00 1.07e+00 1.87e-02 1.06e+00 2.05e-02 8.65e-03 1.23e+01 2.28e+00 1.25e+00 8.52e-01 1.00e-01
1.14e+00 1.24e+00 1.07e-02 1.24e+00 1.08e-02 2.54e-15 3.91e-10 6.86e-01 2.93e-01 1.34e-01 2.41e-02
1.12e+00 1.22e+00 1.72e-02 1.22e+00 1.75e-02 9.86e-18 2.25e-04 1.70e-02 1.70e-02 1.70e-02 2.82e-03
1.14e+00 1.19e+00 5.66e-02 1.18e+00 5.84e-02 2.67e-01 8.78e-01 3.01e-01 1.40e-01 7.20e-02 9.48e-03
1.12e+00 1.07e+00 2.72e-02 1.06e+00 2.81e-02 6.32e-01 2.76e+01 4.22e+00 1.54e+00 1.12e+00 1.15e-01
1.15e+00 1.17e+00 3.88e-02 1.19e+00 4.21e-02 7.95e-01 2.97e+00 8.90e-01 4.28e-01 2.52e-01 3.51e-02
1.14e+00 1.70e+00 2.44e-02 1.69e+00 2.54e-02 1.23e-93 1.37e-31 1.05e-06 4.63e-07 2.53e-07 5.41e-08
1.15e+00 1.05e+00 6.58e-02 1.04e+00 6.62e-02 6.31e-03 1.56e+01 1.74e+00 8.10e-01 5.01e-01 3.20e-02
1.14e+00 1.05e+00 1.79e-02 1.05e+00 1.86e-02 7.53e-04 1.17e+01 2.34e+00 8.81e-01 8.81e-01 8.66e-02
1.12e+00 1.01e+00 4.90e-02 1.01e+00 4.92e-02 1.21e-01 1.90e+01 1.72e+00 9.31e-01 3.66e-01 4.19e-02
1.14e+00 1.21e+00 2.45e-02 1.21e+00 2.46e-02 2.75e-02 4.28e-02 1.01e+00 5.12e-01 2.42e-01 3.85e-02
1.11e+00 1.02e+00 1.27e-02 1.02e+00 1.27e-02 3.02e-10 1.12e+01 2.69e+00 1.20e+00 8.57e-01 1.20e-01
1.11e+00 1.11e+00 1.20e-02 1.11e+00 1.21e-02 2.83e+00 5.42e+00 3.16e+00 2.08e+00 8.72e-01 2.54e-01
1.11e+00 1.20e+00 6.54e-02 1.22e+00 6.96e-02 9.39e-02 3.47e-01 1.01e-01 5.58e-02 3.35e-02 6.82e-03
1.14e+00 1.11e+00 7.18e-03 1.11e+00 7.19e-03 3.03e-04 1.63e+00 9.44e-01 3.42e-01 2.94e-01 3.32e-02
1.14e+00 1.04e+00 7.34e-03 1.04e+00 8.02e-03 2.34e-16 5.43e+00 2.81e+00 1.88e+00 1.88e+00 2.12e-01
1.14e+00 1.11e+00 4.98e-02 1.09e+00 5.21e-02 5.76e-01 1.21e+01 1.09e+00 5.03e-01 2.79e-01 3.49e-02
1.12e+00 1.03e+00 1.31e-02 1.03e+00 1.32e-02 1.69e-09 1.06e+01 2.96e+00 1.08e+00 8.93e-01 2.39e-01
1.14e+00 1.12e+00 1.46e-02 1.13e+00 1.56e-02 1.31e+00 9.69e+00 2.63e+00 1.56e+00 6.55e-01 1.60e-01
1.14e+00 1.21e+00 3.11e-02 1.22e+00 3.32e-02 6.28e-02 1.57e-01 6.09e-01 2.60e-01 1.63e-01 2.33e-02
1.12e+00 1.11e+00 1.61e-02 1.11e+00 1.63e-02 3.20e+00 1.11e+01 3.31e+00 2.15e+00 7.51e-01 1.88e-01
1.13e+00 1.09e+00 4.57e-02 1.07e+00 4.82e-02 1.78e-01 1.44e+01 1.92e+00 1.11e+00 4.30e-01 3.39e-02
1.15e+00 1.66e+00 4.01e-02 1.66e+00 4.01e-02 1.14e-33 3.54e-12 1.29e-05 5.14e-06 3.35e-06 4.68e-07
1.12e+00 1.05e+00 4.98e-03 1.05e+00 6.26e-03 2.74e-29 3.48e+00 2.12e+00 1.35e+00 1.35e+00 1.35e+00
1.13e+00 1.27e+00 4.21e-02 1.26e+00 4.43e-02 2.04e-04 3.76e-04 1.56e-01 5.33e-02 2.95e-02 3.81e-03
1.11e+00 1.11e+00 7.58e-02 1.05e+00 9.69e-02 1.42e-32 3.79e-02 2.45e-02 2.16e-02 1.35e-02 2.70e-03
1.14e+00 1.45e+00 4.95e-03 1.45e+00 6.47e-03 0.00e+00 0.00e+00 3.08e-04 2.20e-04 2.20e-04 2.20e-04
1.14e+00 1.05e+00 3.13e-02 1.04e+00 3.20e-02 2.51e-02 1.36e+01 1.67e+00 8.23e-01 4.96e-01 4.22e-02
1.11e+00 1.05e+00 2.06e-02 1.04e+00 2.28e-02 4.78e-02 1.59e+01 2.62e+00 1.11e+00 1.09e+00 1.60e-01
1.11e+00 1.03e+00 2.20e-02 1.03e+00 2.20e-02 3.15e-03 1.75e+01 2.89e+00 1.24e+00 6.37e-01 1.01e-01
1.14e+00 1.23e+00 3.01e-02 1.24e+00 3.18e-02 5.51e-04 1.07e-02 8.17e-02 2.87e-02 2.71e-02 2.46e-03
1.13e+00 1.13e+00 4.28e-02 1.14e+00 4.31e-02 1.71e+00 9.29e+00 1.39e+00 6.21e-01 3.99e-01 5.33e-02
1.13e+00 1.06e+00 4.14e-02 1.05e+00 4.33e-02 2.91e-01 1.17e+01 1.08e+00 5.02e-01 2.64e-01 2.58e-02
1.11e+00 1.02e+00 2.43e-02 1.02e+00 2.44e-02 1.40e-02 1.80e+01 2.80e+00 1.28e+00 7.07e-01 9.87e-02
1.12e+00 1.70e+00 1.88e-02 1.70e+00 1.89e-02 2.92e-181 1.13e-47 7.86e-07 5.21e-07 2.21e-07 3.91e-08
1.15e+00 1.20e+00 2.27e-02 1.21e+00 2.37e-02 1.01e-01 1.82e-01 9.90e-01 5.54e-01 2.88e-01 4.53e-02
1.13e+00 1.07e+00 3.46e-02 1.05e+00 3.82e-02 1.19e-01 1.07e+01 1.31e+00 6.13e-01 3.80e-01 2.59e-02
1.11e+00 1.46e+00 6.52e-02 1.44e+00 6.76e-02 4.00e-12 9.88e-06 1.71e-03 5.47e-04 2.84e-04 3.28e-05
1.15e+00 1.44e+00 5.18e-01 1.65e+00 5.61e-01 4.44e-13 4.48e-05 1.37e-05 4.84e-06 2.79e-06 4.65e-07
1.13e+00 1.04e+00 1.07e-02 1.04e+00 1.14e-02 8.33e-08 7.69e+00 2.96e+00 1.04e+00 7.73e-01 1.78e-01
1.14e+00 1.25e+00 3.85e-02 1.25e+00 3.85e-02 3.05e-03 1.96e-02 1.04e-01 4.73e-02 3.02e-02 2.63e-03
1.12e+00 1.43e+00 1.59e-02 1.42e+00 1.70e-02 1.62e-30 2.72e-17 3.90e-03 2.15e-03 1.38e-03 2.36e-04
1.15e+00 1.21e+00 2.66e-02 1.21e+00 2.68e-02 1.36e-01 2.77e-01 9.28e-01 5.05e-01 2.55e-01 3.06e-02
1.11e+00 1.08e+00 4.43e-02 1.07e+00 4.50e-02 1.99e+00 2.71e+01 2.39e+00 1.10e+00 5.87e-01 7.73e-02
1.15e+00 1.04e+00 9.57e-03 1.04e+00 9.96e-03 1.73e-13 6.88e+00 2.98e+00 2.24e+00 9.12e-01 7.47e-02
1.14e+00 1.46e+00 4.43e-02 1.45e+00 4.48e-02 2.10e-12 2.56e-10 3.56e-03 1.21e-03 7.25e-04 1.10e-04
1.14e+00 1.07e+00 3.74e-02 1.05e+00 4.03e-02 1.02e-01 1.20e+01 1.54e+00 6.19e-01 3.97e-01 2.90e-02
1.15e+00 9.73e-01 4.67e-03 9.70e-01 5.66e-03 2.34e-108 2.36e+00 1.61e+00 1.61e+00 7.60e-01 7.60e-01
1.15e+00 1.07e+00 2.20e-02 1.07e+00 2.21e-02 1.11e-02 1.33e+01 1.97e+00 1.18e+00 4.36e-01 6.88e-02
1.17e+00 1.16e+00 3.55e-02 1.16e+00 3.55e-02 1.54e+00 9.88e+00 1.28e+00 6.54e-01 3.86e-01 6.30e-02
1.17e+00 1.26e+00 1.35e-02 1.25e+00 1.47e-02 8.53e-07 5.68e-06 8.00e-02 4.94e-02 4.94e-02 4.49e-03
1.15e+00 1.13e+00 9.78e-03 1.13e+00 1.07e-02 5.39e-01 5.49e+00 2.39e+00 1.72e+00 6.24e-01 9.60e-02
1.21e+00 1.68e+00 9.28e-03 1.68e+00 9.46e-03 0.00e+00 2.25e-184 1.56e-06 9.78e-07 5.79e-07 1.17e-07
1.20e+00 1.22e+00 2.53e-02 1.22e+00 2.53e-02 6.04e-01 1.51e+00 7.77e-01 3.77e-01 2.19e-01 3.26e-02
1.19e+00 1.73e+00 2.70e-02 1.72e+00 2.77e-02 4.54e-78 1.26e-22 1.77e-06 8.78e-07 4.99e-07 6.50e-08
1.15e+00 1.11e+00 3.30e-02 1.12e+00 3.34e-02 1.51e+00 2.07e+01 2.08e+00 1.09e+00 7.10e-01 1.09e-01
1.19e+00 1.43e+00 6.44e-03 1.43e+00 6.68e-03 6.26e-205 6.26e-205 4.58e-04 2.55e-04 2.55e-04 1.10e-04
1.15e+00 1.30e+00 4.77e-03 1.30e+00 5.23e-03 7.90e-154 7.90e-154 4.74e-03 4.74e-03 1.57e-03 1.91e-04
1.15e+00 1.16e+00 2.44e-02 1.17e+00 2.51e-02 1.40e+00 3.55e+00 1.59e+00 8.40e-01 4.30e-01 7.64e-02
1.16e+00 1.12e+00 7.77e-03 1.12e+00 8.35e-03 2.39e-05 5.00e+00 2.26e+00 1.82e+00 6.94e-01 2.16e-01
1.20e+00 1.10e+00 2.37e-02 1.10e+00 2.39e-02 9.91e-04 8.40e+00 1.29e+00 5.94e-01 3.89e-01 4.24e-02
1.15e+00 1.42e+00 6.61e-03 1.42e+00 8.10e-03 1.31e-177 1.31e-177 5.57e-04 3.78e-04 3.78e-04 3.08e-05
1.16e+00 1.04e+00 1.88e-02 1.04e+00 1.88e-02 1.60e-09 1.44e+01 2.97e+00 1.61e+00 8.60e-01 9.38e-02
1.19e+00 1.39e+00 6.12e-03 1.39e+00 7.18e-03 1.18e-209 1.18e-209 9.83e-04 7.76e-04 7.76e-04 1.14e-04
1.16e+00 1.29e+00 8.79e-03 1.28e+00 1.04e-02 2.49e-51 2.51e-51 6.15e-03 6.06e-03 1.92e-03 1.55e-03
1.15e+00 1.22e+00 2.48e-02 1.22e+00 2.52e-02 2.30e-02 4.25e-02 7.49e-01 2.91e-01 2.73e-01 2.20e-02
1.15e+00 1.52e+00 6.89e-02 1.46e+00 8.95e-02 9.13e-14 8.23e-07 2.26e-04 1.18e-04 7.10e-05 8.52e-06
1.17e+00 1.23e+00 2.19e-02 1.23e+00 2.19e-02 2.61e-02 4.32e-02 7.17e-01 2.96e-01 2.53e-01 1.95e-02
1.19e+00 1.70e+00 9.39e-03 1.70e+00 9.78e-03 0.00e+00 3.07e-232 8.82e-07 4.74e-07 4.74e-07 6.04e-08
1.17e+00 1.21e+00 4.48e-02 1.23e+00 4.75e-02 1.55e-01 6.21e-01 2.77e-01 1.16e-01 6.83e-02 6.83e-03
1.17e+00 1.19e+00 2.85e-02 1.20e+00 2.96e-02 7.11e-01 2.07e+00 9.28e-01 5.03e-01 2.69e-01 3.59e-02
1.17e+00 1.06e+00 1.74e-02 1.05e+00 1.96e-02 3.84e-05 8.92e+00 2.83e+00 1.20e+00 7.26e-01 8.55e-02
1.20e+00 1.25e+00 1.57e-02 1.25e+00 1.57e-02 6.48e-03 1.02e-02 2.24e-01 1.16e-01 7.65e-02 4.64e-03
1.18e+00 1.07e+00 1.65e-02 1.07e+00 1.69e-02 1.38e-06 9.25e+00 2.02e+00 9.70e-01 6.64e-01 2.21e-01
1.15e+00 1.22e+00 5.10e-02 1.24e+00 5.38e-02 5.62e-03 2.35e-01 6.36e-01 2.71e-01 1.49e-01 1.49e-02
1.21e+00 1.74e+00 7.67e-03 1.75e+00 1.04e-02 0.00e+00 0.00e+00 2.40e-07 2.18e-07 2.18e-07 1.08e-08
1.15e+00 1.05e+00 2.44e-02 1.05e+00 2.44e-02 3.48e-03 1.68e+01 2.46e+00 1.26e+00 7.12e-01 1.21e-01
1.18e+00 1.23e+00 2.62e-02 1.23e+00 2.62e-02 8.22e-02 1.58e-01 7.05e-01 3.47e-01 2.07e-01 2.26e-02
1.19e+00 1.16e+00 2.95e-02 1.15e+00 3.25e-02 6.02e-01 5.52e+00 7.34e-01 4.07e-01 2.51e-01 3.31e-02
1.18e+00 1.21e+00 2.84e-03 1.21e+00 2.88e-03 3.37e-09 3.37e-09 1.87e-02 1.87e-02 1.87e-02 1.41e-03
1.20e+00 1.44e+00 6.93e-04 1.44e+00 6.94e-04 0.00e+00 0.00e+00 3.76e-04 3.76e-04 3.76e-04 3.76e-04
1.19e+00 1.06e+00 1.52e-02 1.05e+00 1.84e-02 1.12e-03 9.56e+00 2.43e+00 1.15e+00 9.98e-01 1.11e-01
1.16e+00 1.05e+00 1.42e-02 1.05e+00 1.45e-02 1.12e-06 9.07e+00 2.87e+00 1.05e+00 5.20e-01 1.16e-01
1.18e+00 1.08e+00 4.81e-02 1.06e+00 5.17e-02 6.65e-02 7.14e+00 1.49e+00 8.06e-01 2.35e-01 3.13e-02
1.16e+00 1.04e+00 1.11e-02 1.04e+00 1.11e-02 1.78e-15 7.19e+00 2.89e+00 1.48e+00 4.65e-01 1.16e-01
1.18e+00 1.20e+00 6.96e-02 1.23e+00 7.50e-02 1.88e-01 1.22e+00 5.61e-01 2.27e-01 1.15e-01 1.39e-02
1.20e+00 1.41e+00 2.55e-02 1.41e+00 2.58e-02 5.83e-09 9.47e-09 6.00e-03 3.08e-03 1.49e-03 3.65e-04
1.19e+00 1.18e+00 2.09e-02 1.17e+00 2.17e-02 4.50e-01 3.07e+00 5.88e-01 3.34e-01 1.51e-01 3.79e-02
1.16e+00 1.15e+00 3.79e-02 1.15e+00 3.79e-02 1.73e+00 1.13e+01 1.44e+00 7.07e-01 3.49e-01 8.05e-02
1.19e+00 1.19e+00 1.41e-02 1.19e+00 1.48e-02 1.13e+00 3.77e+00 1.07e+00 6.09e-01 2.60e-01 4.11e-02
1.15e+00 1.26e+00 1.21e-02 1.26e+00 1.24e-02 1.19e-09 3.16e-09 5.89e-02 3.12e-02 3.12e-02 3.22e-03
1.16e+00 1.14e+00 7.44e-02 1.22e+00 1.10e-01 1.22e-02 1.67e+00 1.84e-01 9.31e-02 5.37e-02 8.36e-03
1.16e+00 1.24e+00 5.34e-03 1.24e+00 5.95e-03 8.26e-31 8.26e-31 4.78e-01 4.78e-01 1.56e-01 1.44e-02
1.15e+00 1.04e+00 2.01e-02 1.04e+00 2.01e-02 2.60e-06 1.42e+01 2.57e+00 9.28e-01 8.66e-01 1.24e-01
1.20e+00 1.07e+00 1.98e-02 1.07e+00 2.00e-02 3.05e-06 2.60e+01 5.05e+00 2.91e+00 1.13e+00 1.98e-01
1.15e+00 1.22e+00 6.04e-03 1.22e+00 6.36e-03 7.39e-24 9.83e-14 4.65e-02 4.65e-02 1.40e-02 2.10e-03
1.15e+00 1.07e+00 2.33e-02 1.06e+00 2.44e-02 1.03e-02 1.31e+01 2.06e+00 1.23e+00 4.93e-01 6.73e-02
1.17e+00 1.67e+00 9.83e-03 1.67e+00 9.93e-03 0.00e+00 4.09e-210 2.01e-06 1.26e-06 1.26e-06 1.82e-07
1.17e+00 1.28e+00 1.99e-02 1.27e+00 2.12e-02 1.13e-04 2.82e-04 6.20e-02 2.93e-02 1.43e-02 2.18e-03
1.18e+00 1.33e+00 1.06e-02 1.33e+00 1.06e-02 5.03e-18 5.12e-18 3.02e-03 1.69e-03 5.77e-04 7.60e-05
1.19e+00 1.05e+00 3.13e-02 1.05e+00 3.13e-02 1.65e-02 1.12e+01 1.54e+00 7.47e-01 4.62e-01 3.93e-02
1.18e+00 1.10e+00 3.38e-02 1.11e+00 3.42e-02 7.28e-02 8.34e+00 9.17e-01 3.58e-01 3.53e-01 3.69e-02
1.17e+00 1.29e+00 7.45e-03 1.29e+00 7.45e-03 3.76e-58 3.76e-58 5.60e-03 2.42e-03 2.28e-03 1.69e-04
1.16e+00 1.36e+00 1.49e-02 1.37e+00 1.58e-02 4.70e-37 4.74e-37 5.37e-03 3.28e-03 1.46e-03 3.58e-04
1.15e+00 1.06e+00 3.63e-02 1.05e+00 3.87e-02 1.83e-01 2.44e+01 2.57e+00 1.01e+00 5.15e-01 7.80e-02
1.17e+00 1.05e+00 1.27e-02 1.05e+00 1.32e-02 8.02e-10 8.11e+00 2.78e+00 1.66e+00 9.64e-01 8.38e-02
1.19e+00 1.69e+00 8.78e-03 1.69e+00 8.81e-03 0.00e+00 4.79e-215 1.20e-06 7.42e-07 5.07e-07 7.85e-08
1.20e+00 1.16e+00 2.33e-02 1.16e+00 2.37e-02 2.10e-01 4.58e+00 6.73e-01 2.88e-01 2.84e-01 4.23e-02
1.19e+00 1.04e+00 7.67e-03 1.04e+00 7.90e-03 2.41e-19 4.99e+00 2.70e+00 1.38e+00 6.65e-01 1.76e-01
1.19e+00 1.16e+00 4.81e-02 1.18e+00 5.05e-02 8.57e-01 8.13e+00 7.05e-01 3.18e-01 1.91e-01 2.73e-02
1.19e+00 1.15e+00 3.13e-02 1.15e+00 3.13e-02 1.08e+00 1.67e+01 1.85e+00 1.02e+00 6.38e-01 6.60e-02
1.16e+00 1.05e+00 1.48e-02 1.05e+00 1.48e-02 9.56e-08 1.02e+01 2.61e+00 1.10e+00 9.40e-01 8.54e-02
1.20e+00 1.61e+00 4.78e-02 1.61e+00 4.80e-02 6.94e-24 1.33e-10 4.37e-05 1.96e-05 1.11e-05 1.59e-06
1.16e+00 1.43e+00 1.39e-02 1.43e+00 1.39e-02 5.68e-36 5.76e-36 2.17e-03 9.54e-04 9.42e-04 1.61e-04
1.19e+00 1.38e+00 6.48e-03 1.38e+00 6.82e-03 3.19e-128 3.19e-128 1.18e-03 6.36e-04 6.36e-04 2.26e-04
1.14e+00 1.14e+00 3.71e-02 1.13e+00 3.79e-02 1.98e+00 1.19e+01 1.72e+00 8.95e-01 4.84e-01 6.18e-02
1.16e+00 1.01e+00 7.58e-02 9.90e-01 7.94e-02 5.88e-02 2.03e+01 1.65e+00 6.71e-01 3.25e-01 3.15e-02
1.20e+00 1.05e+00 8.39e-03 1.05e+00 8.77e-03 1.09e-13 5.51e+00 2.54e+00 1.90e+00 7.14e-01 1.27e-01
1.18e+00 1.08e+00 1.95e-02 1.08e+00 1.96e-02 6.99e-04 9.57e+00 1.63e+00 6.62e-01 5.92e-01 9.03e-02
1.15e+00 1.09e+00 3.14e-02 1.09e+00 3.16e-02 2.22e-01 1.07e+01 1.21e+00 6.85e-01 3.35e-01 4.11e-02
1.17e+00 1.63e+00 1.03e-02 1.63e+00 1.09e-02 0.00e+00 4.60e-197 5.36e-06 2.57e-06 1.52e-06 2.49e-07
1.15e+00 1.27e+00 1.00e-02 1.27e+00 1.05e-02 6.14e-14 7.52e-14 1.82e-02 7.50e-03 7.50e-03 8.24e-04
1.16e+00 1.05e+00 6.55e-03 1.05e+00 7.57e-03 5.43e-30 4.93e+00 2.47e+00 2.02e+00 2.02e+00 9.93e-02
1.17e+00 1.24e+00 5.54e-03 1.24e+00 6.59e-03 2.29e-35 2.29e-35 1.21e-02 5.90e-03 5.90e-03 5.47e-04
1.17e+00 1.16e+00 7.45e-02 1.22e+00 9.39e-02 4.81e-03 7.88e-01 1.57e-01 7.67e-02 4.06e-02 5.48e-03
1.20e+00 1.29e+00 2.02e-02 1.28e+00 2.16e-02 4.11e-06 4.81e-06 1.07e-01 5.33e-02 3.37e-02 4.91e-03
1.20e+00 1.12e+00 4.61e-02 1.12e+00 4.62e-02 1.74e-01 8.38e+00 6.53e-01 2.87e-01 1.44e-01 2.46e-02
1.15e+00 1.14e+00 3.64e-02 1.13e+00 3.68e-02 9.66e-01 6.45e+00 8.98e-01 3.90e-01 1.86e-01 2.82e-02
1.20e+00 1.22e+00 2.67e-02 1.22e+00 2.67e-02 6.49e-01 1.75e+00 7.29e-01 4.04e-01 2.43e-01 2.29e-02
1.20e+00 1.68e+00 1.37e-02 1.68e+00 1.37e-02 4.77e-227 1.77e-98 1.08e-06 5.49e-07 4.24e-07 1.26e-07
1.15e+00 1.27e+00 1.30e-02 1.27e+00 1.31e-02 1.82e-13 2.62e-13 4.12e-02 2.61e-02 8.69e-03 1.66e-03
1.19e+00 1.26e+00 6.19e-02 1.28e+00 6.53e-02 9.39e-16 8.00e-02 3.31e-01 1.44e-01 1.24e-01 2.04e-02
1.20e+00 1.65e+00 4.51e-02 1.65e+00 4.53e-02 1.09e-25 1.26e-12 1.52e-05 6.48e-06 4.39e-06 5.72e-07
1.15e+00 1.04e+00 1.49e-02 1.04e+00 1.50e-02 5.94e-09 1.04e+01 2.20e+00 1.09e+00 8.70e-01 1.58e-01
1.21e+00 1.20e+00 2.00e-02 1.20e+00 2.01e-02 1.18e+00 4.07e+00 9.29e-01 4.41e-01 3.04e-01 4.17e-02
1.15e+00 1.19e+00 7.68e-03 1.19e+00 9.05e-03 4.77e-03 4.94e-03 9.83e-01 6.87e-01 6.87e-01 1.19e-01
1.16e+00 1.10e+00 4.79e-02 1.08e+00 5.03e-02 3.88e-01 1.37e+01 1.11e+00 5.05e-01 2.97e-01 4.45e-02
1.15e+00 1.10e+00 4.34e-02 1.09e+00 4.43e-02 1.58e-01 1.29e+01 1.53e+00 8.55e-01 3.85e-01 4.70e-02
1.19e+00 1.71e+00 8.89e-03 1.71e+00 1.01e-02 0.00e+00 2.32e-242 7.09e-07 5.63e-07 2.07e-07 1.85e-07
1.17e+00 1.07e+00 9.56e-02 1.02e+00 1.08e-01 8.92e-05 9.76e+00 2.25e+00 1.03e+00 3.56e-01 6.35e-02
1.15e+00 1.05e+00 1.93e-02 1.05e+00 1.96e-02 9.50e-05 1.29e+01 2.33e+00 1.19e+00 5.33e-01 7.01e-02
1.18e+00 1.05e+00 3.23e-03 1.05e+00 3.43e-03 1.49e-20 2.07e+00 1.83e+00 1.83e+00 1.83e+00 2.48e-01
1.16e+00 1.24e+00 3.86e-02 1.26e+00 4.16e-02 6.27e-03 3.91e-02 8.49e-02 3.41e-02 1.31e-02 1.31e-03
1.16e+00 1.04e+00 1.92e-02 1.04e+00 1.97e-02 1.38e-05 1.35e+01 2.80e+00 1.10e+00 5.42e-01 6.02e-02
1.20e+00 1.22e+00 5.85e-02 1.26e+00 7.26e-02 6.52e-02 6.84e-01 8.39e-02 4.85e-02 2.34e-02 3.27e-03
1.19e+00 1.67e+00 4.01e-02 1.68e+00 4.06e-02 9.76e-34 3.15e-10 8.64e-06 3.48e-06 2.35e-06 2.56e-07
1.17e+00 1.23e+00 6.91e-03 1.23e+00 7.13e-03 8.02e-40 1.05e-28 1.42e-02 9.74e-03 4.84e-03 4.84e-03
1.18e+00 1.25e+00 3.12e-02 1.26e+00 3.18e-02 2.15e-03 1.80e-02 8.39e-02 3.39e-02 1.86e-02 1.43e-03
1.17e+00 1.13e+00 3.66e-02 1.13e+00 3.67e-02 4.19e-01 7.56e+00 7.83e-01 3.37e-01 2.13e-01 3.47e-02
1.16e+00 1.16e+00 3.32e-02 1.16e+00 3.34e-02 1.81e+00 8.82e+00 1.54e+00 6.55e-01 4.18e-01 5.46e-02
1.21e+00 1.24e+00 9.23e-03 1.24e+00 9.25e-03 1.30e-03 1.34e-03 2.34e-01 1.06e-01 1.06e-01 1.88e-02
1.17e+00 1.45e+00 9.99e-03 1.45e+00 1.08e-02 1.74e-69 2.10e-59 6.92e-04 5.60e-04 1.74e-04 3.48e-05
1.15e+00 1.14e+00 3.47e-02 1.14e+00 3.47e-02 2.12e+00 1.26e+01 1.75e+00 8.92e-01 5.11e-01 1.09e-01
1.19e+00 1.69e+00 8.51e-03 1.68e+00 1.02e-02 0.00e+00 2.10e-213 1.23e-06 1.20e-06 3.21e-07 4.32e-08
1.16e+00 1.63e+00 5.05e-02 1.64e+00 5.14e-02 2.09e-27 6.05e-10 2.32e-05 1.20e-05 6.35e-06 8.85e-07
1.19e+00 1.13e+00 1.02e-01 1.22e+00 1.38e-01 2.16e-01 4.89e+00 7.81e-01 4.15e-01 1.99e-01 3.61e-02
1.18e+00 1.12e+00 3.02e-02 1.13e+00 3.12e-02 4.16e-01 2.12e+01 2.40e+00 1.08e+00 7.48e-01 1.15e-01
1.16e+00 1.38e+00 3.16e-02 1.37e+00 3.24e-02 4.32e-09 1.15e-04 2.42e-02 9.40e-03 6.78e-03 6.91e-04
1.20e+00 1.44e+00 1.78e-03 1.44e+00 1.78e-03 1.21e-310 1.21e-310 3.76e-04 3.76e-04 3.76e-04 3.76e-04
1.19e+00 1.13e+00 2.08e-02 1.13e+00 2.11e-02 6.62e-02 6.65e+00 1.04e+00 5.68e-01 3.48e-01 4.52e-02
1.20e+00 1.03e+00 8.15e-03 1.03e+00 8.22e-03 4.90e-16 6.17e+00 2.94e+00 1.84e+00 1.11e+00 1.33e-01
1.19e+00 1.13e+00 6.06e-02 1.11e+00 6.55e-02 1.98e-01 6.66e+00 5.00e-01 1.97e-01 1.42e-01 2.30e-02
1.19e+00 1.22e+00 2.59e-03 1.22e+00 2.59e-03 1.66e-12 7.05e-11 1.63e-02 1.63e-02 1.63e-02 5.74e-04
1.16e+00 1.20e+00 2.48e-02 1.21e+00 2.54e-02 2.46e-01 5.37e-01 9.55e-01 3.60e-01 3.24e-01 3.08e-02
1.20e+00 1.43e+00 5.79e-03 1.43e+00 6.04e-03 1.09e-257 1.09e-257 4.58e-04 1.96e-04 1.96e-04 6.90e-05
1.17e+00 1.10e+00 5.33e-02 1.09e+00 5.41e-02 9.04e-01 2.26e+01 1.43e+00 6.53e-01 4.09e-01 5.23e-02
1.18e+00 1.22e+00 1.50e-02 1.22e+00 1.54e-02 1.99e-02 2.47e-02 8.40e-01 5.55e-01 2.85e-01 3.93e-02
1.17e+00 1.51e+00 8.48e-02 1.45e+00 1.06e-01 5.42e-18 2.96e-08 6.51e-05 2.10e-05 1.35e-05 2.00e-06
1.15e+00 1.41e+00 2.24e-02 1.42e+00 2.44e-02 1.36e-14 1.89e-14 4.18e-03 2.59e-03 1.18e-03 2.06e-04
1.19e+00 1.24e+00 1.00e-02 1.24e+00 1.03e-02 2.93e-05 2.99e-05 6.29e-01 2.59e-01 1.36e-01 4.74e-02
1.16e+00 1.38e+00 1.20e-02 1.38e+00 1.21e-02 1.91e-62 1.91e-62 1.37e-03 1.17e-03 5.42e-04 1.14e-04
1.19e+00 1.38e+00 6.13e-02 1.42e+00 7.20e-02 1.76e-07 2.13e-07 3.22e-03 1.04e-03 5.54e-04 7.15e-05
1.15e+00 1.48e+00 5.81e-02 1.45e+00 6.37e-02 1.17e-15 1.09e-09 9.44e-04 2.89e-04 1.42e-04 2.36e-05
1.17e+00 1.12e+00 7.64e-02 1.05e+00 1.04e-01 1.13e-01 2.29e+00 3.29e-01 1.26e-01 7.19e-02 1.36e-02
1.17e+00 1.22e+00 2.52e-02 1.22e+00 2.55e-02 1.40e-01 2.77e-01 8.38e-01 3.70e-01 1.77e-01 2.46e-02
1.15e+00 1.21e+00 2.22e-02 1.22e+00 2.28e-02 2.80e-02 4.70e-02 7.66e-01 4.38e-01 2.39e-01 2.98e-02
1.17e+00 1.05e+00 2.28e-02 1.04e+00 2.35e-02 1.62e-03 1.35e+01 2.55e+00 1.15e+00 6.46e-01 6.59e-02
1.21e+00 1.15e+00 2.46e-02 1.14e+00 2.55e-02 7.34e-02 6.17e+00 8.80e-01 3.92e-01 2.36e-01 4.53e-02
1.19e+00 1.09e+00 1.48e-02 1.09e+00 1.50e-02 1.92e-06 6.38e+00 1.51e+00 7.94e-01 5.58e-01 6.98e-02
1.15e+00 1.01e+00 1.74e-02 1.01e+00 1.76e-02 4.28e-07 1.75e+01 3.77e+00 1.64e+00 1.17e+00 2.54e-01
1.19e+00 1.28e+00 1.92e-01 1.05e+00 2.99e-01 3.76e-12 3.21e-02 6.44e-03 3.40e-03 1.70e-03 2.32e-04
1.15e+00 1.06e+00 2.83e-02 1.05e+00 3.17e-02 5.26e-03 1.23e+01 2.29e+00 8.71e-01 5.89e-01 5.13e-02
1.16e+00 1.62e+00 4.57e-02 1.62e+00 4.57e-02 1.17e-26 1.45e-13 3.23e-05 1.35e-05 9.29e-06 1.27e-06
1.18e+00 1.05e+00 4.99e-02 1.04e+00 5.13e-02 2.47e-13 5.38e+00 2.80e+00 1.39e+00 8.72e-01 7.04e-02
1.18e+00 1.24e+00 1.65e-02 1.24e+00 1.71e-02 8.29e-04 9.81e-04 6.32e-01 2.12e-01 1.99e-01 2.57e-02
1.17e+00 1.14e+00 2.62e-02 1.14e+00 2.62e-02 5.14e-01 6.28e+00 1.02e+00 4.83e-01 3.00e-01 5.00e-02
1.19e+00 1.10e+00 5.41e-02 1.08e+00 5.83e-02 1.77e-01 1.28e+01 1.09e+00 5.89e-01 2.80e-01 2.80e-02
1.18e+00 1.31e+00 6.67e-03 1.31e+00 7.54e-03 1.93e-100 1.93e-100 4.02e-03 2.73e-03 2.73e-03 2.63e-04
1.19e+00 1.24e+00 8.72e-03 1.24e+00 8.89e-03 2.87e-07 2.89e-07 2.25e-01 1.14e-01 7.80e-02 9.04e-03
1.18e+00 1.66e+00 9.58e-03 1.66e+00 9.96e-03 0.00e+00 1.78e-199 2.60e-06 1.28e-06 1.28e-06 1.04e-07
1.15e+00 1.14e+00 4.32e-02 1.12e+00 4.59e-02 9.76e-01 8.21e+00 9.34e-01 3.61e-01 2.13e-01 3.55e-02
1.20e+00 1.73e+00 8.94e-03 1.72e+00 1.15e-02 0.00e+00 1.19e-256 4.96e-07 4.16e-07 1.92e-07 3.99e-08
1.19e+00 1.25e+00 1.24e-02 1.25e+00 1.26e-02 3.08e-05 3.21e-05 2.05e-01 1.34e-01 7.59e-02 8.80e-03
1.18e+00 1.16e+00 4.37e-02 1.16e+00 4.39e-02 1.33e+00 1.26e+01 1.19e+00 5.62e-01 3.60e-01 5.24e-02
1.16e+00 1.04e+00 1.32e-02 1.04e+00 1.40e-02 1.08e-07 9.74e+00 3.11e+00 1.28e+00 1.28e+00 1.25e-01
1.19e+00 1.07e+00 2.57e-02 1.07e+00 2.61e-02 5.91e-03 1.39e+01 1.84e+00 1.02e+00 7.37e-01 1.08e-01
1.17e+00 1.04e+00 1.73e-02 1.04e+00 1.80e-02 3.79e-04 1.33e+01 3.07e+00 1.03e+00 1.01e+00 1.11e-01
1.16e+00 1.69e+00 4.48e-02 1.69e+00 4.50e-02 1.05e-34 3.97e-11 7.38e-06 3.10e-06 1.96e-06 2.73e-07
1.17e+00 1.19e+00 1.31e-02 1.20e+00 1.42e-02 6.61e-02 8.05e-02 4.93e-01 2.63e-01 9.67e-02 1.98e-02
1.19e+00 1.15e+00 3.53e-02 1.16e+00 3.58e-02 1.22e+00 1.40e+01 1.41e+00 5.77e-01 3.56e-01 5.09e-02
1.18e+00 1.27e+00 7.07e-03 1.27e+00 7.09e-03 3.20e-31 5.58e-21 3.11e-01 1.22e-01 9.84e-02 9.37e-03
1.16e+00 1.63e+00 1.02e-02 1.62e+00 1.16e-02 0.00e+00 1.61e-196 5.78e-06 2.29e-06 1.74e-06 2.90e-07
1.18e+00 1.07e+00 7.65e-02 1.04e+00 8.31e-02 4.59e-07 5.56e+00 2.78e+00 9.48e-01 9.48e-01 5.58e-02
1.17e+00 1.69e+00 2.32e-02 1.69e+00 2.34e-02 1.11e-106 2.93e-36 1.77e-06 7.25e-07 5.17e-07 4.97e-08
1.20e+00 1.73e+00 8.14e-03 1.72e+00 1.12e-02 0.00e+00 4.59e-322 4.27e-07 4.14e-07 1.72e-07 2.36e-08
1.15e+00 1.03e+00 2.44e-02 1.03e+00 2.44e-02 8.35e-03 1.69e+01 2.70e+00 1.13e+00 6.36e-01 1.09e-01
1.20e+00 1.43e+00 2.67e-02 1.44e+00 2.85e-02 8.45e-13 2.53e-06 6.95e-03 3.86e-03 2.42e-03 4.24e-04
1.19e+00 1.23e+00 5.07e-02 1.27e+00 6.22e-02 2.89e-02 1.44e-01 6.27e-02 1.97e-02 1.24e-02 2.19e-03
1.16e+00 1.11e+00 2.76e-02 1.11e+00 2.78e-02 2.69e-01 9.29e+00 1.15e+00 5.56e-01 3.42e-01 4.99e-02
1.16e+00 1.05e+00 2.02e-02 1.05e+00 2.02e-02 2.27e-05 1.40e+01 2.80e+00 9.47e-01 8.06e-01 1.27e-01
1.16e+00 1.19e+00 7.68e-03 1.19e+00 8.36e-03 1.59e-02 1.69e-02 1.01e+00 5.71e-01 1.99e-01 1.17e-01
1.17e+00 1.12e+00 5.25e-02 1.13e+00 5.30e-02 1.05e+00 1.73e+01 1.21e+00 5.17e-01 3.45e-01 4.50e-02
1.16e+00 1.37e+00 9.87e-03 1.37e+00 1.03e-02 5.99e-85 5.99e-85 1.54e-03 6.50e-04 6.50e-04 5.42e-05
1.15e+00 1.24e+00 9.64e-03 1.24e+00 9.73e-03 9.63e-15 9.64e-15 2.23e-01 1.03e-01 1.03e-01 1.79e-02
1.18e+00 1.16e+00 3.52e-02 1.16e+00 3.54e-02 6.71e-01 5.25e+00 6.22e-01 2.69e-01 1.63e-01 3.41e-02
1.16e+00 1.09e+00 3.02e-02 1.09e+00 3.02e-02 1.12e-01 1.27e+01 1.49e+00 8.42e-01 3.75e-01 6.41e-02
1.19e+00 1.22e+00 2.76e-02 1.22e+00 2.79e-02 5.89e-01 1.56e+00 7.24e-01 3.50e-01 2.14e-01 3.89e-02
1.16e+00 1.45e+00 5.49e-03 1.45e+00 6.46e-03 6.99e-219 1.16e-185 3.08e-04 1.53e-04 1.53e-04 9.28e-06
1.17e+00 1.07e+00 2.20e-02 1.07e+00 2.23e-02 5.09e-04 1.19e+01 2.13e+00 1.54e+00 8.88e-01 1.42e-01
1.15e+00 1.26e+00 9.46e-03 1.26e+00 9.57e-03 3.05e-23 3.06e-23 1.57e-01 7.89e-02 7.89e-02 1.10e-02
1.15e+00 1.09e+00 2.62e-02 1.09e+00 2.65e-02 1.03e-01 1.25e+01 1.64e+00 9.85e-01 4.22e-01 7.51e-02
1.15e+00 1.06e+00 3.33e-02 1.05e+00 3.41e-02 1.37e-01 3.57e+01 3.89e+00 1.67e+00 8.11e-01 1.67e-01
1.19e+00 1.39e+00 5.70e-03 1.39e+00 7.28e-03 1.50e-223 1.50e-223 9.03e-04 8.17e-04 8.17e-04 4.99e-05
1.16e+00 1.22e+00 5.71e-03 1.22e+00 6.73e-03 4.04e-26 2.78e-25 1.93e-02 1.93e-02 8.15e-03 1.26e-03
1.20e+00 1.20e+00 1.45e-02 1.20e+00 1.45e-02 1.16e+00 2.38e+00 1.09e+00 6.00e-01 4.02e-01 4.47e-02
1.20e+00 1.24e+00 7.29e-03 1.24e+00 8.78e-03 1.27e-09 1.27e-09 1.33e-02 9.51e-03 9.51e-03 1.27e-03
1.18e+00 1.22e+00 2.49e-02 1.22e+00 2.52e-02 2.41e-01 5.00e-01 8.31e-01 3.49e-01 2.66e-01 1.97e-02
1.21e+00 1.13e+00 5.08e-02 1.13e+00 5.09e-02 5.48e-01 2.03e+01 1.27e+00 6.25e-01 3.33e-01 4.87e-02
1.16e+00 1.18e+00 6.83e-02 1.20e+00 7.05e-02 1.58e-01 1.49e+00 1.77e-01 8.01e-02 4.37e-02 9.71e-03
1.20e+00 1.14e+00 2.65e-02 1.14e+00 2.68e-02 1.87e-01 6.90e+00 8.09e-01 4.13e-01 2.64e-01 3.17e-02
1.15e+00 1.11e+00 3.80e-02 1.10e+00 3.85e-02 5.37e-01 1.13e+01 1.17e+00 4.74e-01 2.80e-01 4.31e-02
1.18e+00 1.13e+00 2.77e-02 1.13e+00 2.77e-02 7.01e-01 1.89e+01 2.26e+00 9.95e-01 6.03e-01 1.21e-01
1.18e+00 1.07e+00 1.66e-02 1.06e+00 1.85e-02 2.30e-05 1.03e+01 1.93e+00 1.73e+00 9.88e-01 1.39e-01
1.21e+00 1.66e+00 1.13e-02 1.66e+00 1.13e-02 3.27e-310 7.94e-148 1.99e-06 1.71e-06 6.79e-07 1.05e-07
1.21e+00 1.25e+00 5.87e-03 1.25e+00 5.93e-03 3.37e-15 3.37e-15 1.04e-02 3.35e-03 3.35e-03 2.04e-03
1.15e+00 1.04e+00 8.96e-02 9.90e-01 1.02e-01 4.72e-01 2.38e+01 2.25e+00 6.53e-01 3.20e-01 5.56e-02
1.16e+00 1.43e+00 8.28e-03 1.44e+00 9.76e-03 7.49e-119 7.49e-119 3.94e-04 3.03e-04 1.05e-04 7.12e-05
1.15e+00 1.55e+00 2.34e-01 1.63e+00 2.49e-01 2.01e-15 1.28e-05 2.29e-05 9.95e-06 5.43e-06 7.54e-07
1.18e+00 1.11e+00 4.94e-03 1.11e+00 5.85e-03 1.71e-39 5.23e-01 3.53e-01 3.53e-01 1.63e-01 1.63e-01
1.17e+00 1.29e+00 3.94e-02 1.27e+00 4.30e-02 2.62e-04 3.06e-03 1.40e-01 5.63e-02 3.31e-02 4.47e-03
1.19e+00 1.24e+00 1.98e-02 1.24e+00 2.03e-02 7.30e-02 1.08e-01 6.87e-01 3.09e-01 1.43e-01 1.93e-02
1.17e+00 1.27e+00 5.23e-03 1.27e+00 5.27e-03 1.04e-68 1.05e-68 7.66e-03 7.66e-03 1.69e-03 1.12e-03
1.16e+00 1.05e+00 1.50e-02 1.05e+00 1.58e-02 1.49e-06 9.77e+00 2.18e+00 1.34e+00 6.35e-01 1.15e-01
1.17e+00 1.03e+00 7.80e-03 1.04e+00 9.65e-03 1.80e-26 5.98e+00 2.70e+00 2.36e+00 2.36e+00 2.98e-01
1.20e+00 1.73e+00 8.81e-03 1.74e+00 1.04e-02 0.00e+00 0.00e+00 3.16e-07 1.24e-07 1.24e-07 9.67e-08
1.20e+00 1.60e+00 4.59e-02 1.60e+00 4.60e-02 1.02e-23 3.56e-14 5.62e-05 2.71e-05 1.42e-05 2.08e-06
1.16e+00 1.05e+00 1.52e-02 1.05e+00 1.53e-02 4.14e-07 9.80e+00 2.18e+00 1.08e+00 7.65e-01 7.22e-02
1.19e+00 1.65e+00 1.05e-02 1.65e+00 1.09e-02 5.12e-316 3.96e-164 3.35e-06 1.36e-06 8.07e-07 1.68e-07
1.20e+00 1.73e+00 8.62e-03 1.72e+00 1.16e-02 0.00e+00 1.49e-280 4.53e-07 4.16e-07 1.89e-07 2.96e-08
1.21e+00 1.08e+00 2.73e-02 1.07e+00 2.80e-02 1.63e-03 1.30e+01 1.55e+00 8.43e-01 5.22e-01 5.50e-02
1.17e+00 1.10e+00 3.51e-02 1.10e+00 3.51e-02 2.78e-01 1.27e+01 1.42e+00 5.04e-01 3.39e-01 4.96e-02
1.19e+00 1.43e+00 6.77e-03 1.43e+00 7.14e-03 1.82e-170 1.82e-170 4.58e-04 3.24e-04 3.24e-04 1.22e-04
1.17e+00 1.24e+00 2.45e-02 1.24e+00 2.46e-02 3.90e-04 1.17e-02 1.05e-01 3.71e-02 3.03e-02 2.47e-03
1.19e+00 1.22e+00 4.27e-03 1.22e+00 4.83e-03 2.59e-27 2.59e-27 1.62e-02 1.62e-02 4.56e-03 4.56e-03
1.16e+00 1.17e+00 4.41e-02 1.16e+00 4.47e-02 7.03e-01 3.82e+00 5.68e-01 2.61e-01 1.68e-01 2.50e-02
1.16e+00 1.59e+00 4.99e-02 1.60e+00 5.03e-02 1.68e-24 5.38e-12 5.83e-05 2.73e-05 1.55e-05 2.16e-06
1.16e+00 1.19e+00 2.63e-02 1.19e+00 2.64e-02 7.06e-01 1.91e+00 1.09e+00 6.06e-01 3.26e-01 3.91e-02
1.20e+00 1.11e+00 3.35e-02 1.11e+00 3.35e-02 4.59e-02 9.23e+00 9.35e-01 3.92e-01 2.71e-01 4.62e-02
1.17e+00 1.07e+00 2.89e-02 1.06e+00 3.04e-02 3.48e-02 3.44e+01 4.02e+00 1.88e+00 1.09e+00 1.73e-01
1.17e+00 1.26e+00 7.03e-03 1.26e+00 7.53e-03 1.24e-49 1.66e-49 9.11e-03 5.54e-03 5.54e-03 5.49e-04
1.20e+00 1.22e+00 3.53e-03 1.22e+00 3.80e-03 3.43e-12 3.43e-12 1.62e-02 1.62e-02 1.62e-02 2.60e-03
1.16e+00 1.02e+00 2.47e-02 1.03e+00 2.61e-02 6.64e-05 1.78e+01 2.43e+00 1.23e+00 7.15e-01 1.43e-01
1.16e+00 1.27e+00 1.62e-02 1.27e+00 1.65e-02 7.34e-05 1.47e-04 4.80e-02 2.65e-02 1.67e-02 4.03e-03
1.19e+00 1.09e+00 6.74e-02 1.05e+00 7.91e-02 3.44e-01 8.90e+00 7.79e-01 2.79e-01 1.44e-01 2.06e-02
1.16e+00 1.40e+00 1.36e-02 1.41e+00 1.54e-02 2.56e-70 1.60e-50 3.02e-03 1.06e-03 9.42e-04 2.13e-04
1.17e+00 1.46e+00 1.41e-02 1.45e+00 1.51e-02 8.52e-82 1.54e-60 5.76e-04 3.88e-04 1.68e-04 1.74e-05
1.15e+00 1.09e+00 5.11e-02 1.07e+00 5.34e-02 3.56e-01 1.53e+01 1.22e+00 4.82e-01 2.52e-01 3.83e-02
1.15e+00 1.70e+00 1.57e-02 1.70e+00 1.57e-02 3.67e-222 2.47e-72 7.21e-07 3.70e-07 3.70e-07 2.73e-08
1.20e+00 1.68e+00 6.47e-02 1.68e+00 6.47e-02 5.41e-24 6.19e-08 6.98e-06 3.00e-06 1.70e-06 2.24e-07
1.21e+00 1.04e+00 7.76e-02 1.02e+00 8.09e-02 2.74e-03 1.78e+01 2.03e+00 7.43e-01 4.16e-01 3.78e-02
1.19e+00 1.06e+00 1.86e-02 1.05e+00 1.92e-02 1.71e-06 1.22e+01 2.39e+00 9.95e-01 9.52e-01 1.28e-01
1.15e+00 1.05e+00 1.63e-02 1.05e+00 1.67e-02 5.24e-06 1.09e+01 2.27e+00 1.44e+00 6.93e-01 8.67e-02
1.15e+00 1.43e+00 7.18e-03 1.43e+00 7.69e-03 3.06e-188 3.06e-188 4.58e-04 3.94e-04 3.94e-04 1.43e-04
1.18e+00 1.05e+00 8.26e-03 1.05e+00 8.45e-03 1.39e-17 4.69e+00 2.54e+00 1.05e+00 7.91e-01 2.68e-01
1.19e+00 1.09e+00 8.35e-02 1.05e+00 9.15e-02 1.27e-01 1.45e+01 1.59e+00 6.80e-01 2.20e-01 2.00e-02
1.20e+00 1.23e+00 5.90e-03 1.24e+00 7.96e-03 2.66e-17 2.66e-17 1.21e-02 1.03e-02 1.03e-02 1.15e-03
1.19e+00 1.19e+00 4.34e-02 1.19e+00 4.34e-02 6.15e-01 3.56e+00 5.43e-01 1.92e-01 1.22e-01 1.57e-02
1.14e+00 1.07e+00 4.19e-02 1.06e+00 4.31e-02 2.01e-01 1.15e+01 1.01e+00 3.76e-01 2.36e-01 3.03e-02
1.20e+00 1.44e+00 3.05e-03 1.44e+00 3.11e-03 4.40e-247 4.40e-247 3.76e-04 3.76e-04 3.76e-04 3.40e-05
1.15e+00 1.30e+00 5.79e-03 1.30e+00 5.80e-03 9.02e-104 9.02e-104 4.74e-03 4.74e-03 1.17e-03 1.05e-03
1.20e+00 1.08e+00 1.34e-02 1.08e+00 1.36e-02 8.51e-12 6.59e+00 1.64e+00 8.28e-01 4.77e-01 1.07e-01
1.19e+00 1.19e+00 2.42e-02 1.19e+00 2.46e-02 1.34e+00 4.58e+00 1.20e+00 5.73e-01 4.22e-01 6.44e-02
1.16e+00 1.27e+00 3.95e-03 1.27e+00 4.10e-03 1.53e-117 1.53e-117 7.66e-03 7.66e-03 7.66e-03 2.69e-04
1.19e+00 1.08e+00 3.74e-02 1.07e+00 3.97e-02 7.64e-02 1.46e+01 1.77e+00 9.41e-01 3.58e-01 4.09e-02
1.17e+00 1.23e+00 6.85e-03 1.23e+00 7.44e-03 7.89e-28 7.92e-28 1.45e-02 1.37e-02 1.37e-02 4.30e-03
1.20e+00 1.27e+00 6.30e-03 1.27e+00 7.66e-03 3.29e-18 3.29e-18 6.90e-03 6.56e-03 6.56e-03 3.12e-04
1.18e+00 1.14e+00 3.39e-02 1.14e+00 3.40e-02 5.59e-01 8.29e+00 8.82e-01 3.99e-01 2.83e-01 3.33e-02
1.20e+00 1.31e+00 2.38e-02 1.31e+00 2.41e-02 7.79e-05 1.66e-04 3.15e-02 1.30e-02 1.08e-02 2.13e-03
1.15e+00 1.07e+00 4.04e-02 1.06e+00 4.10e-02 3.41e-01 2.62e+01 2.45e+00 1.02e+00 5.46e-01 8.85e-02
1.17e+00 1.45e+00 6.44e-03 1.45e+00 6.58e-03 8.80e-139 3.65e-109 3.26e-04 1.08e-04 1.08e-04 9.84e-06
1.20e+00 1.22e+00 2.35e-02 1.22e+00 2.37e-02 4.67e-01 1.00e+00 7.31e-01 3.03e-01 2.38e-01 3.73e-02
1.16e+00 1.10e+00 3.39e-02 1.09e+00 3.56e-02 2.61e-01 1.25e+01 1.48e+00 5.89e-01 3.93e-01 6.83e-02
1.17e+00 1.29e+00 1.41e-01 1.37e+00 1.63e-01 4.26e-05 1.11e-01 2.08e-02 9.44e-03 5.49e-03 8.45e-04
1.15e+00 1.06e+00 2.17e-02 1.05e+00 2.45e-02 3.51e-03 1.23e+01 1.88e+00 8.70e-01 6.74e-01 9.81e-02
1.19e+00 1.03e+00 3.11e-02 1.04e+00 3.16e-02 3.09e-03 1.45e+01 1.73e+00 8.60e-01 5.05e-01 6.45e-02
1.16e+00 1.24e+00 6.32e-03 1.24e+00 6.62e-03 2.13e-22 2.13e-22 5.73e-01 5.73e-01 1.84e-01 2.88e-02
1.17e+00 1.19e+00 2.51e-02 1.20e+00 2.65e-02 6.53e-01 1.72e+00 1.09e+00 4.56e-01 2.95e-01 3.85e-02
1.19e+00 1.23e+00 3.54e-02 1.24e+00 3.59e-02 3.67e-03 4.32e-02 1.18e-01 4.81e-02 4.53e-02 2.79e-03
1.18e+00 1.22e+00 1.03e-02 1.22e+00 1.08e-02 5.83e-05 5.99e-05 3.16e-01 1.30e-01 9.22e-02 9.54e-03
1.15e+00 1.13e+00 7.84e-02 1.05e+00 1.15e-01 4.88e-03 1.26e+00 2.24e-01 8.39e-02 6.88e-02 8.25e-03
1.18e+00 1.17e+00 5.20e-02 1.14e+00 5.85e-02 9.11e-02 2.04e+00 3.35e-01 1.13e-01 7.16e-02 1.25e-02
1.19e+00 1.43e+00 2.65e-02 1.44e+00 2.69e-02 4.48e-26 4.69e-26 4.15e-05 2.05e-05 1.31e-05 3.55e-06
1.19e+00 1.20e+00 2.05e-02 1.21e+00 2.12e-02 8.31e-01 1.83e+00 1.02e+00 4.71e-01 2.53e-01 5.89e-02
1.18e+00 1.23e+00 3.12e-02 1.24e+00 3.19e-02 1.46e-01 3.30e-01 5.96e-01 3.00e-01 1.80e-01 1.76e-02
1.20e+00 1.04e+00 3.84e-02 1.04e+00 3.84e-02 2.03e-02 1.19e+01 2.05e+00 9.18e-01 5.43e-01 4.83e-02
1.18e+00 1.18e+00 5.20e-02 1.15e+00 6.21e-02 2.59e-01 1.78e+00 2.20e-01 8.81e-02 5.77e-02 7.60e-03
1.18e+00 1.15e+00 5.17e-02 1.16e+00 5.20e-02 9.14e-01 8.51e+00 7.58e-01 3.60e-01 2.25e-01 2.81e-02
1.20e+00 1.24e+00 3.55e-02 1.25e+00 3.61e-02 5.44e-02 1.19e-01 1.14e-01 5.61e-02 3.35e-02 3.42e-03
1.18e+00 1.21e+00 2.93e-02 1.21e+00 2.93e-02 2.86e-01 7.43e-01 3.64e-01 1.84e-01 9.86e-02 1.53e-02
1.17e+00 1.15e+00 5.68e-02 1.16e+00 5.71e-02 1.23e+00 1.05e+01 1.01e+00 4.67e-01 2.40e-01 2.52e-02
1.19e+00 1.18e+00 2.28e-02 1.19e+00 2.42e-02 1.43e+00 6.38e+00 1.25e+00 7.69e-01 3.61e-01 6.15e-02
1.16e+00 1.04e+00 2.68e-02 1.04e+00 2.69e-02 2.59e-03 1.53e+01 2.10e+00 8.37e-01 5.87e-01 6.25e-02
1.19e+00 1.25e+00 5.01e-02 1.27e+00 5.32e-02 2.18e-02 1.41e-01 7.53e-02 2.54e-02 1.55e-02 2.49e-03
1.16e+00 1.17e+00 1.12e-02 1.17e+00 1.12e-02 9.25e-01 1.26e+00 1.41e+00 9.69e-01 3.04e-01 4.95e-02
1.15e+00 1.15e+00 1.17e-02 1.15e+00 1.17e-02 1.72e+00 4.07e+00 1.43e+00 1.24e+00 5.27e-01 9.42e-02
1.20e+00 1.25e+00 9.33e-03 1.25e+00 9.73e-03 1.03e-08 1.03e-08 1.93e-01 9.12e-02 9.12e-02 7.76e-03
1.19e+00 1.26e+00 1.06e-02 1.26e+00 1.06e-02 1.10e-08 2.65e-05 4.59e-01 2.81e-01 9.45e-02 6.68e-02
1.19e+00 1.07e+00 2.09e-02 1.07e+00 2.09e-02 8.42e-06 1.29e+01 2.08e+00 9.36e-01 9.24e-01 7.02e-02
1.15e+00 1.30e+00 4.04e-03 1.30e+00 4.16e-03 1.12e-169 1.12e-169 4.74e-03 4.74e-03 4.74e-03 2.14e-04
1.15e+00 1.06e+00 2.00e-02 1.05e+00 2.09e-02 2.98e-04 1.10e+01 2.07e+00 9.41e-01 5.15e-01 1.00e-01
1.21e+00 1.25e+00 3.27e-02 1.26e+00 3.31e-02 3.72e-02 7.80e-02 9.96e-02 4.18e-02 2.40e-02 3.44e-03
1.17e+00 1.13e+00 4.18e-02 1.13e+00 4.19e-02 1.33e+00 1.58e+01 1.47e+00 7.30e-01 3.92e-01 7.30e-02
1.17e+00 1.58e+00 1.29e-02 1.58e+00 1.29e-02 3.16e-234 3.15e-163 1.45e-05 6.95e-06 5.28e-06 9.68e-07
1.20e+00 1.07e+00 4.57e-02 1.05e+00 4.97e-02 2.96e-03 1.29e+01 1.75e+00 8.17e-01 4.08e-01 3.14e-02
1.17e+00 1.72e+00 2.17e-02 1.72e+00 2.17e-02 4.66e-122 7.65e-38 7.15e-07 3.53e-07 1.74e-07 2.29e-08
1.16e+00 1.47e+00 4.24e-02 1.45e+00 4.77e-02 4.51e-19 2.51e-14 2.41e-03 9.77e-04 4.66e-04 9.02e-05
1.17e+00 1.19e+00 3.04e-02 1.20e+00 3.12e-02 6.47e-01 1.89e+00 9.30e-01 3.87e-01 2.48e-01 4.62e-02
1.18e+00 1.25e+00 6.64e-03 1.25e+00 7.06e-03 1.03e-24 1.03e-24 4.24e-01 2.82e-01 2.82e-01 9.17e-02
1.18e+00 1.22e+00 2.29e-03 1.22e+00 2.35e-03 1.13e-29 1.13e-29 1.62e-02 1.62e-02 1.62e-02 8.95e-04
1.21e+00 1.57e+00 5.31e-02 1.56e+00 5.52e-02 1.19e-18 2.81e-09 9.76e-05 4.75e-05 2.70e-05 3.85e-06
1.17e+00 1.63e+00 1.25e-02 1.63e+00 1.26e-02 8.93e-276 1.47e-129 4.31e-06 2.11e-06 2.11e-06 2.34e-07
1.21e+00 1.14e+00 1.50e-01 1.06e+00 1.70e-01 7.94e-13 1.92e-01 4.13e-02 1.91e-02 6.03e-03 9.65e-04
1.16e+00 1.23e+00 5.93e-03 1.22e+00 8.22e-03 2.87e-54 2.87e-54 1.45e-02 1.41e-02 1.41e-02 1.61e-03
1.18e+00 1.15e+00 3.22e-02 1.15e+00 3.22e-02 5.08e-01 6.76e+00 8.56e-01 4.06e-01 2.75e-01 3.00e-02
1.15e+00 1.29e+00 5.12e-03 1.29e+00 5.12e-03 2.08e-131 2.08e-131 5.58e-03 5.58e-03 1.01e-03 9.53e-04
1.18e+00 1.09e+00 4.20e-02 1.07e+00 4.53e-02 7.45e-02 1.21e+01 1.25e+00 6.86e-01 3.19e-01 3.47e-02
1.21e+00 1.59e+00 6.10e-02 1.60e+00 6.13e-02 2.14e-16 3.47e-09 4.43e-05 2.02e-05 1.07e-05 1.37e-06
1.18e+00 1.61e+00 1.83e-02 1.61e+00 1.86e-02 1.29e-125 2.54e-73 7.42e-06 3.99e-06 2.99e-06 4.77e-07
1.20e+00 1.18e+00 5.14e-02 1.19e+00 5.17e-02 8.83e-01 7.08e+00 7.33e-01 2.92e-01 1.93e-01 1.80e-02
1.16e+00 1.14e+00 3.58e-02 1.14e+00 3.59e-02 1.79e+00 1.37e+01 1.63e+00 7.04e-01 5.13e-01 1.21e-01
1.17e+00 1.07e+00 3.91e-02 1.06e+00 4.14e-02 2.51e-02 1.34e+01 1.53e+00 6.77e-01 3.43e-01 6.32e-02
1.19e+00 1.71e+00 2.83e-02 1.72e+00 2.89e-02 3.14e-75 6.38e-25 2.97e-06 1.68e-06 9.42e-07 1.11e-07
1.19e+00 1.23e+00 1.11e-02 1.23e+00 1.11e-02 2.47e-03 2.68e-03 2.41e-01 2.12e-01 5.89e-02 1.00e-02
1.19e+00 1.67e+00 2.58e-02 1.67e+00 2.58e-02 5.98e-82 1.81e-33 5.30e-06 3.33e-06 1.94e-06 2.04e-07
1.16e+00 1.11e+00 3.52e-02 1.11e+00 3.52e-02 1.10e+00 2.47e+01 2.13e+00 1.17e+00 7.64e-01 1.25e-01
1.19e+00 1.11e+00 1.30e-02 1.11e+00 1.31e-02 6.64e-06 5.25e+00 1.68e+00 6.09e-01 4.06e-01 1.02e-01
1.19e+00 1.05e+00 5.03e-03 1.05e+00 6.86e-03 6.92e-07 3.80e+00 2.02e+00 1.78e+00 1.78e+00 1.78e+00
1.17e+00 1.24e+00 5.89e-02 1.21e+00 6.57e-02 1.42e-02 2.38e-02 5.32e-02 1.90e-02 1.28e-02 1.97e-03
1.16e+00 1.02e+00 1.12e-02 1.02e+00 1.14e-02 3.26e-19 9.92e+00 2.99e+00 1.95e+00 1.02e+00 1.16e-01
1.19e+00 1.23e+00 1.51e-02 1.23e+00 1.55e-02 3.60e-02 4.51e-02 8.01e-01 4.42e-01 2.67e-01 5.42e-02
1.19e+00 1.14e+00 6.97e-02 1.10e+00 8.26e-02 3.62e-02 1.94e+00 1.79e-01 1.02e-01 5.77e-02 8.42e-03
1.16e+00 1.23e+00 4.77e-02 1.26e+00 5.50e-02 1.72e-02 6.87e-02 6.79e-02 2.29e-02 1.62e-02 1.58e-03
1.15e+00 1.06e+00 1.61e-02 1.05e+00 1.72e-02 2.26e-05 1.09e+01 2.41e+00 1.65e+00 5.87e-01 1.15e-01
1.16e+00 1.32e+00 1.96e-02 1.33e+00 2.34e-02 1.26e-32 1.26e-32 4.11e-02 1.88e-02 1.44e-02 2.64e-03
1.18e+00 1.21e+00 3.81e-02 1.22e+00 3.85e-02 2.66e-01 7.12e-01 7.32e-01 3.46e-01 1.82e-01 1.33e-02
1.18e+00 1.20e+00 4.33e-02 1.20e+00 4.34e-02 3.79e-01 1.68e+00 3.70e-01 1.53e-01 9.30e-02 1.33e-02
1.15e+00 1.04e+00 1.59e-02 1.04e+00 1.61e-02 3.22e-07 1.14e+01 2.60e+00 1.42e+00 6.17e-01 1.11e-01
1.16e+00 1.08e+00 3.09e-02 1.08e+00 3.11e-02 4.60e-02 1.11e+01 1.20e+00 6.35e-01 3.99e-01 5.17e-02
1.16e+00 1.04e+00 1.36e-02 1.04e+00 1.37e-02 3.51e-08 9.66e+00 3.13e+00 9.91e-01 7.08e-01 7.87e-02
1.16e+00 1.66e+00 3.67e-02 1.66e+00 3.68e-02 6.57e-43 5.62e-15 1.16e-05 4.73e-06 3.15e-06 4.50e-07
1.16e+00 1.11e+00 4.58e-02 1.10e+00 4.69e-02 3.79e-01 1.16e+01 1.16e+00 5.66e-01 2.72e-01 3.68e-02
1.20e+00 1.73e+00 9.27e-03 1.73e+00 9.52e-03 0.00e+00 9.77e-292 4.08e-07 2.57e-07 2.57e-07 9.44e-08
1.19e+00 1.19e+00 6.67e-02 1.22e+00 7.31e-02 1.98e-02 3.94e-01 1.15e-01 5.61e-02 2.54e-02 3.85e-03
1.15e+00 1.38e+00 1.51e-02 1.37e+00 1.65e-02 7.93e-36 1.88e-25 1.49e-02 6.42e-03 4.57e-03 4.81e-04
1.17e+00 1.20e+00 1.16e-02 1.20e+00 1.23e-02 4.01e-02 4.53e-02 3.97e-01 2.20e-01 1.67e-01 4.19e-02
1.18e+00 1.14e+00 4.22e-02 1.12e+00 4.54e-02 5.95e-01 1.00e+01 9.31e-01 4.10e-01 2.58e-01 3.51e-02
1.16e+00 1.57e+00 5.98e-02 1.56e+00 6.04e-02 1.25e-18 1.67e-08 8.77e-05 3.43e-05 2.23e-05 3.27e-06
1.17e+00 1.16e+00 4.17e-02 1.14e+00 4.45e-02 8.28e-01 6.38e+00 7.68e-01 3.11e-01 2.42e-01 3.66e-02
1.16e+00 1.28e+00 1.39e-02 1.27e+00 1.50e-02 7.78e-06 1.25e-05 3.35e-02 1.81e-02 7.52e-03 1.03e-03
1.19e+00 1.20e+00 3.58e-02 1.20e+00 3.59e-02 8.42e-01 3.60e+00 7.10e-01 3.39e-01 1.69e-01 3.66e-02
1.16e+00 1.39e+00 1.25e-02 1.39e+00 1.27e-02 1.22e-54 1.22e-54 1.28e-03 6.00e-04 6.00e-04 5.31e-05
1.20e+00 1.05e+00 2.72e-02 1.05e+00 2.73e-02 1.39e-04 1.42e+01 2.06e+00 9.39e-01 5.52e-01 9.39e-02
1.15e+00 1.04e+00 8.57e-03 1.04e+00 9.78e-03 1.23e-25 5.97e+00 2.70e+00 2.08e+00 5.57e-01 8.15e-02
1.19e+00 1.73e+00 2.41e-02 1.72e+00 2.55e-02 1.29e-93 1.08e-29 8.87e-07 4.49e-07 2.42e-07 5.18e-08
1.19e+00 1.07e+00 2.66e-02 1.05e+00 3.28e-02 4.16e-03 1.23e+01 1.83e+00 1.16e+00 4.97e-01 5.40e-02
1.15e+00 1.01e+00 4.70e-02 1.00e+00 4.87e-02 7.64e-03 2.13e+01 3.15e+00 2.03e+00 9.87e-01 1.16e-01
1.16e+00 1.70e+00 1.53e-02 1.70e+00 1.56e-02 1.36e-232 7.06e-74 7.18e-07 4.42e-07 2.90e-07 3.99e-08
1.15e+00 1.46e+00 4.26e-02 1.45e+00 4.29e-02 1.64e-13 4.12e-08 3.47e-03 1.20e-03 7.15e-04 8.41e-05
1.19e+00 1.27e+00 1.42e-02 1.27e+00 1.48e-02 2.62e-11 1.27e-03 3.87e-01 1.83e-01 1.32e-01 4.09e-02
1.16e+00 1.27e+00 6.03e-03 1.27e+00 7.40e-03 2.76e-60 1.98e-20 2.40e-01 1.92e-01 1.92e-01 1.09e-02
1.16e+00 1.12e+00 2.88e-02 1.12e+00 2.91e-02 5.17e-01 7.67e+00 9.64e-01 4.61e-01 2.76e-01 4.91e-02
1.19e+00 1.70e+00 8.25e-03 1.71e+00 1.02e-02 0.00e+00 4.11e-277 7.09e-07 6.56e-07 2.24e-07 1.18e-07
1.19e+00 2.79e-01 5.47e-01 7.00e-02 5.85e-01 5.55e-13 1.81e-03 2.82e-04 1.36e-04 5.94e-05 3.39e-06
1.16e+00 1.13e+00 6.51e-02 1.10e+00 7.08e-02 8.95e-02 3.69e+00 3.32e-01 1.37e-01 9.02e-02 1.03e-02
1.16e+00 1.43e+00 8.76e-03 1.43e+00 8.91e-03 4.38e-111 4.38e-111 4.77e-04 2.69e-04 2.69e-04 2.40e-05
1.19e+00 1.24e+00 5.23e-02 1.23e+00 5.33e-02 8.04e-02 2.39e-01 1.21e-01 4.06e-02 2.10e-02 3.76e-03
1.16e+00 1.08e+00 1.98e-02 1.07e+00 2.05e-02 1.40e-03 1.16e+01 1.88e+00 1.04e+00 5.07e-01 6.61e-02
1.20e+00 1.16e+00 3.96e-02 1.15e+00 3.99e-02 2.84e-01 5.76e+00 5.50e-01 2.29e-01 1.37e-01 1.48e-02
1.16e+00 1.19e+00 2.01e-02 1.20e+00 2.10e-02 3.86e-01 6.72e-01 1.02e+00 6.07e-01 3.20e-01 5.22e-02
1.20e+00 1.10e+00 1.79e-02 1.10e+00 1.80e-02 2.04e-04 6.98e+00 1.45e+00 6.96e-01 4.21e-01 4.86e-02
1.21e+00 1.32e+00 7.16e-03 1.32e+00 7.59e-03 3.68e-52 3.68e-52 3.40e-03 1.98e-03 1.98e-03 2.22e-04
1.21e+00 1.19e+00 1.60e-02 1.19e+00 1.60e-02 7.98e-01 5.07e+00 1.24e+00 6.69e-01 2.42e-01 3.56e-02
1.20e+00 1.14e+00 2.20e-02 1.14e+00 2.21e-02 5.42e-02 5.64e+00 9.01e-01 3.77e-01 2.46e-01 3.14e-02
1.19e+00 1.46e+00 1.30e-02 1.46e+00 1.38e-02 2.13e-26 4.06e-10 2.58e-03 1.33e-03 1.33e-03 1.06e-04
1.15e+00 1.04e+00 1.39e-02 1.04e+00 1.40e-02 2.17e-08 9.84e+00 3.15e+00 1.03e+00 7.28e-01 7.91e-02
1.19e+00 1.21e+00 2.54e-02 1.22e+00 2.73e-02 5.00e-01 1.24e+00 7.29e-01 3.35e-01 2.06e-01 3.58e-02
1.16e+00 1.05e+00 1.46e-02 1.05e+00 1.46e-02 1.43e-07 9.82e+00 2.37e+00 1.01e+00 8.84e-01 1.14e-01
1.17e+00 1.05e+00 1.74e-02 1.05e+00 1.75e-02 5.28e-08 1.30e+01 2.58e+00 1.34e+00 8.54e-01 1.57e-01
1.16e+00 1.19e+00 1.75e-02 1.19e+00 1.77e-02 4.98e-01 8.47e-01 1.20e+00 6.41e-01 4.08e-01 4.37e-02
1.14e+00 1.07e+00 2.17e-02 1.07e+00 2.17e-02 2.05e-02 1.32e+01 2.04e+00 1.05e+00 9.46e-01 8.07e-02
1.17e+00 1.15e+00 3.38e-02 1.14e+00 3.54e-02 7.99e-01 6.17e+00 8.99e-01 3.20e-01 2.08e-01 3.05e-02
1.20e+00 1.07e+00 1.95e-02 1.07e+00 1.97e-02 1.71e-07 1.21e+01 1.91e+00 1.06e+00 5.94e-01 8.32e-02
1.21e+00 1.12e+00 1.14e-02 1.12e+00 1.15e-02 2.09e-08 3.56e+00 8.97e-01 8.60e-01 3.17e-01 6.10e-02
1.19e+00 1.73e+00 1.75e-02 1.72e+00 1.83e-02 2.52e-179 2.50e-59 4.74e-07 2.26e-07 1.74e-07 2.00e-08
1.20e+00 1.04e+00 2.39e-02 1.04e+00 2.40e-02 3.08e-04 1.42e+01 2.27e+00 8.69e-01 6.51e-01 6.79e-02
1.20e+00 1.45e+00 4.01e-03 1.45e+00 4.48e-03 8.07e-294 8.07e-294 3.08e-04 3.08e-04 3.08e-04 7.73e-05
1.20e+00 1.07e+00 2.21e-02 1.05e+00 2.69e-02 5.60e-04 1.33e+01 2.16e+00 1.15e+00 5.34e-01 7.29e-02
1.16e+00 1.50e+00 5.89e-02 1.45e+00 8.00e-02 5.46e-21 1.56e-11 3.75e-04 1.34e-04 1.06e-04 1.77e-05
1.19e+00 1.15e+00 7.55e-02 1.11e+00 8.38e-02 3.84e-01 6.95e+00 3.91e-01 1.87e-01 1.10e-01 1.44e-02
1.15e+00 1.70e+00 2.50e-02 1.70e+00 2.50e-02 3.29e-88 2.06e-30 1.86e-06 1.11e-06 6.39e-07 5.92e-08
1.16e+00 1.06e+00 3.21e-02 1.06e+00 3.21e-02 6.37e-02 1.82e+01 1.89e+00 1.13e+00 6.15e-01 6.03e-02
1.18e+00 1.19e+00 2.53e-02 1.20e+00 2.70e-02 9.27e-01 2.67e+00 1.07e+00 5.08e-01 3.28e-01 3.86e-02
1.15e+00 1.07e+00 2.02e-02 1.06e+00 2.14e-02 2.16e-03 1.31e+01 2.32e+00 1.22e+00 6.99e-01 8.73e-02
1.16e+00 1.18e+00 7.13e-02 1.22e+00 8.37e-02 1.07e-02 6.82e-01 1.60e-01 5.19e-02 3.50e-02 6.36e-03
1.20e+00 1.20e+00 3.49e-02 1.21e+00 3.58e-02 6.39e-01 2.60e+00 5.86e-01 2.50e-01 1.37e-01 1.45e-02
1.17e+00 1.26e+00 3.87e-03 1.26e+00 4.07e-03 1.29e-99 1.29e-99 8.94e-03 8.94e-03 8.94e-03 1.57e-03
1.19e+00 1.31e+00 6.15e-02 1.35e+00 7.37e-02 3.62e-03 8.33e-03 1.61e-02 5.97e-03 4.02e-03 6.18e-04
1.17e+00 1.05e+00 1.18e-02 1.05e+00 1.18e-02 3.14e-12 7.54e+00 2.66e+00 1.48e+00 5.75e-01 9.36e-02
1.17e+00 1.45e+00 4.34e-02 1.44e+00 4.43e-02 1.80e-10 2.28e-09 3.78e-03 1.58e-03 8.01e-04 9.16e-05
1.21e+00 1.22e+00 5.55e-02 1.20e+00 5.96e-02 1.88e-01 1.09e+00 1.55e-01 4.76e-02 3.07e-02 5.95e-03
1.18e+00 1.68e+00 4.89e-02 1.68e+00 4.90e-02 8.11e-29 1.05e-08 8.60e-06 4.08e-06 1.96e-06 2.72e-07
1.20e+00 1.24e+00 4.44e-03 1.24e+00 4.85e-03 3.63e-25 3.63e-25 1.21e-02 1.21e-02 3.34e-03 3.34e-03
1.20e+00 1.12e+00 4.20e-02 1.10e+00 4.55e-02 1.20e-01 1.09e+01 1.48e+00 6.08e-01 3.04e-01 3.38e-02
1.14e+00 1.06e+00 2.52e-02 1.05e+00 2.67e-02 2.41e-02 1.29e+01 1.89e+00 9.82e-01 4.73e-01 8.48e-02
1.18e+00 1.27e+00 6.42e-03 1.27e+00 7.47e-03 5.77e-47 6.62e-47 7.84e-03 5.59e-03 5.59e-03 4.33e-04
1.16e+00 1.20e+00 2.49e-02 1.20e+00 2.49e-02 3.16e-01 7.39e-01 8.96e-01 4.16e-01 2.51e-01 2.67e-02
1.17e+00 1.19e+00 3.31e-02 1.19e+00 3.31e-02 4.58e-01 1.49e+00 4.68e-01 1.99e-01 1.13e-01 2.27e-02
1.15e+00 1.05e+00 1.38e-02 1.05e+00 1.46e-02 3.89e-07 8.92e+00 2.84e+00 1.20e+00 5.13e-01 7.13e-02
1.15e+00 1.23e+00 1.96e-02 1.23e+00 1.98e-02 3.11e-03 4.25e-03 7.70e-01 4.57e-01 2.04e-01 2.17e-02
1.16e+00 1.41e+00 8.27e-03 1.41e+00 8.44e-03 2.38e-122 2.38e-122 6.77e-04 3.81e-04 2.76e-04 7.14e-05
1.21e+00 1.52e+00 1.50e-01 1.54e+00 1.52e-01 4.66e-09 2.95e-05 1.54e-04 7.42e-05 3.95e-05 3.76e-06
1.18e+00 1.08e+00 2.51e-02 1.08e+00 2.51e-02 6.72e-03 8.92e+00 1.85e+00 8.52e-01 7.53e-01 1.09e-01
1.15e+00 1.44e+00 7.10e-02 1.44e+00 7.11e-02 1.60e-08 6.24e-05 4.05e-03 1.54e-03 7.95e-04 9.63e-05
1.20e+00 1.16e+00 6.31e-02 1.11e+00 7.94e-02 3.75e-02 1.76e+00 1.67e-01 8.53e-02 3.97e-02 1.17e-02
1.17e+00 1.11e+00 3.48e-02 1.11e+00 3.51e-02 3.64e-01 1.09e+01 1.16e+00 4.94e-01 2.40e-01 3.53e-02
1.19e+00 1.38e+00 3.21e-02 1.38e+00 3.22e-02 2.03e-06 3.76e-06 8.47e-03 4.13e-03 2.39e-03 3.80e-04
1.16e+00 1.34e+00 1.02e-02 1.34e+00 1.04e-02 6.84e-80 6.84e-80 2.51e-03 1.26e-03 6.31e-04 2.27e-04
1.18e+00 1.67e+00 1.10e-02 1.66e+00 1.24e-02 0.00e+00 2.11e-162 2.02e-06 1.14e-06 9.51e-07 1.12e-07
1.16e+00 9.78e-01 4.24e-03 9.80e-01 4.63e-03 1.98e-60 2.04e+00 1.61e+00 1.61e+00 4.12e-01 4.12e-01
1.20e+00 1.13e+00 3.10e-02 1.13e+00 3.11e-02 1.45e-01 2.05e+01 2.23e+00 1.04e+00 5.84e-01 1.25e-01
1.21e+00 1.13e+00 3.51e-02 1.13e+00 3.51e-02 2.89e-01 2.17e+01 2.07e+00 8.95e-01 6.30e-01 8.82e-02
1.17e+00 1.23e+00 6.55e-03 1.22e+00 8.76e-03 4.96e-29 4.96e-29 1.65e-02 1.38e-02 1.38e-02 2.82e-03
1.16e+00 1.22e+00 4.35e-03 1.22e+00 4.86e-03 6.61e-43 7.31e-37 1.63e-02 1.63e-02 1.63e-02 4.10e-03
1.20e+00 1.04e+00 8.31e-02 1.01e+00 8.83e-02 2.49e-01 1.99e+01 2.29e+00 1.17e+00 4.04e-01 5.77e-02
1.21e+00 1.26e+00 6.20e-01 7.00e-02 1.34e+00 2.74e-10 2.08e-04 2.72e-05 1.33e-05 8.59e-06 1.10e-06
1.17e+00 1.46e+00 5.41e-02 1.44e+00 5.83e-02 4.97e-16 3.09e-10 1.61e-03 5.65e-04 2.08e-04 2.97e-05
1.19e+00 1.10e+00 4.73e-02 1.08e+00 5.20e-02 3.02e-01 1.48e+01 1.66e+00 5.48e-01 2.54e-01 4.89e-02
1.17e+00 8.22e-01 7.01e-01 7.00e-02 1.03e+00 2.10e-09 3.63e-03 6.23e-04 1.57e-04 9.01e-05 1.18e-05
1.21e+00 1.18e+00 7.21e-02 1.22e+00 8.12e-02 1.75e-01 1.56e+00 1.50e-01 5.86e-02 3.70e-02 6.16e-03
1.16e+00 1.43e+00 2.17e-02 1.43e+00 2.17e-02 2.02e-15 2.43e-15 3.64e-03 1.49e-03 1.41e-03 1.43e-04
1.19e+00 1.25e+00 2.58e-02 1.26e+00 2.66e-02 1.25e-02 3.08e-02 1.98e-01 8.91e-02 5.04e-02 4.69e-03
1.21e+00 1.23e+00 6.43e-02 1.23e+00 6.43e-02 2.34e-01 1.56e+00 1.83e-01 8.58e-02 4.66e-02 6.13e-03
1.16e+00 1.10e+00 3.57e-02 1.09e+00 3.62e-02 6.84e-01 3.21e+01 2.78e+00 1.27e+00 8.37e-01 1.51e-01
1.15e+00 1.04e+00 4.08e-02 1.03e+00 4.23e-02 8.55e-02 1.82e+01 1.59e+00 8.03e-01 4.12e-01 5.42e-02
1.20e+00 1.60e+00 4.19e-02 1.60e+00 4.20e-02 8.03e-30 2.76e-16 5.65e-05 2.34e-05 1.60e-05 2.01e-06
1.16e+00 1.12e+00 2.99e-02 1.12e+00 3.00e-02 5.02e-01 8.94e+00 1.14e+00 5.68e-01 2.67e-01 3.34e-02
1.17e+00 1.61e+00 5.89e-02 1.62e+00 6.06e-02 3.45e-20 7.39e-09 3.59e-05 1.46e-05 7.86e-06 1.12e-06
1.20e+00 1.60e+00 6.26e-02 1.63e+00 6.76e-02 2.45e-24 4.53e-21 9.08e-06 3.78e-06 2.24e-06 3.28e-07
1.16e+00 1.10e+00 3.45e-02 1.10e+00 3.46e-02 9.18e-01 2.82e+01 2.51e+00 1.30e+00 6.72e-01 1.12e-01
1.21e+00 1.45e+00 4.72e-02 1.44e+00 4.80e-02 3.87e-09 8.16e-07 3.87e-03 1.61e-03 7.08e-04 9.44e-05
1.17e+00 1.63e+00 4.73e-02 1.63e+00 4.75e-02 3.58e-27 2.55e-12 2.87e-05 1.30e-05 7.31e-06 8.91e-07
1.18e+00 1.58e+00 5.33e-02 1.59e+00 5.36e-02 5.23e-22 9.12e-12 7.28e-05 3.10e-05 1.51e-05 2.15e-06
1.15e+00 1.27e+00 1.04e-02 1.27e+00 1.04e-02 4.23e-17 5.71e-17 2.29e-02 1.20e-02 1.20e-02 5.76e-04
1.17e+00 1.18e+00 4.42e-02 1.16e+00 4.88e-02 5.57e-01 2.63e+00 5.17e-01 2.00e-01 1.10e-01 1.12e-02
1.19e+00 1.58e+00 1.28e-01 1.59e+00 1.29e-01 1.44e-14 5.38e-06 5.10e-05 2.22e-05 1.27e-05 1.54e-06
1.18e+00 1.38e+00 1.44e-01 1.42e+00 1.50e-01 6.14e-05 8.72e-04 4.87e-03 1.64e-03 9.20e-04 9.86e-05
1.17e+00 1.65e+00 5.14e-02 1.65e+00 5.16e-02 1.43e-21 1.12e-08 1.34e-05 6.25e-06 3.21e-06 3.47e-07
1.17e+00 1.57e+00 7.02e-02 1.59e+00 7.42e-02 1.49e-17 5.13e-09 6.00e-05 2.98e-05 1.86e-05 2.32e-06
1.22e+00 1.35e+00 5.60e-02 1.36e+00 5.74e-02 2.08e-03 1.05e-02 1.45e-02 6.40e-03 2.64e-03 5.65e-04
1.24e+00 1.19e+00 1.47e-02 1.19e+00 1.52e-02 1.14e-04 4.73e+00 1.08e+00 6.16e-01 3.39e-01 7.45e-02
1.24e+00 1.07e+00 1.09e-01 1.02e+00 1.19e-01 1.72e-01 1.37e+01 1.99e+00 6.68e-01 3.51e-01 4.53e-02
1.22e+00 1.44e+00 8.91e-03 1.44e+00 9.30e-03 1.22e-62 1.22e-62 5.23e-04 4.50e-04 1.76e-04 3.68e-05
1.25e+00 1.23e+00 4.18e-02 1.22e+00 4.23e-02 1.94e-01 2.03e+00 2.53e-01 9.85e-02 4.76e-02 6.56e-03
1.24e+00 1.26e+00 6.87e-03 1.26e+00 8.11e-03 9.38e-04 9.39e-04 3.20e-01 2.88e-01 2.88e-01 2.73e-02
1.22e+00 1.15e+00 7.25e-02 1.10e+00 8.68e-02 4.24e-01 1.05e+01 4.95e-01 2.67e-01 1.38e-01 1.80e-02
1.23e+00 1.25e+00 9.58e-03 1.25e+00 9.93e-03 2.05e-02 2.16e-02 5.27e-01 2.65e-01 2.65e-01 2.39e-02
1.22e+00 1.16e+00 3.71e-02 1.15e+00 3.83e-02 1.80e-01 7.76e+00 7.27e-01 3.80e-01 2.08e-01 2.32e-02
1.21e+00 1.21e+00 4.04e-02 1.22e+00 4.29e-02 6.99e-01 3.18e+00 6.09e-01 2.84e-01 1.42e-01 1.46e-02
1.22e+00 1.20e+00 6.41e-03 1.20e+00 6.58e-03 2.99e-03 1.35e+00 8.19e-01 3.50e-01 3.50e-01 1.69e-01
1.22e+00 1.06e+00 3.38e-02 1.05e+00 3.45e-02 2.53e-04 3.46e+01 3.72e+00 1.63e+00 8.51e-01 1.57e-01
1.22e+00 1.17e+00 2.23e-02 1.17e+00 2.23e-02 7.88e-02 1.03e+01 1.53e+00 7.53e-01 4.38e-01 7.00e-02
1.24e+00 1.25e+00 7.23e-03 1.25e+00 7.24e-03 2.19e-01 2.76e-01 3.65e-01 1.54e-01 1.30e-01 9.17e-03
1.21e+00 1.19e+00 1.76e-02 1.20e+00 1.86e-02 1.08e+00 4.70e+00 1.24e+00 4.72e-01 4.25e-01 9.31e-02
1.25e+00 1.63e+00 5.36e-02 1.63e+00 5.37e-02 6.28e-17 3.18e-09 2.55e-05 1.26e-05 6.92e-06 9.43e-07
1.21e+00 1.22e+00 7.34e-02 1.25e+00 7.77e-02 2.65e-01 1.14e+00 5.14e-01 1.99e-01 8.12e-02 1.20e-02
1.25e+00 1.21e+00 8.98e-03 1.21e+00 9.47e-03 2.63e-04 2.56e-02 1.87e-02 1.87e-02 3.38e-03 1.60e-03
1.21e+00 1.76e+00 9.41e-02 1.78e+00 9.62e-02 4.20e-14 1.42e-10 4.29e-07 1.90e-07 1.06e-07 1.21e-08
1.22e+00 1.66e+00 1.17e-02 1.66e+00 1.21e-02 9.60e-249 2.29e-134 2.60e-06 1.40e-06 8.88e-07 1.83e-07
1.23e+00 1.26e+00 3.16e-02 1.25e+00 3.21e-02 3.51e-01 8.54e-01 4.88e-01 2.48e-01 1.41e-01 1.41e-02
1.21e+00 1.40e+00 1.61e-02 1.40e+00 1.64e-02 5.76e-28 6.22e-28 3.46e-03 1.58e-03 1.06e-03 3.27e-04
1.25e+00 1.14e+00 1.59e-02 1.14e+00 1.59e-02 4.11e-12 6.88e+00 1.73e+00 8.36e-01 6.86e-01 7.04e-02
1.23e+00 1.62e+00 2.08e-02 1.62e+00 2.08e-02 1.77e-92 3.31e-59 7.17e-06 3.13e-06 2.79e-06 3.43e-07
1.25e+00 1.06e+00 1.32e-01 9.80e-01 1.56e-01 3.60e-01 1.25e+01 1.07e+00 3.38e-01 1.79e-01 2.07e-02
1.21e+00 1.21e+00 1.59e-02 1.22e+00 1.71e-02 9.40e-01 2.24e+00 9.18e-01 5.66e-01 2.55e-01 3.57e-02
1.21e+00 1.14e+00 7.44e-02 1.08e+00 9.60e-02 1.91e-01 3.14e+00 2.23e-01 9.50e-02 6.15e-02 8.02e-03
1.24e+00 1.22e+00 5.70e-02 1.20e+00 6.04e-02 1.22e-01 1.43e+00 1.35e-01 5.56e-02 2.86e-02 5.89e-03
1.21e+00 1.64e+00 1.60e-02 1.64e+00 1.65e-02 9.94e-126 5.60e-71 4.04e-06 2.73e-06 1.14e-06 1.09e-07
1.23e+00 1.07e+00 3.78e-02 1.06e+00 4.01e-02 1.54e-02 1.31e+01 1.20e+00 6.97e-01 3.25e-01 3.17e-02
1.23e+00 1.22e+00 2.80e-02 1.22e+00 2.80e-02 8.46e-01 3.88e+00 7.31e-01 3.03e-01 1.60e-01 2.67e-02
1.24e+00 1.15e+00 3.01e-02 1.14e+00 3.12e-02 1.58e-02 7.42e+00 8.62e-01 3.70e-01 2.67e-01 4.11e-02
1.24e+00 1.15e+00 5.85e-02 1.14e+00 5.95e-02 2.78e-06 1.03e-01 1.51e-02 6.83e-03 3.45e-03 4.93e-04
1.24e+00 1.28e+00 6.57e-03 1.28e+00 8.05e-03 3.68e-08 3.74e-08 6.54e-03 5.49e-03 5.49e-03 5.92e-04
1.21e+00 1.43e+00 8.79e-03 1.43e+00 9.01e-03 3.36e-66 3.36e-66 4.92e-04 2.62e-04 2.62e-04 1.98e-05
1.21e+00 1.35e+00 1.37e-02 1.35e+00 1.37e-02 7.66e-22 7.66e-22 2.23e-02 8.56e-03 7.78e-03 1.43e-03
1.24e+00 1.16e+00 1.98e-02 1.16e+00 2.00e-02 8.86e-05 9.96e+00 1.56e+00 8.77e-01 5.49e-01 9.64e-02
1.23e+00 1.20e+00 6.64e-02 1.20e+00 6.65e-02 1.79e-01 2.33e+00 1.59e-01 7.01e-02 4.08e-02 7.33e-03
1.24e+00 1.46e+00 2.00e-02 1.45e+00 2.18e-02 1.69e-34 1.87e-34 1.08e-03 4.38e-04 2.11e-04 1.62e-05
1.24e+00 1.69e+00 4.26e-02 1.69e+00 4.26e-02 4.43e-26 1.61e-12 7.13e-06 3.29e-06 2.01e-06 2.74e-07
1.23e+00 1.28e+00 8.41e-03 1.28e+00 8.52e-03 4.02e-08 4.02e-08 2.69e-01 1.07e-01 1.07e-01 2.98e-02
1.25e+00 1.06e+00 1.76e-02 1.05e+00 2.20e-02 3.57e-07 1.19e+01 2.62e+00 1.28e+00 8.32e-01 1.34e-01
1.26e+00 1.69e+00 1.33e-02 1.69e+00 1.34e-02 3.09e-218 1.47e-102 1.11e-06 4.48e-07 3.15e-07 7.86e-08
1.23e+00 1.36e+00 1.59e-02 1.36e+00 1.63e-02 7.22e-19 7.23e-19 2.54e-02 1.66e-02 8.80e-03 6.77e-04
1.25e+00 1.33e+00 1.62e-02 1.33e+00 1.62e-02 2.79e-08 2.85e-08 4.60e-02 2.66e-02 1.10e-02 2.61e-03
1.24e+00 1.57e+00 7.08e-02 1.59e+00 7.26e-02 9.14e-12 1.40e-07 5.44e-05 2.39e-05 1.51e-05 2.35e-06
1.24e+00 1.26e+00 3.04e-02 1.26e+00 3.04e-02 9.39e-02 2.48e-01 1.01e-01 5.12e-02 2.68e-02 4.17e-03
1.23e+00 1.09e+00 1.22e-01 9.90e-01 1.55e-01 5.32e-01 1.19e+01 9.88e-01 3.51e-01 2.08e-01 2.60e-02
1.21e+00 1.10e+00 1.28e-02 1.10e+00 1.28e-02 9.18e-12 6.41e+00 1.59e+00 1.49e+00 5.25e-01 1.17e-01
1.23e+00 1.11e+00 3.26e-02 1.11e+00 3.29e-02 4.38e-03 2.45e+01 2.22e+00 1.13e+00 7.36e-01 1.18e-01
1.24e+00 1.24e+00 1.35e-02 1.24e+00 1.39e-02 6.85e-01 1.54e+00 7.43e-01 3.10e-01 1.61e-01 2.61e-02
1.23e+00 1.27e+00 3.43e-02 1.26e+00 3.51e-02 4.45e-02 1.01e-01 9.69e-02 4.09e-02 2.74e-02 2.24e-03
1.21e+00 1.65e+00 4.80e-02 1.65e+00 4.81e-02 8.91e-22 7.96e-10 1.39e-05 6.53e-06 3.22e-06 4.73e-07
1.21e+00 1.30e+00 6.82e-03 1.30e+00 7.54e-03 3.75e-48 3.75e-48 4.74e-03 3.15e-03 3.15e-03 2.86e-04
1.23e+00 1.65e+00 4.82e-02 1.65e+00 4.82e-02 7.37e-22 6.06e-10 1.47e-05 6.83e-06 3.66e-06 4.95e-07
1.22e+00 1.69e+00 1.03e-02 1.69e+00 1.12e-02 0.00e+00 3.97e-162 1.15e-06 4.90e-07 4.15e-07 5.18e-08
1.23e+00 1.35e+00 1.02e-02 1.35e+00 1.03e-02 3.11e-32 5.37e-06 7.08e-02 3.52e-02 3.52e-02 9.26e-03
1.23e+00 1.25e+00 2.65e-02 1.25e+00 2.66e-02 3.53e-01 8.09e-01 4.85e-01 2.12e-01 1.64e-01 1.82e-02
1.22e+00 1.21e+00 7.73e-03 1.21e+00 8.14e-03 5.96e-01 1.93e+00 8.61e-01 7.49e-01 2.86e-01 4.33e-02
1.23e+00 1.08e+00 6.50e-02 1.05e+00 7.25e-02 1.02e-01 1.67e+01 1.88e+00 8.24e-01 3.32e-01 3.44e-02
1.23e+00 1.19e+00 1.76e-02 1.19e+00 1.78e-02 1.39e-01 5.65e+00 1.29e+00 4.92e-01 4.07e-01 9.70e-02
1.22e+00 1.21e+00 8.15e-03 1.21e+00 9.28e-03 2.14e-01 2.12e+00 8.75e-01 8.31e-01 2.42e-01 1.72e-01
1.21e+00 1.06e+00 1.69e-02 1.05e+00 1.88e-02 4.60e-06 1.18e+01 2.62e+00 1.15e+00 5.69e-01 1.42e-01
1.25e+00 1.46e+00 2.46e-02 1.45e+00 2.51e-02 1.10e-18 1.27e-18 2.41e-03 1.29e-03 6.24e-04 6.09e-05
1.23e+00 1.24e+00 6.68e-03 1.24e+00 6.89e-03 2.30e-01 2.80e-01 5.27e-01 1.91e-01 1.91e-01 2.65e-02
1.24e+00 1.64e+00 2.14e-02 1.64e+00 2.14e-02 1.47e-81 9.11e-50 4.50e-06 1.86e-06 9.20e-07 1.53e-07
1.22e+00 1.27e+00 1.15e-02 1.27e+00 1.24e-02 3.24e-04 3.64e-04 1.46e-01 7.13e-02 5.88e-02 1.25e-02
1.23e+00 1.41e+00 2.08e-02 1.42e+00 2.18e-02 1.89e-16 2.31e-16 4.21e-03 2.64e-03 1.15e-03 2.81e-04
1.22e+00 1.42e+00 8.23e-03 1.42e+00 8.35e-03 1.93e-56 1.93e-56 5.91e-04 2.82e-04 1.84e-04 2.38e-05
1.23e+00 1.28e+00 6.19e-02 1.25e+00 6.97e-02 3.65e-02 1.29e-01 3.61e-02 1.30e-02 6.99e-03 1.16e-03
1.23e+00 1.20e+00 1.03e-02 1.20e+00 1.08e-02 4.52e-02 8.67e-01 3.22e-01 1.46e-01 8.25e-02 1.46e-02
1.24e+00 1.07e+00 1.75e-02 1.07e+00 1.76e-02 7.15e-08 1.08e+01 1.87e+00 1.10e+00 7.40e-01 1.53e-01
1.25e+00 1.27e+00 9.43e-03 1.27e+00 9.66e-03 9.96e-02 1.18e-01 3.66e-01 1.69e-01 1.69e-01 2.21e-02
1.24e+00 1.22e+00 1.01e-02 1.22e+00 1.06e-02 3.49e-01 1.83e+00 7.76e-01 3.08e-01 1.95e-01 2.73e-02
1.25e+00 1.22e+00 5.07e-02 1.20e+00 5.57e-02 1.04e-01 1.66e+00 2.02e-01 7.22e-02 3.15e-02 4.66e-03
1.25e+00 1.66e+00 1.39e-02 1.66e+00 1.39e-02 3.62e-194 1.42e-101 2.39e-06 9.46e-07 9.33e-07 2.50e-07
1.23e+00 1.63e+00 5.74e-02 1.64e+00 5.87e-02 1.66e-17 2.70e-08 2.25e-05 1.03e-05 5.81e-06 7.08e-07
1.24e+00 1.65e+00 4.81e-02 1.65e+00 4.81e-02 9.99e-24 2.70e-11 1.48e-05 6.76e-06 3.98e-06 4.97e-07
1.23e+00 1.25e+00 2.17e-02 1.24e+00 2.25e-02 4.42e-01 9.22e-01 5.52e-01 3.34e-01 1.63e-01 2.72e-02
1.21e+00 1.23e+00 1.23e-02 1.22e+00 1.40e-02 5.88e-01 8.47e-01 8.59e-01 5.39e-01 3.32e-01 2.16e-02
1.24e+00 1.16e+00 6.68e-02 1.12e+00 7.99e-02 1.97e-01 4.40e+00 2.21e-01 1.14e-01 8.52e-02 1.20e-02
1.21e+00 1.22e+00 9.66e-03 1.22e+00 1.08e-02 2.72e-01 4.61e-01 2.92e-01 9.40e-02 9.25e-02 1.18e-02
1.21e+00 1.19e+00 3.06e-02 1.20e+00 3.23e-02 1.04e+00 5.67e+00 8.46e-01 4.53e-01 2.40e-01 3.27e-02
1.21e+00 1.12e+00 2.79e-02 1.12e+00 2.80e-02 1.97e-02 8.22e+00 1.15e+00 4.03e-01 2.30e-01 3.72e-02
1.23e+00 1.66e+00 1.19e-02 1.66e+00 1.19e-02 6.43e-243 2.13e-121 2.23e-06 1.63e-06 6.66e-07 1.05e-07
1.24e+00 1.31e+00 7.99e-03 1.31e+00 8.04e-03 6.73e-23 6.73e-23 8.69e-02 5.72e-02 3.49e-02 5.24e-03
1.25e+00 1.40e+00 5.65e-02 1.41e+00 5.75e-02 8.67e-05 3.01e-04 6.37e-03 2.92e-03 1.60e-03 1.60e-04
1.25e+00 1.04e+00 3.55e-02 1.04e+00 3.55e-02 4.33e-05 1.13e+01 2.78e+00 1.63e+00 7.43e-01 4.75e-02
1.21e+00 1.77e+00 5.98e-02 1.78e+00 6.07e-02 9.21e-15 6.74e-11 7.12e-07 2.56e-07 1.90e-07 5.01e-08
1.26e+00 1.36e+00 8.53e-03 1.36e+00 8.58e-03 9.13e-43 9.13e-43 1.70e-03 7.43e-04 7.43e-04 1.03e-04
1.24e+00 1.18e+00 5.06e-02 1.18e+00 5.08e-02 2.14e-01 5.48e+00 3.96e-01 1.61e-01 9.83e-02 1.20e-02
1.23e+00 1.11e+00 4.14e-02 1.11e+00 4.16e-02 3.96e-02 1.02e+01 8.67e-01 3.54e-01 2.10e-01 2.57e-02
1.24e+00 1.14e+00 1.70e-02 1.13e+00 1.87e-02 2.00e-08 1.18e+01 2.68e+00 1.14e+00 7.11e-01 1.67e-01
1.23e+00 1.08e+00 2.33e-02 1.08e+00 2.36e-02 9.53e-04 1.20e+01 1.75e+00 9.05e-01 5.93e-01 6.03e-02
1.25e+00 1.30e+00 9.68e-03 1.30e+00 9.95e-03 8.32e-09 8.35e-09 1.80e-01 6.17e-02 6.17e-02 1.27e-02
1.23e+00 1.26e+00 9.23e-03 1.26e+00 1.01e-02 2.64e-04 2.67e-04 4.04e-01 3.74e-01 1.42e-01 1.83e-02
1.21e+00 1.42e+00 5.34e-03 1.42e+00 6.72e-03 5.46e-198 5.46e-198 5.56e-04 3.58e-04 3.58e-04 3.58e-04
1.21e+00 1.36e+00 1.40e-02 1.36e+00 1.40e-02 3.38e-23 3.38e-23 2.19e-02 9.45e-03 9.31e-03 7.16e-04
1.23e+00 1.24e+00 6.85e-03 1.24e+00 6.87e-03 1.12e-01 1.23e-01 5.61e-01 1.86e-01 1.33e-01 1.41e-02
1.23e+00 1.12e+00 1.14e-01 1.09e+00 1.18e-01 1.14e-06 1.70e-01 2.07e-02 8.91e-03 4.85e-03 4.51e-04
1.25e+00 1.23e+00 4.11e-02 1.22e+00 4.18e-02 4.85e-01 3.89e+00 4.66e-01 2.16e-01 9.71e-02 1.39e-02
1.22e+00 1.41e+00 5.21e-02 1.42e+00 5.29e-02 1.48e-04 4.67e-04 5.33e-03 1.75e-03 9.04e-04 9.04e-05
1.22e+00 1.22e+00 1.58e-02 1.22e+00 1.59e-02 9.68e-01 2.26e+00 7.93e-01 4.92e-01 3.59e-01 3.94e-02
1.22e+00 1.10e+00 2.76e-02 1.10e+00 2.77e-02 2.39e-03 1.15e+01 1.44e+00 6.54e-01 3.84e-01 5.23e-02
1.23e+00 1.66e+00 1.19e-02 1.66e+00 1.21e-02 3.61e-248 8.17e-125 1.97e-06 1.84e-06 9.27e-07 1.83e-07
1.23e+00 1.22e+00 1.41e-02 1.22e+00 1.50e-02 5.74e-01 2.95e+00 8.25e-01 4.87e-01 1.98e-01 3.86e-02
1.22e+00 1.42e+00 8.66e-03 1.42e+00 8.68e-03 1.41e-62 1.41e-62 5.79e-04 2.39e-04 2.39e-04 3.49e-05
1.24e+00 1.65e+00 1.37e-02 1.65e+00 1.40e-02 2.38e-186 3.08e-100 3.35e-06 1.37e-06 7.25e-07 1.01e-07
1.25e+00 1.32e+00 4.23e-03 1.32e+00 4.25e-03 4.17e-56 4.17e-56 3.40e-03 3.40e-03 3.40e-03 2.91e-04
1.25e+00 1.26e+00 6.08e-02 1.23e+00 6.66e-02 7.08e-02 6.62e-01 6.40e-02 2.82e-02 1.85e-02 2.95e-03
1.25e+00 1.71e+00 3.60e-02 1.71e+00 3.63e-02 3.63e-31 6.41e-15 2.77e-06 1.50e-06 6.64e-07 8.51e-08
1.25e+00 1.11e+00 6.89e-03 1.11e+00 7.08e-03 3.59e-44 2.01e+00 1.21e+00 4.99e-01 4.99e-01 5.47e-02
1.24e+00 1.06e+00 1.96e-02 1.05e+00 2.33e-02 4.73e-04 1.26e+01 2.58e+00 1.47e+00 8.65e-01 1.12e-01
1.23e+00 1.23e+00 1.00e-02 1.23e+00 1.11e-02 1.17e-02 1.85e-02 1.40e-02 4.58e-03 3.38e-03 6.34e-04
1.21e+00 1.17e+00 7.87e-02 1.21e+00 9.03e-02 6.93e-01 5.72e+00 5.38e-01 1.89e-01 1.08e-01 1.75e-02
1.25e+00 1.36e+00 6.45e-03 1.36e+00 6.78e-03 1.58e-66 1.58e-66 1.70e-03 8.79e-04 8.79e-04 3.16e-04
1.23e+00 1.28e+00 1.08e-02 1.28e+00 1.12e-02 2.14e-05 2.30e-05 1.16e-01 5.53e-02 3.32e-02 4.66e-03
1.23e+00 1.27e+00 1.47e-02 1.27e+00 1.56e-02 9.70e-03 1.20e-02 1.54e-01 9.45e-02 3.88e-02 9.70e-03
1.23e+00 1.12e+00 4.25e-02 1.10e+00 4.68e-02 9.06e-02 1.40e+01 1.12e+00 5.38e-01 3.47e-01 4.42e-02
1.23e+00 1.24e+00 1.47e-02 1.24e+00 1.50e-02 6.04e-01 1.16e+00 6.03e-01 3.70e-01 2.10e-01 3.33e-02
1.26e+00 1.15e+00 3.27e-02 1.14e+00 3.30e-02 1.93e-03 1.96e+01 1.85e+00 9.47e-01 5.73e-01 8.19e-02
1.24e+00 1.04e+00 2.64e-02 1.04e+00 2.68e-02 6.31e-05 1.56e+01 2.22e+00 9.67e-01 4.97e-01 8.06e-02
1.24e+00 1.68e+00 4.45e-02 1.68e+00 4.45e-02 1.48e-17 5.25e-10 5.70e-06 2.50e-06 1.40e-06 1.84e-07
1.24e+00 1.15e+00 4.82e-02 1.16e+00 4.85e-02 1.78e-01 1.26e+01 7.97e-01 3.46e-01 2.16e-01 3.01e-02
1.23e+00 1.26e+00 1.56e-02 1.26e+00 1.57e-02 5.07e-02 7.17e-02 1.67e-01 8.37e-02 8.37e-02 7.06e-03
1.25e+00 1.49e+00 1.95e-02 1.49e+00 2.01e-02 1.52e-21 3.53e-07 1.70e-03 9.77e-04 4.28e-04 1.43e-04
1.22e+00 1.71e+00 9.84e-03 1.71e+00 1.05e-02 0.00e+00 3.90e-176 7.09e-07 2.89e-07 2.03e-07 2.85e-08
1.25e+00 1.11e+00 2.87e-02 1.11e+00 2.87e-02 9.91e-06 2.43e+01 2.74e+00 1.28e+00 7.70e-01 1.20e-01
1.21e+00 1.14e+00 7.47e-02 1.08e+00 9.66e-02 2.08e-01 2.58e+00 2.08e-01 1.12e-01 5.48e-02 1.02e-02
1.26e+00 1.30e+00 2.35e-02 1.30e+00 2.35e-02 7.49e-03 1.31e-02 4.22e-02 1.88e-02 1.05e-02 1.95e-03
1.21e+00 1.02e+00 2.51e-02 1.02e+00 2.54e-02 5.46e-07 4.48e+01 6.38e+00 3.01e+00 1.58e+00 2.87e-01
1.25e+00 1.20e+00 6.57e-02 1.22e+00 6.84e-02 1.31e-01 2.14e+00 1.18e-01 6.40e-02 3.71e-02 5.09e-03
1.25e+00 1.20e+00 1.49e-02 1.20e+00 1.53e-02 4.18e-04 4.49e+00 1.07e+00 5.76e-01 3.74e-01 7.36e-02
1.25e+00 1.66e+00 3.83e-02 1.66e+00 3.85e-02 3.53e-33 3.15e-16 1.34e-05 5.64e-06 3.48e-06 6.64e-07
1.23e+00 1.09e+00 3.26e-02 1.09e+00 3.27e-02 6.48e-03 1.33e+01 1.43e+00 6.81e-01 4.57e-01 6.04e-02
1.23e+00 1.15e+00 4.37e-02 1.12e+00 5.08e-02 1.01e-01 8.94e+00 7.19e-01 4.12e-01 2.28e-01 3.47e-02
1.23e+00 1.21e+00 6.16e-02 1.22e+00 6.29e-02 1.13e-01 1.15e+00 8.83e-02 4.18e-02 2.61e-02 3.49e-03
1.25e+00 1.21e+00 3.38e-02 1.22e+00 3.45e-02 8.15e-02 2.36e+00 3.19e-01 1.62e-01 1.00e-01 8.02e-03
1.21e+00 1.27e+00 2.49e-02 1.27e+00 2.54e-02 1.20e-03 1.15e-02 6.24e-02 2.73e-02 1.87e-02 1.17e-03
1.21e+00 1.41e+00 4.88e-03 1.41e+00 4.93e-03 6.35e-196 6.35e-196 6.74e-04 6.74e-04 1.42e-04 7.79e-05
1.22e+00 1.69e+00 9.08e-03 1.69e+00 1.03e-02 0.00e+00 1.52e-209 1.11e-06 9.28e-07 3.17e-07 3.17e-07
1.25e+00 1.64e+00 1.63e-02 1.65e+00 1.74e-02 1.24e-133 3.48e-77 3.15e-06 1.17e-06 9.09e-07 1.05e-07
1.24e+00 1.24e+00 1.45e-01 1.34e+00 1.74e-01 1.39e-03 6.39e-01 1.09e-01 5.06e-02 2.89e-02 4.34e-03
1.23e+00 1.18e+00 8.76e-03 1.18e+00 9.08e-03 5.07e-10 2.57e+00 1.05e+00 9.26e-01 4.08e-01 6.88e-02
1.25e+00 1.39e+00 3.12e-02 1.39e+00 3.14e-02 1.35e-04 2.87e-04 7.33e-03 3.40e-03 1.96e-03 2.40e-04
1.22e+00 1.20e+00 1.92e-02 1.20e+00 1.92e-02 8.62e-01 5.51e+00 1.06e+00 6.46e-01 3.00e-01 7.83e-02
1.23e+00 1.48e+00 2.85e-02 1.46e+00 3.35e-02 1.91e-40 1.21e-37 8.71e-04 5.70e-04 2.26e-04 2.69e-05
1.25e+00 1.14e+00 5.02e-02 1.11e+00 5.93e-02 1.04e-01 1.31e+01 8.68e-01 4.29e-01 2.69e-01 3.85e-02
1.22e+00 1.25e+00 2.66e-02 1.25e+00 2.68e-02 3.00e-01 6.15e-01 5.43e-01 2.41e-01 1.19e-01 2.14e-02
1.22e+00 1.19e+00 2.57e-02 1.20e+00 2.63e-02 8.49e-01 6.34e+00 1.06e+00 4.23e-01 2.41e-01 4.11e-02
1.21e+00 1.20e+00 6.28e-02 1.24e+00 7.46e-02 7.23e-02 8.62e-01 1.29e-01 4.26e-02 3.49e-02 5.11e-03
1.21e+00 1.22e+00 2.26e-02 1.22e+00 2.27e-02 8.72e-01 2.56e+00 7.79e-01 3.59e-01 1.91e-01 2.39e-02
1.21e+00 1.70e+00 9.85e-03 1.70e+00 9.95e-03 0.00e+00 2.54e-193 8.70e-07 5.42e-07 5.42e-07 9.18e-08
1.23e+00 1.29e+00 3.85e-02 1.29e+00 3.85e-02 1.44e-02 4.92e-02 5.37e-02 2.28e-02 1.22e-02 1.70e-03
1.24e+00 1.10e+00 6.23e-02 1.05e+00 7.70e-02 1.03e-01 8.77e+00 8.32e-01 2.81e-01 1.70e-01 3.18e-02
1.22e+00 1.13e+00 3.14e-02 1.12e+00 3.26e-02 2.51e-02 9.58e+00 1.09e+00 5.97e-01 2.85e-01 2.72e-02
1.22e+00 1.18e+00 3.42e-02 1.17e+00 3.46e-02 3.14e-01 5.97e+00 6.24e-01 3.19e-01 2.06e-01 1.83e-02
1.24e+00 1.21e+00 1.26e-02 1.21e+00 1.29e-02 2.27e-02 3.28e+00 8.49e-01 7.06e-01 3.96e-01 3.05e-02
1.26e+00 1.08e+00 6.95e-02 1.04e+00 7.85e-02 4.91e-02 1.26e+01 8.59e-01 2.80e-01 1.68e-01 3.11e-02
1.21e+00 1.14e+00 5.29e-02 1.15e+00 5.33e-02 6.32e-01 1.49e+01 9.36e-01 4.80e-01 3.00e-01 4.80e-02
1.23e+00 1.68e+00 9.67e-03 1.68e+00 9.72e-03 0.00e+00 1.32e-148 1.56e-06 7.59e-07 7.59e-07 1.33e-07
1.25e+00 1.22e+00 3.91e-02 1.21e+00 3.96e-02 1.85e-01 2.82e+00 3.55e-01 1.56e-01 7.68e-02 1.04e-02
1.24e+00 1.50e+00 4.87e-02 1.46e+00 6.55e-02 1.01e-17 8.61e-17 3.47e-04 1.60e-04 7.69e-05 1.98e-05
1.23e+00 1.11e+00 4.52e-02 1.09e+00 4.77e-02 1.32e-01 1.39e+01 1.40e+00 6.40e-01 2.67e-01 5.73e-02
1.25e+00 1.23e+00 6.80e-02 1.25e+00 7.00e-02 4.63e-01 2.84e+00 3.62e-01 1.68e-01 8.42e-02 9.35e-03
1.22e+00 1.19e+00 5.09e-02 1.19e+00 5.10e-02 3.36e-01 4.06e+00 3.52e-01 1.69e-01 9.04e-02 1.16e-02
1.22e+00 1.25e+00 2.95e-02 1.25e+00 2.95e-02 3.06e-01 6.01e-01 5.83e-01 2.49e-01 1.43e-01 1.62e-02
1.24e+00 1.05e+00 3.10e-02 1.05e+00 3.12e-02 2.32e-03 1.24e+01 1.83e+00 7.62e-01 4.21e-01 3.41e-02
1.22e+00 1.24e+00 4.29e-02 1.25e+00 4.49e-02 2.04e-01 8.96e-01 2.10e-01 8.91e-02 4.65e-02 5.32e-03
1.22e+00 1.60e+00 5.42e-02 1.61e+00 5.50e-02 2.40e-20 2.18e-10 4.17e-05 1.79e-05 9.63e-06 1.87e-06
1.23e+00 1.69e+00 3.52e-03 1.69e+00 3.52e-03 0.00e+00 0.00e+00 1.20e-06 1.20e-06 1.20e-06 8.45e-08
1.24e+00 1.42e+00 1.56e-02 1.43e+00 1.75e-02 1.37e-35 2.16e-28 6.19e-03 3.75e-03 2.48e-03 2.61e-04
1.23e+00 1.24e+00 5.40e-03 1.24e+00 5.51e-03 1.11e-01 1.20e-01 4.49e-01 4.49e-01 1.06e-01 5.19e-02
1.22e+00 1.27e+00 3.21e-02 1.27e+00 3.23e-02 2.33e-02 4.28e-02 8.08e-02 4.07e-02 2.58e-02 3.97e-03
1.25e+00 1.75e+00 9.36e-02 1.68e+00 1.16e-01 1.05e-46 7.72e-33 1.08e-07 3.55e-08 1.94e-08 3.35e-09
1.22e+00 1.09e+00 3.56e-02 1.09e+00 3.59e-02 8.99e-02 1.27e+01 1.72e+00 7.71e-01 4.59e-01 3.90e-02
1.25e+00 1.22e+00 5.70e-02 1.19e+00 6.39e-02 5.57e-02 1.42e+00 1.28e-01 5.52e-02 3.36e-02 5.17e-03
1.24e+00 1.05e+00 2.55e-02 1.05e+00 2.58e-02 7.33e-04 1.45e+01 2.23e+00 8.45e-01 7.04e-01 6.40e-02
1.25e+00 1.25e+00 1.81e-02 1.24e+00 1.91e-02 6.64e-01 1.97e+00 6.65e-01 2.82e-01 2.42e-01 2.69e-02
1.25e+00 1.23e+00 6.25e-02 1.22e+00 6.30e-02 1.77e-01 2.13e+00 1.61e-01 6.51e-02 3.95e-02 5.33e-03
1.23e+00 1.18e+00 2.04e-02 1.18e+00 2.07e-02 1.30e-02 8.22e+00 1.39e+00 6.54e-01 4.15e-01 5.58e-02
1.25e+00 1.06e+00 2.26e-02 1.05e+00 2.43e-02 5.57e-06 1.43e+01 2.10e+00 1.06e+00 4.99e-01 1.05e-01
1.21e+00 1.17e+00 3.37e-02 1.16e+00 3.64e-02 3.50e-01 5.68e+00 6.17e-01 2.85e-01 1.95e-01 2.16e-02
1.23e+00 1.19e+00 2.19e-02 1.19e+00 2.19e-02 2.24e-01 7.38e+00 1.14e+00 6.06e-01 2.68e-01 4.82e-02
1.25e+00 1.16e+00 1.31e-01 1.26e+00 1.67e-01 3.36e-01 4.86e+00 2.77e-01 1.14e-01 7.33e-02 1.25e-02
1.24e+00 1.60e+00 2.22e-02 1.60e+00 2.23e-02 1.23e-88 5.13e-60 1.22e-05 5.31e-06 3.09e-06 4.04e-07
1.24e+00 1.16e+00 5.56e-02 1.13e+00 6.56e-02 1.13e-01 2.51e+00 2.23e-01 8.82e-02 4.68e-02 8.27e-03
1.22e+00 1.60e+00 4.00e-02 1.60e+00 4.02e-02 2.07e-30 3.11e-15 5.44e-05 2.62e-05 1.36e-05 1.94e-06
1.24e+00 1.46e+00 1.38e-02 1.46e+00 1.45e-02 1.37e-29 2.14e-10 2.66e-03 1.60e-03 6.13e-04 1.20e-04
1.23e+00 1.21e+00 5.48e-02 1.19e+00 5.81e-02 4.49e-02 9.00e-01 8.20e-02 4.10e-02 2.37e-02 4.85e-03
1.23e+00 1.15e+00 2.94e-02 1.14e+00 3.09e-02 4.87e-02 7.42e+00 8.77e-01 4.02e-01 2.50e-01 4.41e-02
1.23e+00 1.28e+00 7.16e-03 1.28e+00 7.75e-03 3.22e-09 3.35e-09 6.71e-03 5.16e-03 5.16e-03 3.03e-04
1.22e+00 1.10e+00 3.27e-02 1.10e+00 3.28e-02 7.20e-03 9.78e+00 1.03e+00 4.17e-01 2.30e-01 4.83e-02
1.22e+00 1.11e+00 5.78e-02 1.11e+00 5.79e-02 2.60e-01 2.18e+01 1.23e+00 5.88e-01 2.98e-01 5.08e-02
1.23e+00 1.26e+00 3.09e-02 1.27e+00 3.18e-02 8.46e-02 2.50e-01 1.42e-01 7.82e-02 4.71e-02 5.65e-03
1.23e+00 1.06e+00 6.77e-02 1.04e+00 7.08e-02 3.00e-01 1.29e+01 2.18e+00 8.96e-01 4.48e-01 5.60e-02
1.24e+00 1.63e+00 1.54e-02 1.63e+00 1.55e-02 7.27e-173 8.19e-103 4.36e-06 2.76e-06 1.88e-06 2.00e-07
1.23e+00 1.05e+00 4.00e-02 1.04e+00 4.07e-02 2.02e-03 1.40e+01 1.99e+00 8.21e-01 6.64e-01 6.51e-02
1.23e+00 1.42e+00 8.09e-03 1.42e+00 8.90e-03 1.56e-59 1.56e-59 5.73e-04 3.74e-04 1.21e-04 9.50e-05
1.21e+00 1.37e+00 1.22e-02 1.37e+00 1.24e-02 2.75e-27 2.75e-27 1.88e-02 1.07e-02 6.25e-03 8.52e-04
1.23e+00 1.19e+00 1.57e-02 1.20e+00 1.68e-02 1.24e-01 4.91e+00 1.22e+00 7.53e-01 3.24e-01 4.98e-02
1.23e+00 1.29e+00 4.83e-02 1.30e+00 4.88e-02 1.26e-02 6.79e-02 4.15e-02 1.64e-02 1.01e-02 1.32e-03
1.24e+00 1.63e+00 4.83e-02 1.64e+00 4.88e-02 8.75e-21 1.44e-11 2.32e-05 1.02e-05 7.02e-06 7.47e-07
1.20e+00 1.43e+00 6.48e-03 1.43e+00 7.00e-03 1.96e-148 1.96e-148 4.58e-04 3.31e-04 3.31e-04 9.89e-05
1.24e+00 1.30e+00 4.36e-02 1.30e+00 4.38e-02 1.09e-02 5.19e-02 4.20e-02 1.61e-02 9.01e-03 1.36e-03
1.26e+00 1.06e+00 4.38e-02 1.05e+00 4.41e-02 1.25e-02 1.34e+01 1.21e+00 5.92e-01 3.16e-01 3.16e-02
1.20e+00 1.13e+00 9.49e-03 1.13e+00 9.51e-03 6.60e-10 1.96e+00 8.43e-01 4.45e-01 4.45e-01 8.05e-02
1.22e+00 1.08e+00 4.85e-02 1.06e+00 5.09e-02 1.11e-02 1.23e+01 1.12e+00 4.68e-01 2.73e-01 2.16e-02
1.22e+00 1.21e+00 2.37e-02 1.22e+00 2.48e-02 9.30e-01 3.43e+00 7.06e-01 4.79e-01 2.27e-01 3.32e-02
1.21e+00 1.25e+00 6.77e-02 1.28e+00 7.49e-02 6.80e-02 4.59e-01 6.16e-02 2.96e-02 1.66e-02 2.52e-03
1.23e+00 1.28e+00 7.42e-03 1.28e+00 7.86e-03 1.29e-07 1.29e-07 2.51e-01 1.69e-01 1.69e-01 1.39e-02
1.22e+00 1.28e+00 5.12e-03 1.28e+00 5.65e-03 1.19e-26 1.19e-26 1.38e-01 1.38e-01 5.48e-02 8.32e-03
1.25e+00 1.69e+00 3.50e-02 1.69e+00 3.51e-02 1.62e-39 1.30e-16 5.91e-06 2.71e-06 1.82e-06 1.86e-07
1.24e+00 1.68e+00 1.13e-02 1.68e+00 1.14e-02 3.04e-283 2.22e-137 1.56e-06 9.08e-07 3.60e-07 7.04e-08
1.23e+00 1.64e+00 1.33e-02 1.65e+00 1.42e-02 4.71e-177 3.92e-103 2.96e-06 1.70e-06 6.22e-07 1.35e-07
1.23e+00 1.42e+00 8.54e-03 1.42e+00 8.55e-03 4.67e-54 4.68e-54 5.84e-04 2.35e-04 2.35e-04 4.11e-05
1.25e+00 1.26e+00 1.90e-02 1.26e+00 1.94e-02 3.50e-01 6.72e-01 4.89e-01 2.37e-01 1.01e-01 2.77e-02
1.25e+00 1.07e+00 6.04e-03 1.07e+00 6.26e-03 1.56e-23 1.71e+00 1.09e+00 4.33e-01 4.33e-01 1.75e-01
1.24e+00 1.23e+00 4.74e-02 1.24e+00 4.86e-02 1.22e-01 5.07e-01 9.99e-02 3.79e-02 1.68e-02 2.48e-03
1.22e+00 1.20e+00 6.57e-02 1.24e+00 7.96e-02 1.65e-01 8.07e-01 1.62e-01 4.80e-02 2.36e-02 4.36e-03
1.23e+00 1.22e+00 1.51e-02 1.22e+00 1.53e-02 6.37e-01 3.05e+00 7.74e-01 4.43e-01 3.12e-01 5.36e-02
1.23e+00 1.60e+00 5.20e-02 1.60e+00 5.22e-02 1.68e-19 9.63e-11 5.27e-05 2.49e-05 1.23e-05 1.99e-06
