6.01e-01 5.26e-01 4.39e-02 5.40e-01 4.60e-02 2.89e-06 2.87e-04 2.91e-05 1.14e-05 6.12e-06 1.36e-06
6.10e-01 4.82e-01 1.22e-02 4.80e-01 1.24e-02 5.71e-24 2.33e-03 6.16e-04 4.71e-04 2.62e-04 3.04e-05
6.02e-01 6.02e-01 4.90e-03 6.00e-01 5.36e-03 7.78e-04 1.04e-03 9.17e-04 9.17e-04 3.23e-04 4.61e-05
5.93e-01 5.63e-01 4.73e-03 5.60e-01 5.75e-03 4.38e-12 1.30e-03 8.72e-04 8.72e-04 4.30e-04 4.30e-04
6.09e-01 6.22e-01 1.75e-02 6.20e-01 1.76e-02 6.92e-04 1.30e-03 8.47e-04 4.14e-04 2.45e-04 5.65e-05
5.76e-01 6.51e-01 2.93e-03 6.50e-01 2.98e-03 1.83e-58 1.83e-58 9.60e-04 9.60e-04 9.60e-04 7.72e-05
6.07e-01 5.53e-01 5.27e-02 5.80e-01 5.91e-02 4.37e-06 9.18e-05 1.54e-05 8.66e-06 3.70e-06 5.41e-07
6.05e-01 5.28e-01 6.18e-03 5.30e-01 6.36e-03 9.58e-50 1.29e-03 8.33e-04 3.01e-04 3.01e-04 1.42e-04
5.97e-01 6.47e-01 2.40e-01 6.40e-01 2.40e-01 2.57e-04 2.05e-03 2.72e-04 1.07e-04 6.17e-05 4.11e-06
6.10e-01 4.98e-01 1.65e-02 5.00e-01 1.66e-02 3.34e-13 4.38e-04 1.02e-04 6.10e-05 2.37e-05 6.21e-06
5.90e-01 5.32e-01 7.01e-03 5.30e-01 7.18e-03 2.49e-17 1.52e-03 8.33e-04 4.52e-04 4.52e-04 2.09e-05
5.86e-01 5.38e-01 5.09e-03 5.40e-01 5.32e-03 3.06e-19 9.62e-04 7.00e-04 7.00e-04 2.11e-04 5.27e-05
5.97e-01 6.09e-01 6.49e-03 6.10e-01 6.60e-03 2.46e-04 2.58e-04 9.27e-04 3.73e-04 3.73e-04 2.19e-04
5.80e-01 5.70e-01 1.94e-04 5.70e-01 1.94e-04 2.60e-06 1.35e-04 1.35e-04 1.35e-04 1.35e-04 1.35e-04
6.15e-01 5.70e-01 1.49e-02 5.70e-01 1.49e-02 1.78e-05 3.33e-03 7.60e-04 3.91e-04 3.51e-04 3.56e-05
5.96e-01 6.32e-01 6.99e-03 6.30e-01 7.37e-03 3.94e-08 3.95e-08 9.45e-04 5.65e-04 5.65e-04 3.80e-05
5.96e-01 6.41e-01 3.95e-03 6.40e-01 4.06e-03 3.14e-20 3.14e-20 9.53e-04 9.53e-04 9.53e-04 4.31e-05
5.93e-01 4.97e-01 1.19e-01 4.90e-01 1.19e-01 4.13e-10 1.63e-05 2.47e-06 1.11e-06 5.97e-07 9.95e-08
5.94e-01 5.81e-01 2.26e-03 5.80e-01 2.32e-03 4.42e-06 1.48e-04 1.40e-04 1.40e-04 1.40e-04 8.42e-06
6.02e-01 6.49e-01 4.59e-03 6.50e-01 4.72e-03 8.98e-17 8.98e-17 9.60e-04 9.60e-04 2.07e-04 7.24e-05
6.00e-01 6.35e-01 7.84e-03 6.30e-01 9.17e-03 9.68e-08 9.71e-08 9.45e-04 9.26e-04 1.99e-04 1.71e-04
5.99e-01 7.29e-01 3.06e-03 7.30e-01 3.24e-03 0.00e+00 1.82e-73 9.98e-04 9.98e-04 9.98e-04 1.20e-04
6.10e-01 5.71e-01 1.18e-02 5.70e-01 1.19e-02 3.71e-10 2.67e-07 6.99e-08 6.11e-08 2.80e-08 5.02e-09
5.88e-01 5.53e-01 5.98e-03 5.50e-01 6.60e-03 2.11e-08 1.42e-03 8.60e-04 4.49e-04 4.49e-04 9.07e-05
5.90e-01 5.60e-01 5.92e-03 5.60e-01 5.92e-03 1.78e-08 1.31e-03 8.72e-04 8.72e-04 2.10e-04 2.10e-04
6.01e-01 5.94e-01 5.35e-03 5.90e-01 6.64e-03 5.61e-04 1.56e-03 9.07e-04 6.24e-04 6.24e-04 6.24e-04
5.74e-01 5.76e-01 5.61e-03 5.80e-01 6.67e-03 7.24e-04 9.71e-04 8.96e-04 6.17e-04 6.17e-04 5.85e-05
5.78e-01 6.33e-01 3.34e-02 6.50e-01 3.75e-02 2.53e-05 2.94e-04 7.28e-04 6.70e-04 1.43e-04 1.83e-05
5.83e-01 6.12e-01 5.40e-03 6.10e-01 5.81e-03 1.06e-07 1.06e-07 9.27e-04 9.27e-04 3.77e-04 8.38e-05
5.78e-01 4.91e-01 8.29e-02 4.90e-01 8.29e-02 4.46e-10 3.03e-05 4.73e-06 2.46e-06 1.20e-06 1.68e-07
5.92e-01 6.62e-01 6.75e-03 6.60e-01 7.04e-03 2.38e-22 2.38e-22 9.67e-04 4.81e-04 4.81e-04 3.40e-05
5.99e-01 6.27e-01 6.39e-03 6.30e-01 6.96e-03 2.56e-06 3.03e-06 7.24e-04 3.35e-04 3.35e-04 3.28e-05
6.06e-01 6.40e-01 3.78e-03 6.40e-01 3.78e-03 1.44e-12 1.44e-12 9.53e-04 9.53e-04 9.53e-04 6.70e-05
6.11e-01 6.81e-01 8.09e-03 6.80e-01 8.13e-03 8.51e-53 3.73e-06 9.79e-04 9.79e-04 9.79e-04 1.43e-04
5.94e-01 5.99e-01 2.67e-02 6.20e-01 3.39e-02 5.90e-04 2.20e-03 5.77e-04 3.70e-04 2.00e-04 3.99e-05
5.94e-01 1.33e+00 1.06e+00 2.58e+00 1.64e+00 1.36e-14 1.43e-06 4.18e-07 1.62e-07 7.14e-08 8.40e-09
6.04e-01 5.30e-01 1.96e-03 5.30e-01 2.00e-03 2.67e-165 1.23e-04 1.18e-04 1.18e-04 1.18e-04 5.34e-06
6.06e-01 6.50e-01 1.91e-03 6.50e-01 1.93e-03 1.09e-33 1.09e-33 9.60e-04 9.60e-04 9.60e-04 3.86e-05
5.85e-01 6.02e-01 1.89e-02 6.10e-01 2.04e-02 4.45e-04 9.48e-04 7.16e-04 3.11e-04 3.11e-04 3.98e-05
5.81e-01 4.86e-01 2.00e-01 4.70e-01 2.01e-01 1.12e-13 6.38e-06 1.36e-06 6.01e-07 4.03e-07 3.81e-08
6.03e-01 5.30e-01 1.71e-04 5.30e-01 1.71e-04 1.30e-209 1.18e-04 1.18e-04 1.18e-04 1.18e-04 1.18e-04
6.02e-01 5.84e-01 1.02e-02 5.80e-01 1.11e-02 2.49e-04 2.38e-03 8.96e-04 3.69e-04 2.93e-04 4.50e-05
5.79e-01 6.22e-01 5.43e-03 6.20e-01 5.64e-03 2.21e-14 2.21e-14 9.36e-04 9.36e-04 3.10e-04 1.08e-04
5.93e-01 6.80e-01 1.60e-03 6.80e-01 1.60e-03 1.48e-110 1.48e-110 9.79e-04 9.79e-04 9.79e-04 9.79e-04
5.95e-01 6.51e-01 1.61e-02 6.50e-01 1.61e-02 2.78e-06 2.68e-05 7.28e-04 4.68e-04 2.16e-04 2.20e-05
6.13e-01 6.51e-01 2.63e-03 6.50e-01 2.73e-03 8.54e-27 8.54e-27 7.28e-04 7.28e-04 7.28e-04 6.22e-05
6.10e-01 4.72e-01 6.69e-03 4.70e-01 6.87e-03 5.40e-65 1.25e-03 7.40e-04 3.35e-04 3.35e-04 1.86e-05
6.16e-01 4.84e-01 7.87e-03 4.80e-01 8.67e-03 1.19e-45 1.64e-03 7.57e-04 5.89e-04 1.86e-04 1.03e-04
5.91e-01 6.03e-01 4.95e-03 6.00e-01 5.97e-03 8.22e-05 8.33e-05 7.18e-04 3.64e-04 3.64e-04 3.64e-04
5.94e-01 5.40e-01 6.71e-04 5.40e-01 6.72e-04 9.59e-74 1.23e-04 1.22e-04 1.22e-04 1.22e-04 1.22e-04
5.98e-01 5.96e-01 1.06e-02 6.00e-01 1.15e-02 8.98e-04 1.94e-03 9.17e-04 4.15e-04 3.36e-04 5.99e-05
5.85e-01 5.94e-01 2.79e-02 6.20e-01 3.80e-02 6.77e-05 2.42e-04 6.34e-05 4.25e-05 2.65e-05 3.73e-06
6.14e-01 5.76e-01 8.61e-03 5.80e-01 9.57e-03 2.45e-07 2.19e-03 8.96e-04 8.15e-04 2.61e-04 1.98e-04
5.90e-01 5.70e-01 1.06e-03 5.70e-01 1.07e-03 8.07e-09 1.37e-04 1.35e-04 1.35e-04 1.35e-04 1.35e-04
5.79e-01 5.27e-01 1.24e-02 5.30e-01 1.27e-02 2.03e-08 2.54e-03 6.07e-04 5.73e-04 2.89e-04 8.79e-05
6.11e-01 6.00e-01 6.31e-03 6.00e-01 6.31e-03 2.31e-04 1.46e-03 9.17e-04 2.72e-04 2.58e-04 2.58e-04
6.02e-01 7.26e-01 4.88e-03 7.30e-01 6.25e-03 0.00e+00 1.34e-112 9.98e-04 6.42e-04 6.42e-04 6.42e-04
5.89e-01 6.43e-01 4.51e-03 6.40e-01 5.28e-03 1.95e-40 1.95e-40 9.53e-04 9.53e-04 3.69e-04 3.69e-04
5.84e-01 5.27e-01 1.48e-02 5.30e-01 1.51e-02 4.07e-20 2.23e-03 8.33e-04 7.28e-04 2.47e-04 2.93e-05
5.97e-01 6.46e-01 4.91e-03 6.50e-01 6.36e-03 5.88e-32 5.88e-32 9.60e-04 6.51e-04 6.51e-04 6.51e-04
5.79e-01 5.95e-01 1.05e-01 6.20e-01 1.08e-01 5.61e-04 1.87e-03 6.24e-04 3.99e-04 1.81e-04 4.72e-05
6.08e-01 5.92e-01 5.05e-02 5.80e-01 5.18e-02 6.30e-05 5.27e-04 5.76e-05 2.64e-05 1.68e-05 2.06e-06
6.14e-01 6.20e-01 4.67e-03 6.20e-01 4.67e-03 4.77e-04 5.31e-04 9.36e-04 9.36e-04 1.36e-04 1.27e-04
6.11e-01 5.99e-01 3.44e-02 5.80e-01 3.95e-02 1.19e-04 2.69e-03 6.12e-04 3.08e-04 1.32e-04 2.15e-05
6.07e-01 5.40e-01 3.52e-04 5.40e-01 3.52e-04 1.31e-159 1.23e-04 1.22e-04 1.22e-04 1.22e-04 1.22e-04
6.03e-01 6.23e-01 4.40e-03 6.20e-01 5.10e-03 2.18e-07 2.18e-07 9.36e-04 9.36e-04 3.29e-04 3.29e-04
5.95e-01 6.17e-01 4.60e-03 6.20e-01 5.46e-03 9.91e-07 9.92e-07 7.22e-04 7.22e-04 2.98e-04 2.98e-04
5.96e-01 5.43e-01 1.26e-01 6.40e-01 1.59e-01 1.90e-05 4.81e-04 1.53e-04 1.77e-05 1.08e-05 4.62e-06
5.95e-01 5.00e-01 1.59e-02 5.00e-01 1.59e-02 2.96e-17 1.80e-06 4.26e-07 2.12e-07 1.47e-07 4.98e-08
6.13e-01 7.06e-01 4.96e-03 7.10e-01 6.51e-03 2.31e-124 2.31e-124 9.92e-04 7.28e-04 7.28e-04 7.28e-04
6.08e-01 5.90e-01 2.12e-03 5.90e-01 2.17e-03 1.27e-06 1.51e-04 1.44e-04 1.44e-04 1.44e-04 7.23e-06
6.07e-01 6.40e-01 5.97e-03 6.40e-01 5.98e-03 1.41e-08 1.41e-08 9.53e-04 2.49e-04 2.30e-04 2.30e-04
5.98e-01 6.40e-01 2.23e-03 6.40e-01 2.28e-03 7.01e-13 3.61e-09 7.26e-04 7.26e-04 7.26e-04 4.01e-05
6.16e-01 6.00e-01 8.44e-03 6.00e-01 8.46e-03 6.00e-08 6.12e-07 2.91e-07 1.41e-07 1.41e-07 1.32e-08
5.97e-01 6.29e-01 4.76e-03 6.30e-01 4.80e-03 4.79e-10 4.79e-10 9.45e-04 9.45e-04 1.76e-04 1.04e-04
5.98e-01 5.24e-01 1.59e-02 5.30e-01 1.70e-02 2.01e-11 4.33e-05 9.20e-06 6.55e-06 2.75e-06 3.85e-07
5.99e-01 7.56e-01 6.85e-01 4.20e-01 7.63e-01 1.47e-05 4.42e-04 1.77e-05 7.88e-06 4.18e-06 7.38e-07
6.00e-01 6.36e-01 5.45e-03 6.40e-01 7.03e-03 5.10e-10 5.11e-10 9.53e-04 7.80e-04 7.80e-04 2.87e-05
5.79e-01 4.07e-01 1.45e-02 4.10e-01 1.48e-02 1.34e-10 2.18e-03 5.27e-04 2.76e-04 1.49e-04 2.86e-05
5.86e-01 5.39e-01 5.44e-03 5.40e-01 5.60e-03 1.78e-22 1.12e-08 8.27e-09 8.27e-09 2.00e-09 7.90e-10
5.77e-01 5.44e-01 6.01e-03 5.40e-01 7.03e-03 1.86e-08 1.53e-03 8.46e-04 5.91e-04 5.91e-04 7.66e-05
5.93e-01 6.50e-01 2.68e-03 6.50e-01 2.68e-03 7.76e-36 7.76e-36 9.60e-04 9.60e-04 9.60e-04 3.86e-05
6.02e-01 5.40e-01 4.69e-03 5.40e-01 4.70e-03 3.32e-33 1.08e-03 8.46e-04 8.46e-04 1.32e-04 1.02e-04
6.08e-01 5.66e-01 8.27e-03 5.70e-01 9.31e-03 1.25e-07 2.16e-03 8.84e-04 8.53e-04 2.36e-04 1.69e-04
5.80e-01 5.70e-01 3.80e-03 5.70e-01 3.80e-03 9.07e-05 1.03e-03 8.84e-04 8.84e-04 8.84e-04 7.55e-05
5.99e-01 5.36e-01 2.52e-02 5.40e-01 2.55e-02 2.00e-05 3.38e-03 5.08e-04 2.16e-04 1.03e-04 1.52e-05
5.99e-01 5.21e-01 5.94e-03 5.20e-01 6.00e-03 1.89e-70 1.27e-03 8.19e-04 2.80e-04 2.80e-04 1.69e-04
5.90e-01 6.59e-01 4.22e-03 6.60e-01 4.30e-03 3.78e-45 3.78e-45 9.67e-04 9.67e-04 9.67e-04 6.32e-05
5.75e-01 2.05e-01 7.70e-02 2.00e-01 7.71e-02 4.96e-21 1.84e-04 8.21e-05 3.96e-05 3.96e-05 5.78e-06
5.85e-01 4.37e-01 1.37e-02 4.40e-01 1.41e-02 5.00e-12 7.43e-08 3.03e-08 2.53e-08 1.14e-08 1.37e-09
6.14e-01 6.42e-01 4.24e-03 6.40e-01 4.84e-03 2.41e-14 2.41e-14 7.26e-04 7.26e-04 2.23e-04 2.23e-04
6.05e-01 6.10e-01 2.45e-02 6.10e-01 2.45e-02 7.09e-04 1.90e-03 7.90e-04 2.73e-04 2.44e-04 1.63e-05
5.97e-01 5.71e-01 1.48e-02 5.70e-01 1.48e-02 5.13e-05 8.47e-04 1.93e-04 9.65e-05 9.42e-05 9.30e-06
6.04e-01 5.97e-01 2.89e-01 5.60e-01 2.91e-01 1.30e-04 1.95e-03 1.37e-04 5.96e-05 3.56e-05 1.66e-06
5.99e-01 6.31e-01 8.27e-03 6.30e-01 8.40e-03 2.32e-06 4.44e-06 7.24e-04 3.97e-04 1.86e-04 2.18e-05
5.91e-01 5.78e-01 7.43e-03 5.80e-01 7.59e-03 2.36e-04 1.70e-03 8.96e-04 5.00e-04 2.70e-04 4.05e-05
6.14e-01 6.16e-01 1.83e-01 6.30e-01 1.83e-01 2.93e-04 2.05e-03 2.61e-04 1.16e-04 5.97e-05 6.29e-06
6.16e-01 6.20e-01 3.85e-02 6.40e-01 4.34e-02 3.15e-04 1.59e-03 6.33e-04 1.72e-04 1.17e-04 1.83e-05
6.50e-01 5.93e-01 5.82e-03 5.90e-01 6.58e-03 1.28e-11 1.21e-03 7.15e-04 4.20e-04 4.20e-04 6.83e-05
6.50e-01 6.60e-01 4.21e-03 6.60e-01 4.21e-03 1.13e-04 1.13e-04 9.67e-04 9.67e-04 9.67e-04 9.23e-05
6.26e-01 5.90e-01 1.99e-02 5.90e-01 1.99e-02 1.09e-04 2.54e-03 4.41e-04 1.80e-04 1.70e-04 2.53e-05
6.39e-01 5.60e-01 1.19e-02 5.60e-01 1.19e-02 5.12e-14 9.84e-04 8.72e-04 8.72e-04 8.72e-04 1.05e-04
6.52e-01 5.89e-01 2.35e-03 5.90e-01 2.43e-03 1.83e-102 1.53e-04 1.44e-04 1.44e-04 1.44e-04 9.40e-06
6.51e-01 6.07e-01 1.21e-02 6.10e-01 1.25e-02 1.40e-06 2.79e-03 9.27e-04 5.31e-04 3.26e-04 8.38e-05
6.39e-01 5.68e-01 1.75e-02 5.70e-01 1.77e-02 2.71e-07 4.05e-03 8.74e-04 4.06e-04 2.60e-04 6.18e-05
6.44e-01 6.11e-01 3.46e-03 6.10e-01 3.52e-03 4.42e-18 8.22e-04 7.20e-04 7.20e-04 7.20e-04 2.89e-05
6.36e-01 5.55e-01 5.24e-03 5.60e-01 7.04e-03 3.59e-49 1.71e-03 8.72e-04 8.20e-04 8.20e-04 8.20e-04
6.42e-01 5.57e-01 8.41e-03 5.60e-01 8.78e-03 2.01e-27 5.30e-06 2.27e-06 1.96e-06 7.51e-07 1.37e-07
6.13e-01 5.84e-01 1.31e-02 5.80e-01 1.38e-02 2.38e-08 1.06e-03 7.12e-04 7.12e-04 2.76e-04 1.43e-05
6.30e-01 5.88e-01 7.83e-03 5.90e-01 8.06e-03 1.38e-09 1.90e-03 9.07e-04 6.15e-04 3.01e-04 5.47e-05
6.34e-01 7.07e-01 4.77e-03 7.10e-01 5.91e-03 4.55e-88 4.55e-88 9.92e-04 5.33e-04 5.33e-04 5.33e-04
6.40e-01 5.76e-01 9.10e-03 5.80e-01 1.00e-02 2.79e-13 2.31e-03 8.96e-04 8.42e-04 3.02e-04 3.60e-05
6.48e-01 6.09e-01 3.21e-03 6.10e-01 3.41e-03 2.99e-26 1.05e-03 9.27e-04 9.27e-04 9.27e-04 1.21e-04
6.40e-01 5.68e-01 2.43e-02 5.60e-01 2.57e-02 9.11e-05 2.31e-03 7.06e-04 2.80e-04 1.56e-04 2.48e-05
6.51e-01 5.75e-01 1.50e-02 5.80e-01 1.58e-02 1.98e-12 2.45e-04 5.67e-05 4.18e-05 1.79e-05 3.64e-06
6.56e-01 6.11e-01 6.33e-03 6.10e-01 6.36e-03 1.44e-14 1.49e-03 9.27e-04 3.17e-04 2.38e-04 2.38e-04
6.18e-01 5.53e-01 4.96e-03 5.50e-01 5.77e-03 2.20e-29 1.28e-03 8.60e-04 8.60e-04 3.93e-04 3.93e-04
6.40e-01 6.19e-01 1.13e-02 6.20e-01 1.13e-02 1.63e-04 2.60e-03 9.36e-04 6.02e-04 2.12e-04 3.76e-05
6.49e-01 6.14e-01 1.83e-02 6.20e-01 1.92e-02 7.60e-05 2.73e-03 6.12e-04 2.16e-04 1.77e-04 1.74e-05
6.52e-01 5.80e-01 1.83e-03 5.80e-01 1.83e-03 1.07e-66 9.27e-04 8.96e-04 8.96e-04 8.96e-04 2.70e-05
6.30e-01 6.31e-01 2.45e-03 6.30e-01 2.52e-03 7.18e-04 7.20e-04 7.24e-04 7.24e-04 7.24e-04 4.73e-05
6.19e-01 6.27e-01 2.27e-02 6.30e-01 2.29e-02 8.18e-04 2.25e-03 8.45e-04 3.09e-04 2.52e-04 4.75e-05
6.38e-01 6.63e-01 4.50e-03 6.60e-01 5.26e-03 4.03e-12 4.03e-12 9.67e-04 9.67e-04 3.69e-04 3.69e-04
6.21e-01 5.86e-01 5.64e-03 5.90e-01 6.92e-03 6.71e-13 1.65e-03 9.07e-04 6.79e-04 6.79e-04 5.01e-05
6.42e-01 6.15e-01 2.20e-02 6.30e-01 2.64e-02 1.69e-04 1.78e-03 7.24e-04 2.07e-04 2.07e-04 2.55e-05
6.26e-01 6.56e-01 6.79e-03 6.60e-01 7.79e-03 1.54e-07 1.54e-07 9.67e-04 8.26e-04 8.26e-04 5.83e-05
6.33e-01 5.93e-01 8.09e-03 5.90e-01 8.61e-03 2.78e-14 2.90e-08 1.29e-08 1.05e-08 3.97e-09 1.43e-09
6.42e-01 6.01e-01 1.00e-02 6.00e-01 1.01e-02 5.43e-15 6.78e-09 3.37e-09 2.10e-09 1.03e-09 1.87e-10
6.44e-01 6.40e-01 4.67e-04 6.40e-01 4.67e-04 4.06e-04 7.27e-04 7.26e-04 7.26e-04 7.26e-04 7.26e-04
6.48e-01 5.90e-01 2.14e-02 5.90e-01 2.14e-02 2.67e-05 5.05e-03 8.29e-04 3.83e-04 1.82e-04 5.47e-05
6.57e-01 6.34e-01 4.81e-03 6.30e-01 6.02e-03 9.39e-12 2.52e-04 1.61e-04 9.22e-05 9.22e-05 9.22e-05
6.52e-01 6.37e-01 4.79e-03 6.40e-01 5.85e-03 3.20e-06 1.44e-03 9.53e-04 4.88e-04 4.88e-04 4.88e-04
6.36e-01 5.97e-01 5.45e-03 6.00e-01 6.26e-03 3.89e-14 1.46e-03 9.17e-04 4.84e-04 4.84e-04 5.53e-05
6.23e-01 6.16e-01 5.42e-03 6.20e-01 6.82e-03 6.18e-04 1.62e-03 9.36e-04 6.63e-04 6.63e-04 2.35e-05
6.33e-01 6.19e-01 3.90e-03 6.20e-01 3.94e-03 4.13e-05 1.11e-03 9.36e-04 9.36e-04 9.36e-04 5.65e-05
6.44e-01 7.49e-01 2.73e-03 7.50e-01 2.79e-03 9.58e-170 3.16e-31 1.00e-03 1.00e-03 1.00e-03 7.55e-05
6.26e-01 5.51e-01 1.08e-02 5.50e-01 1.08e-02 1.06e-15 3.77e-07 1.48e-07 8.68e-08 8.68e-08 4.45e-09
6.51e-01 6.30e-01 2.60e-03 6.30e-01 2.61e-03 5.10e-11 1.73e-04 1.61e-04 1.61e-04 1.61e-04 8.09e-06
6.28e-01 5.65e-01 1.02e-02 5.60e-01 1.12e-02 1.61e-09 2.39e-03 8.72e-04 3.42e-04 2.89e-04 3.94e-05
6.48e-01 5.99e-01 6.51e-03 6.00e-01 6.53e-03 1.46e-14 1.50e-03 9.17e-04 3.13e-04 2.49e-04 2.49e-04
6.32e-01 5.64e-01 4.90e-03 5.60e-01 6.33e-03 3.96e-56 1.46e-03 8.72e-04 5.87e-04 5.87e-04 5.87e-04
6.25e-01 5.85e-01 7.95e-03 5.90e-01 9.17e-03 2.23e-16 6.52e-11 2.83e-11 2.55e-11 6.12e-12 4.98e-12
6.40e-01 6.48e-01 4.31e-03 6.50e-01 4.69e-03 2.57e-04 2.61e-04 9.60e-04 9.60e-04 2.51e-04 2.51e-04
6.28e-01 6.11e-01 3.91e-03 6.10e-01 3.97e-03 3.00e-05 1.10e-03 9.27e-04 9.27e-04 9.27e-04 5.12e-05
6.22e-01 4.93e-01 4.39e-03 4.90e-01 5.11e-03 7.30e-147 1.37e-04 1.01e-04 1.01e-04 3.61e-05 3.61e-05
6.37e-01 5.86e-01 7.21e-03 5.90e-01 8.05e-03 1.54e-06 1.45e-03 7.15e-04 5.68e-04 5.68e-04 4.31e-05
6.19e-01 6.40e-01 1.38e-03 6.40e-01 1.39e-03 2.66e-13 1.33e-12 7.26e-04 7.26e-04 7.26e-04 7.26e-04
6.47e-01 6.06e-01 9.40e-03 6.10e-01 1.01e-02 3.82e-07 2.29e-03 9.27e-04 3.35e-04 3.35e-04 3.73e-05
6.15e-01 5.97e-01 6.14e-03 6.00e-01 6.86e-03 4.89e-05 1.59e-03 9.17e-04 5.48e-04 5.48e-04 1.11e-04
6.52e-01 6.56e-01 1.93e-02 6.50e-01 2.02e-02 9.52e-04 2.52e-03 7.29e-04 4.00e-04 2.12e-04 5.31e-05
6.35e-01 5.90e-01 7.05e-03 5.90e-01 7.05e-03 4.77e-13 1.62e-03 9.07e-04 3.46e-04 3.37e-04 3.37e-04
6.48e-01 5.50e-01 3.17e-04 5.50e-01 3.17e-04 1.88e-319 1.27e-04 1.27e-04 1.27e-04 1.27e-04 1.27e-04
6.48e-01 6.21e-01 3.16e-02 6.20e-01 3.16e-02 5.87e-04 6.43e-03 1.01e-03 4.97e-04 3.02e-04 2.96e-05
6.28e-01 5.50e-01 1.43e-03 5.50e-01 1.43e-03 6.71e-75 8.78e-04 8.60e-04 8.60e-04 8.60e-04 8.60e-04
6.37e-01 6.88e-01 4.06e-03 6.90e-01 4.56e-03 1.75e-36 1.75e-36 9.84e-04 9.84e-04 9.84e-04 2.57e-04
6.21e-01 6.13e-01 5.30e-03 6.10e-01 6.03e-03 3.95e-04 1.44e-03 9.27e-04 4.66e-04 4.66e-04 5.59e-05
6.56e-01 6.76e-01 6.72e-03 6.80e-01 8.06e-03 5.32e-05 5.36e-05 9.79e-04 8.31e-04 8.31e-04 9.35e-05
6.46e-01 5.90e-01 3.79e-03 5.90e-01 3.80e-03 4.42e-33 8.36e-04 7.15e-04 7.15e-04 7.15e-04 4.67e-05
6.47e-01 6.39e-01 4.62e-03 6.40e-01 4.85e-03 3.11e-04 1.23e-03 9.53e-04 9.53e-04 2.39e-04 5.75e-05
6.45e-01 7.00e-01 1.90e-03 7.00e-01 1.93e-03 6.27e-18 7.00e-18 9.88e-04 9.88e-04 9.88e-04 3.97e-05
6.39e-01 5.70e-01 1.39e-03 5.70e-01 1.39e-03 4.40e-44 9.02e-04 8.84e-04 8.84e-04 8.84e-04 8.84e-04
6.41e-01 6.05e-01 1.48e-02 6.00e-01 1.57e-02 9.87e-06 1.78e-03 7.18e-04 3.17e-04 3.17e-04 3.25e-05
6.38e-01 5.50e-01 1.03e-03 5.50e-01 1.04e-03 2.84e-129 1.28e-04 1.27e-04 1.27e-04 1.27e-04 1.27e-04
6.19e-01 5.67e-01 4.80e-03 5.70e-01 5.70e-03 3.87e-22 1.31e-03 8.84e-04 8.84e-04 4.13e-04 4.13e-04
6.49e-01 6.99e-01 3.18e-03 7.00e-01 3.36e-03 8.55e-41 8.55e-41 9.88e-04 9.88e-04 9.88e-04 1.24e-04
6.52e-01 6.14e-01 1.42e-02 6.20e-01 1.53e-02 2.11e-05 3.46e-03 8.89e-04 5.50e-04 2.35e-04 6.59e-05
6.28e-01 6.17e-01 3.09e-02 6.40e-01 3.83e-02 3.50e-04 1.51e-03 7.26e-04 2.48e-04 1.20e-04 4.02e-05
6.16e-01 5.42e-01 5.40e-02 5.60e-01 5.68e-02 2.96e-06 1.86e-04 2.02e-05 7.72e-06 4.11e-06 6.22e-07
6.52e-01 6.86e-01 4.88e-03 6.90e-01 6.21e-03 4.82e-14 4.82e-14 9.84e-04 6.18e-04 6.18e-04 6.18e-04
6.55e-01 6.04e-01 8.25e-03 6.00e-01 9.37e-03 1.04e-09 1.72e-03 7.18e-04 6.67e-04 1.80e-04 1.44e-04
6.53e-01 6.40e-01 3.75e-04 6.40e-01 3.75e-04 3.03e-07 7.27e-04 7.26e-04 7.26e-04 7.26e-04 7.26e-04
6.34e-01 6.97e-01 5.59e-03 7.00e-01 6.32e-03 2.20e-24 2.20e-24 9.88e-04 5.16e-04 5.16e-04 7.45e-05
6.27e-01 5.52e-01 4.23e-03 5.50e-01 4.55e-03 1.56e-14 1.08e-03 8.60e-04 8.60e-04 8.60e-04 2.03e-04
6.50e-01 5.93e-01 5.69e-02 5.80e-01 5.84e-02 3.84e-05 9.53e-04 7.06e-05 3.21e-05 1.67e-05 2.79e-06
6.14e-01 5.40e-01 1.09e-03 5.40e-01 1.09e-03 1.53e-225 1.24e-04 1.22e-04 1.22e-04 1.22e-04 1.22e-04
6.39e-01 6.36e-01 2.99e-02 6.40e-01 3.02e-02 6.93e-04 1.29e-03 7.26e-04 3.72e-04 3.72e-04 2.19e-05
6.57e-01 6.24e-01 7.91e-03 6.20e-01 8.81e-03 7.81e-07 2.16e-03 9.36e-04 8.52e-04 2.35e-04 1.27e-04
6.55e-01 6.17e-01 1.75e-02 6.20e-01 1.78e-02 2.97e-05 2.69e-03 6.42e-04 3.99e-04 2.03e-04 5.08e-05
6.38e-01 5.74e-01 8.10e-03 5.70e-01 8.94e-03 8.17e-18 2.09e-03 8.84e-04 7.95e-04 2.67e-04 1.38e-04
6.27e-01 5.95e-01 5.43e-03 5.90e-01 7.27e-03 1.11e-09 1.45e-03 7.15e-04 7.04e-04 7.04e-04 7.04e-04
6.44e-01 7.13e-01 4.42e-03 7.10e-01 5.15e-03 2.20e-41 2.84e-41 9.92e-04 9.92e-04 3.59e-04 3.59e-04
6.47e-01 5.39e-01 2.45e-02 5.50e-01 2.68e-02 1.55e-10 6.24e-04 1.11e-04 4.53e-05 2.24e-05 3.44e-06
6.20e-01 5.45e-01 1.44e-02 5.50e-01 1.52e-02 3.12e-11 2.51e-05 7.23e-06 3.28e-06 1.34e-06 3.35e-07
6.41e-01 6.42e-01 9.08e-03 6.40e-01 9.24e-03 9.30e-04 1.47e-03 9.53e-04 4.21e-04 4.21e-04 5.75e-05
6.52e-01 5.29e-01 2.25e-02 5.40e-01 2.51e-02 1.34e-13 1.44e-03 2.14e-04 1.05e-04 6.67e-05 9.53e-06
6.21e-01 5.97e-01 6.45e-03 6.00e-01 7.06e-03 1.37e-06 1.65e-03 9.17e-04 5.67e-04 5.67e-04 1.43e-04
6.39e-01 6.55e-01 6.61e-03 6.60e-01 8.20e-03 8.56e-05 8.68e-05 9.67e-04 9.14e-04 9.14e-04 9.72e-05
6.35e-01 5.56e-01 4.92e-03 5.60e-01 6.40e-03 3.33e-260 2.22e-04 1.31e-04 9.15e-05 9.15e-05 9.15e-05
6.33e-01 5.86e-01 7.79e-03 5.90e-01 8.73e-03 2.53e-10 2.11e-03 9.07e-04 8.48e-04 2.28e-04 1.18e-04
6.47e-01 5.74e-01 5.16e-03 5.70e-01 6.42e-03 2.17e-35 1.47e-03 8.84e-04 5.60e-04 5.60e-04 5.60e-04
6.52e-01 6.76e-01 2.60e-02 6.80e-01 2.63e-02 6.86e-04 1.57e-03 8.56e-04 4.13e-04 2.36e-04 3.93e-05
6.51e-01 6.26e-01 7.92e-03 6.30e-01 8.74e-03 1.14e-05 2.10e-03 9.45e-04 7.79e-04 2.42e-04 1.28e-04
6.23e-01 5.37e-01 1.10e-02 5.40e-01 1.14e-02 1.30e-25 1.33e-07 6.02e-08 2.48e-08 2.48e-08 2.42e-09
6.48e-01 6.64e-01 4.94e-03 6.60e-01 6.48e-03 5.90e-07 5.90e-07 9.67e-04 7.00e-04 7.00e-04 7.00e-04
6.29e-01 6.36e-01 4.89e-03 6.40e-01 6.27e-03 4.03e-04 4.03e-04 7.26e-04 4.71e-04 4.71e-04 4.71e-04
6.51e-01 6.59e-01 3.69e-03 6.60e-01 3.74e-03 1.65e-04 1.71e-04 9.67e-04 9.67e-04 9.67e-04 4.37e-05
6.17e-01 6.10e-01 1.51e-03 6.10e-01 1.52e-03 4.11e-05 1.55e-04 1.52e-04 1.52e-04 1.52e-04 1.52e-04
6.38e-01 6.28e-01 6.08e-03 6.30e-01 6.47e-03 2.96e-04 1.52e-03 9.45e-04 4.51e-04 4.51e-04 1.38e-04
6.27e-01 6.44e-01 6.24e-03 6.40e-01 7.17e-03 7.38e-05 7.45e-05 9.53e-04 6.56e-04 6.56e-04 1.05e-04
6.38e-01 7.28e-01 3.99e-03 7.30e-01 4.34e-03 3.48e-112 3.48e-112 9.98e-04 9.98e-04 9.98e-04 2.21e-04
6.32e-01 6.11e-01 1.72e-02 6.10e-01 1.73e-02 5.85e-04 4.04e-03 9.27e-04 4.75e-04 2.70e-04 6.06e-05
6.40e-01 5.84e-01 6.73e-03 5.80e-01 7.65e-03 1.28e-16 1.72e-03 8.96e-04 6.35e-04 6.35e-04 6.30e-05
6.48e-01 6.81e-01 4.99e-03 6.80e-01 5.03e-03 6.24e-11 6.24e-11 9.79e-04 9.79e-04 2.12e-04 1.23e-04
6.26e-01 6.86e-01 5.77e-03 6.90e-01 7.30e-03 5.00e-24 5.00e-24 9.84e-04 8.21e-04 8.21e-04 4.94e-05
6.53e-01 6.27e-01 1.57e-02 6.30e-01 1.60e-02 2.46e-04 3.61e-03 8.55e-04 5.13e-04 3.13e-04 2.37e-05
6.19e-01 6.52e-01 5.75e-02 6.90e-01 6.92e-02 4.84e-05 3.46e-04 8.34e-05 2.93e-05 2.60e-05 3.31e-06
6.53e-01 5.81e-01 7.78e-03 5.80e-01 7.87e-03 1.40e-19 1.73e-03 8.96e-04 4.37e-04 3.33e-04 5.85e-05
6.44e-01 6.13e-01 6.48e-03 6.10e-01 6.99e-03 7.18e-08 1.64e-03 9.27e-04 5.36e-04 5.36e-04 1.54e-04
6.27e-01 6.29e-01 7.12e-03 6.30e-01 7.15e-03 7.70e-04 1.07e-03 9.45e-04 4.08e-04 3.13e-04 2.37e-05
6.45e-01 6.40e-01 7.79e-03 6.40e-01 7.79e-03 6.88e-04 1.62e-03 9.53e-04 4.17e-04 4.17e-04 3.35e-05
6.55e-01 7.25e-01 5.03e-03 7.30e-01 7.01e-03 7.09e-61 2.32e-22 9.98e-04 9.58e-04 9.58e-04 9.58e-04
6.53e-01 5.82e-01 3.93e-03 5.80e-01 4.36e-03 4.48e-77 1.72e-04 1.40e-04 1.40e-04 1.40e-04 3.30e-05
6.53e-01 7.10e-01 1.83e-03 7.10e-01 1.83e-03 1.29e-55 1.29e-55 9.92e-04 9.92e-04 9.92e-04 2.49e-05
6.48e-01 6.82e-01 4.02e-03 6.80e-01 4.46e-03 3.88e-19 3.88e-19 9.79e-04 9.79e-04 9.79e-04 2.41e-04
6.29e-01 5.60e-01 1.30e-03 5.60e-01 1.30e-03 6.15e-41 7.10e-04 7.06e-04 7.06e-04 7.06e-04 7.06e-04
6.55e-01 7.02e-01 2.37e-02 7.00e-01 2.38e-02 1.43e-04 2.19e-04 8.84e-04 4.07e-04 2.78e-04 2.98e-05
6.35e-01 5.71e-01 3.91e-03 5.70e-01 3.98e-03 4.96e-35 1.05e-03 8.84e-04 8.84e-04 8.84e-04 4.44e-05
6.51e-01 5.99e-01 1.08e-02 6.00e-01 1.09e-02 1.03e-09 2.52e-03 9.17e-04 5.62e-04 2.17e-04 3.23e-05
6.56e-01 7.12e-01 3.98e-03 7.10e-01 4.44e-03 1.28e-63 1.28e-63 9.92e-04 9.92e-04 9.92e-04 2.44e-04
6.46e-01 6.02e-01 7.32e-03 6.00e-01 7.70e-03 4.10e-06 1.21e-03 7.18e-04 3.43e-04 3.43e-04 1.26e-04
6.52e-01 7.05e-01 8.37e-03 7.00e-01 9.54e-03 1.97e-10 1.97e-10 9.88e-04 9.14e-04 2.48e-04 2.14e-04
6.54e-01 6.91e-01 4.70e-03 6.90e-01 4.86e-03 2.66e-12 2.66e-12 9.84e-04 9.84e-04 2.32e-04 7.42e-05
6.17e-01 6.07e-01 2.57e-02 6.00e-01 2.66e-02 1.88e-04 2.13e-03 6.24e-04 2.78e-04 1.55e-04 1.44e-05
6.21e-01 5.59e-01 3.04e-03 5.60e-01 3.21e-03 6.79e-168 1.46e-04 1.31e-04 1.31e-04 1.31e-04 1.51e-05
6.53e-01 6.12e-01 7.24e-03 6.10e-01 7.49e-03 7.69e-10 1.41e-03 7.20e-04 4.49e-04 2.10e-04 2.53e-05
6.53e-01 6.55e-01 5.24e-03 6.60e-01 7.14e-03 9.45e-04 1.27e-03 9.67e-04 9.38e-04 9.38e-04 9.38e-04
6.42e-01 6.74e-01 5.79e-03 6.70e-01 7.29e-03 1.81e-08 1.81e-08 9.73e-04 8.46e-04 8.46e-04 5.87e-05
6.49e-01 6.17e-01 8.78e-03 6.20e-01 9.31e-03 1.86e-06 2.11e-03 9.36e-04 6.63e-04 3.29e-04 1.60e-04
6.39e-01 6.99e-01 5.36e-03 7.00e-01 5.51e-03 1.02e-26 1.02e-26 9.88e-04 9.88e-04 2.93e-04 1.19e-04
6.16e-01 6.70e-01 1.50e-03 6.70e-01 1.51e-03 9.42e-62 9.42e-62 9.73e-04 9.73e-04 9.73e-04 9.73e-04
6.47e-01 5.99e-01 2.05e-02 6.00e-01 2.05e-02 5.21e-05 4.70e-03 7.97e-04 3.41e-04 2.95e-04 3.23e-05
6.48e-01 6.04e-01 1.73e-02 6.10e-01 1.84e-02 7.17e-06 1.25e-03 3.11e-04 1.93e-04 8.42e-05 8.09e-06
6.48e-01 5.85e-01 6.08e-03 5.80e-01 8.09e-03 3.31e-21 1.90e-03 8.96e-04 8.96e-04 8.96e-04 8.10e-05
6.49e-01 6.09e-01 1.75e-02 6.10e-01 1.75e-02 7.19e-05 4.04e-03 7.97e-04 4.75e-04 2.38e-04 5.59e-05
6.19e-01 6.58e-01 6.31e-03 6.60e-01 6.54e-03 3.39e-13 3.39e-13 9.67e-04 4.57e-04 4.57e-04 1.85e-04
6.53e-01 6.16e-01 9.61e-03 6.20e-01 1.06e-02 7.54e-07 2.38e-03 9.36e-04 3.25e-04 2.63e-04 3.76e-05
6.22e-01 4.60e-01 1.21e-01 5.10e-01 1.31e-01 2.01e-54 6.33e-05 3.71e-05 8.94e-06 7.63e-06 1.68e-06
6.56e-01 6.23e-01 1.02e-02 6.20e-01 1.06e-02 7.52e-06 1.86e-03 7.22e-04 3.16e-04 1.81e-04 6.17e-05
6.43e-01 5.51e-01 7.22e-03 5.50e-01 7.26e-03 2.34e-13 1.53e-03 8.60e-04 3.63e-04 2.76e-04 2.59e-05
6.22e-01 5.43e-01 1.57e-02 5.50e-01 1.72e-02 5.77e-11 4.99e-04 1.36e-04 5.98e-05 2.26e-05 5.83e-06
6.22e-01 4.64e-01 2.47e-02 4.70e-01 2.54e-02 9.81e-12 1.12e-03 1.78e-04 9.84e-05 5.67e-05 1.27e-05
6.21e-01 5.55e-01 1.28e-02 5.50e-01 1.38e-02 1.60e-11 1.22e-05 3.99e-06 1.84e-06 1.70e-06 1.60e-07
6.37e-01 5.37e-01 1.03e-02 5.40e-01 1.08e-02 1.24e-11 2.05e-03 8.46e-04 3.79e-04 3.79e-04 4.25e-05
6.32e-01 6.06e-01 7.08e-03 6.10e-01 8.01e-03 1.72e-06 1.83e-03 9.27e-04 6.71e-04 6.71e-04 8.38e-05
6.31e-01 5.76e-01 4.15e-01 5.20e-01 4.19e-01 4.54e-06 7.93e-04 4.75e-05 1.85e-05 8.98e-06 8.69e-07
6.25e-01 5.85e-01 2.04e-02 5.90e-01 2.11e-02 7.79e-05 3.56e-03 6.22e-04 3.27e-04 2.12e-04 2.16e-05
6.28e-01 4.98e-01 2.00e-02 5.00e-01 2.01e-02 1.98e-12 5.51e-04 1.10e-04 4.08e-05 2.91e-05 4.66e-06
6.33e-01 5.58e-01 1.26e-02 5.50e-01 1.47e-02 1.82e-12 2.33e-04 7.05e-05 2.72e-05 2.72e-05 4.29e-06
6.44e-01 6.08e-01 1.87e-02 6.10e-01 1.88e-02 1.07e-04 3.12e-03 7.06e-04 2.61e-04 2.21e-04 2.17e-05
6.68e-01 6.75e-01 5.00e-03 6.70e-01 6.96e-03 1.39e-04 1.39e-04 1.77e-04 1.67e-04 1.67e-04 1.67e-04
6.58e-01 5.74e-01 8.26e-03 5.70e-01 9.25e-03 5.77e-17 2.05e-03 8.84e-04 7.55e-04 2.36e-04 1.64e-04
6.85e-01 8.57e-01 4.56e-03 8.60e-01 5.44e-03 8.64e-39 1.63e-38 7.39e-04 7.39e-04 3.12e-04 3.12e-04
6.60e-01 5.80e-01 3.28e-04 5.80e-01 3.28e-04 2.54e-195 1.40e-04 1.40e-04 1.40e-04 1.40e-04 1.40e-04
6.72e-01 5.89e-01 1.21e-02 5.90e-01 1.22e-02 1.76e-15 2.81e-03 6.93e-04 6.33e-04 2.83e-04 6.84e-05
6.86e-01 6.42e-01 4.27e-03 6.40e-01 4.89e-03 2.14e-26 9.54e-04 7.26e-04 7.26e-04 2.30e-04 2.30e-04
6.95e-01 6.53e-01 5.83e-03 6.50e-01 6.70e-03 1.10e-13 1.66e-03 9.60e-04 6.08e-04 6.08e-04 8.69e-05
6.97e-01 6.12e-01 3.75e-03 6.10e-01 4.05e-03 1.68e-70 1.11e-03 9.27e-04 9.27e-04 9.27e-04 1.77e-04
