7.54e-01 7.13e-01 1.42e-02 7.20e-01 1.58e-02 1.01e-05 3.58e-03 9.45e-04 5.40e-04 2.65e-04 9.00e-05
7.48e-01 6.60e-01 2.41e-02 6.60e-01 2.41e-02 6.86e-06 4.00e-03 6.17e-04 3.12e-04 1.62e-04 1.84e-05
7.59e-01 7.03e-01 1.46e-02 7.10e-01 1.61e-02 7.72e-08 3.78e-03 9.67e-04 6.03e-04 2.84e-04 2.99e-05
7.77e-01 7.30e-01 5.53e-03 7.30e-01 5.54e-03 5.14e-13 1.41e-03 9.98e-04 9.98e-04 2.26e-04 1.91e-04
7.76e-01 7.69e-01 3.11e-03 7.70e-01 3.19e-03 4.27e-04 1.11e-03 1.00e-03 1.00e-03 1.00e-03 9.57e-05
7.43e-01 7.86e-01 5.20e-03 7.90e-01 6.51e-03 1.10e-19 1.10e-19 1.00e-03 6.95e-04 6.95e-04 6.95e-04
7.63e-01 7.33e-01 8.39e-03 7.30e-01 8.80e-03 1.29e-09 1.01e-03 7.38e-04 7.38e-04 2.37e-04 2.60e-05
7.66e-01 7.05e-01 1.11e-02 7.00e-01 1.24e-02 7.54e-09 2.16e-03 7.35e-04 3.07e-04 2.99e-04 4.80e-05
7.69e-01 7.18e-01 5.66e-03 7.20e-01 6.09e-03 2.46e-16 1.53e-03 9.95e-04 4.25e-04 4.25e-04 1.05e-04
7.49e-01 7.50e-01 1.27e-04 7.50e-01 1.27e-04 1.83e-04 1.83e-04 2.06e-04 2.06e-04 2.06e-04 2.06e-04
7.72e-01 7.44e-01 4.92e-03 7.40e-01 6.38e-03 1.38e-13 1.69e-03 1.00e-03 6.88e-04 6.88e-04 6.88e-04
7.52e-01 6.82e-01 4.30e-03 6.80e-01 4.82e-03 5.96e-32 9.54e-04 7.33e-04 7.33e-04 2.17e-04 2.17e-04
7.46e-01 6.99e-01 3.43e-03 7.00e-01 3.57e-03 1.59e-37 1.13e-03 9.88e-04 9.88e-04 9.88e-04 1.29e-04
7.48e-01 6.76e-01 8.76e-03 6.80e-01 9.58e-03 2.27e-17 2.32e-03 9.79e-04 8.07e-04 2.90e-04 2.95e-05
7.51e-01 7.09e-01 5.13e-03 7.10e-01 5.30e-03 1.73e-17 1.36e-03 9.92e-04 9.92e-04 2.74e-04 9.97e-05
7.69e-01 6.80e-01 2.45e-02 6.70e-01 2.66e-02 5.57e-06 4.16e-03 5.77e-04 2.76e-04 1.51e-04 1.84e-05
7.39e-01 6.42e-01 4.18e-03 6.40e-01 4.75e-03 1.63e-271 2.13e-04 1.65e-04 1.65e-04 4.81e-05 4.81e-05
7.40e-01 6.45e-01 6.89e-03 6.50e-01 8.38e-03 2.46e-36 1.48e-03 7.28e-04 5.93e-04 5.93e-04 7.32e-05
7.50e-01 6.79e-01 4.83e-03 6.80e-01 4.88e-03 4.36e-24 9.59e-04 7.33e-04 7.33e-04 1.47e-04 8.10e-05
7.55e-01 5.89e-01 3.60e-03 5.90e-01 3.64e-03 6.70e-71 1.62e-04 1.44e-04 1.44e-04 1.44e-04 1.37e-05
7.49e-01 7.07e-01 9.89e-03 7.00e-01 1.23e-02 4.40e-08 1.33e-03 7.35e-04 3.81e-04 3.81e-04 7.39e-05
7.78e-01 7.20e-01 5.59e-03 7.20e-01 5.61e-03 6.33e-20 1.43e-03 9.95e-04 9.95e-04 2.45e-04 1.80e-04
7.65e-01 8.52e-01 3.75e-03 8.50e-01 4.11e-03 7.37e-55 9.17e-55 7.39e-04 7.39e-04 7.39e-04 1.52e-04
7.44e-01 7.20e-01 9.21e-03 7.20e-01 9.21e-03 4.19e-05 2.25e-03 9.95e-04 5.30e-04 5.30e-04 7.50e-05
7.80e-01 7.37e-01 2.12e-02 7.40e-01 2.14e-02 6.55e-05 3.64e-03 5.86e-04 3.12e-04 1.67e-04 2.60e-05
7.87e-01 7.47e-01 4.75e-03 7.50e-01 5.83e-03 1.57e-21 1.52e-03 1.00e-03 5.18e-04 5.18e-04 5.18e-04
7.45e-01 6.72e-01 2.02e-02 6.80e-01 2.18e-02 2.14e-07 5.52e-03 8.80e-04 4.53e-04 3.74e-04 6.39e-05
7.82e-01 7.27e-01 5.00e-03 7.30e-01 5.98e-03 4.94e-27 1.54e-03 9.98e-04 5.22e-04 5.22e-04 5.22e-04
7.72e-01 6.92e-01 1.52e-02 6.90e-01 1.54e-02 1.08e-10 3.88e-03 8.85e-04 5.49e-04 3.56e-04 3.96e-05
7.43e-01 6.74e-01 6.65e-03 6.70e-01 7.53e-03 1.89e-14 1.35e-03 7.31e-04 4.78e-04 4.78e-04 4.78e-05
7.53e-01 7.19e-01 3.63e-03 7.20e-01 3.86e-03 1.33e-17 1.17e-03 9.95e-04 9.95e-04 9.95e-04 1.65e-04
7.80e-01 7.38e-01 6.93e-03 7.40e-01 7.17e-03 1.68e-09 1.81e-03 1.00e-03 5.28e-04 5.28e-04 3.52e-05
7.62e-01 5.58e-01 1.43e-02 5.60e-01 1.45e-02 1.52e-07 1.92e-04 1.31e-04 1.31e-04 6.06e-05 6.06e-05
7.38e-01 6.70e-01 7.09e-03 6.70e-01 7.11e-03 8.07e-21 1.74e-03 9.73e-04 4.06e-04 3.33e-04 2.45e-05
7.70e-01 7.96e-01 6.56e-03 8.00e-01 7.75e-03 2.77e-07 2.77e-07 1.00e-03 1.00e-03 1.00e-03 1.21e-04
7.52e-01 6.70e-01 1.10e-03 6.70e-01 1.11e-03 1.13e-175 1.79e-04 1.77e-04 1.77e-04 1.77e-04 1.77e-04
7.76e-01 8.50e-01 5.37e-03 8.50e-01 5.38e-03 1.13e-14 1.64e-06 7.39e-04 7.39e-04 7.39e-04 7.39e-04
7.44e-01 7.15e-01 6.15e-03 7.10e-01 7.81e-03 1.08e-07 2.10e-03 9.92e-04 9.77e-04 9.77e-04 5.98e-05
7.66e-01 6.82e-01 1.54e-02 6.80e-01 1.55e-02 8.63e-08 2.66e-03 6.04e-04 2.84e-04 2.65e-04 4.79e-05
7.74e-01 7.59e-01 7.02e-03 7.60e-01 7.09e-03 1.91e-04 1.77e-03 1.00e-03 4.53e-04 2.97e-04 2.52e-05
7.52e-01 7.08e-01 3.04e-02 7.00e-01 3.15e-02 1.27e-04 4.08e-03 6.32e-04 2.62e-04 2.40e-04 1.85e-05
7.76e-01 7.00e-01 2.74e-02 7.10e-01 2.90e-02 2.08e-06 6.49e-03 8.82e-04 3.44e-04 2.14e-04 3.49e-05
7.54e-01 6.96e-01 1.15e-02 7.00e-01 1.22e-02 9.58e-10 3.06e-03 9.19e-04 5.26e-04 4.12e-04 8.94e-05
7.43e-01 7.18e-01 5.53e-03 7.20e-01 6.02e-03 1.63e-07 1.52e-03 9.95e-04 4.30e-04 4.30e-04 8.50e-05
7.65e-01 7.06e-01 1.86e-02 7.10e-01 1.90e-02 2.88e-06 4.59e-03 8.33e-04 4.59e-04 3.59e-04 3.99e-05
7.58e-01 7.51e-01 2.02e-02 7.50e-01 2.02e-02 8.92e-04 3.63e-03 8.66e-04 3.17e-04 3.07e-04 3.02e-05
7.58e-01 7.20e-01 1.23e-03 7.20e-01 1.24e-03 7.06e-22 1.01e-03 9.95e-04 9.95e-04 9.95e-04 9.95e-04
7.53e-01 6.46e-01 8.12e-03 6.50e-01 8.97e-03 2.34e-17 2.19e-03 9.60e-04 8.30e-04 2.41e-04 1.40e-04
7.46e-01 8.86e-01 7.47e-03 8.80e-01 9.69e-03 2.09e-49 2.09e-49 9.73e-04 6.84e-04 6.84e-04 2.59e-04
7.55e-01 7.21e-01 4.18e-02 7.00e-01 4.69e-02 1.81e-04 4.53e-03 6.08e-04 3.15e-04 1.56e-04 1.85e-05
7.66e-01 8.56e-01 5.97e-03 8.60e-01 7.01e-03 4.38e-09 4.39e-07 7.39e-04 5.31e-04 5.31e-04 5.20e-05
7.48e-01 7.14e-01 1.38e-02 7.20e-01 1.49e-02 6.15e-05 3.59e-03 9.70e-04 5.70e-04 2.20e-04 3.50e-05
7.40e-01 6.63e-01 2.47e-02 6.60e-01 2.48e-02 9.33e-06 6.02e-03 8.89e-04 4.08e-04 2.04e-04 3.40e-05
7.72e-01 7.73e-01 8.61e-03 7.70e-01 9.26e-03 9.47e-04 1.50e-03 1.00e-03 7.41e-04 3.28e-04 1.81e-04
7.75e-01 1.08e+00 5.07e-02 1.08e+00 5.07e-02 6.57e-11 8.95e-06 6.79e-04 2.32e-04 1.36e-04 1.79e-05
7.41e-01 6.77e-01 1.04e-02 6.80e-01 1.09e-02 2.24e-08 2.01e-03 7.33e-04 2.98e-04 2.03e-04 1.84e-05
7.81e-01 7.31e-01 6.25e-02 7.20e-01 6.35e-02 1.78e-04 7.85e-03 6.34e-04 2.88e-04 1.21e-04 2.50e-05
7.68e-01 6.39e-01 1.47e-02 6.40e-01 1.47e-02 2.10e-14 3.37e-03 9.43e-04 4.50e-04 4.50e-04 4.79e-05
7.71e-01 7.04e-01 2.80e-02 7.10e-01 2.86e-02 5.13e-05 6.91e-03 8.33e-04 4.44e-04 2.54e-04 3.49e-05
7.76e-01 8.77e-01 4.69e-03 8.80e-01 5.65e-03 1.59e-123 1.59e-123 9.73e-04 9.73e-04 4.55e-04 4.55e-04
7.68e-01 8.40e-01 6.28e-02 8.60e-01 6.61e-02 3.47e-04 1.93e-03 6.79e-04 2.31e-04 1.64e-04 2.22e-05
7.70e-01 8.71e-01 1.25e-02 8.70e-01 1.26e-02 7.22e-07 9.13e-06 7.38e-04 4.93e-04 2.56e-04 2.60e-05
7.58e-01 7.13e-01 9.38e-03 7.10e-01 9.76e-03 7.77e-08 2.45e-03 9.92e-04 4.09e-04 4.09e-04 6.48e-05
7.76e-01 7.71e-01 3.41e-03 7.70e-01 3.63e-03 4.80e-04 1.10e-03 1.00e-03 1.00e-03 1.00e-03 1.51e-04
7.67e-01 7.64e-01 3.07e-02 7.60e-01 3.10e-02 9.51e-04 4.61e-03 7.81e-04 3.43e-04 1.81e-04 3.53e-05
7.40e-01 6.37e-01 4.75e-03 6.40e-01 5.87e-03 8.03e-47 1.11e-03 7.26e-04 3.83e-04 3.83e-04 3.83e-04
7.45e-01 7.19e-01 4.61e-02 7.00e-01 4.98e-02 2.79e-04 4.28e-03 6.46e-04 2.36e-04 1.33e-04 1.85e-05
7.57e-01 6.71e-01 2.52e-02 6.70e-01 2.52e-02 8.78e-06 4.10e-03 5.99e-04 2.98e-04 1.51e-04 2.21e-05
7.43e-01 6.35e-01 2.18e-02 6.30e-01 2.25e-02 3.61e-07 4.61e-03 8.59e-04 5.03e-04 1.76e-04 3.80e-05
7.78e-01 6.70e-01 2.85e-02 6.60e-01 3.02e-02 2.11e-07 7.67e-03 7.97e-04 4.62e-04 2.82e-04 5.35e-05
7.50e-01 8.23e-01 4.84e-01 6.40e-01 5.18e-01 4.05e-07 1.64e-03 7.30e-04 2.71e-04 4.03e-05 3.67e-06
7.51e-01 7.17e-01 3.00e-02 7.20e-01 3.02e-02 5.40e-04 6.35e-03 8.10e-04 3.45e-04 2.35e-04 2.50e-05
7.65e-01 7.33e-01 3.00e-02 7.40e-01 3.09e-02 5.37e-04 6.68e-03 9.34e-04 4.12e-04 2.25e-04 2.75e-05
7.54e-01 1.09e+00 4.51e-02 1.08e+00 4.66e-02 9.54e-13 6.15e-08 5.47e-04 2.93e-04 1.61e-04 1.79e-05
7.56e-01 1.01e+00 4.94e-01 7.50e-01 5.57e-01 7.20e-04 3.37e-03 5.39e-04 1.78e-04 5.57e-05 7.43e-06
7.72e-01 6.77e-01 1.54e-02 6.80e-01 1.58e-02 7.65e-10 3.82e-03 9.00e-04 5.46e-04 3.10e-04 6.39e-05
7.53e-01 6.33e-01 2.71e-02 6.20e-01 3.02e-02 1.18e-06 5.63e-03 7.57e-04 3.72e-04 1.83e-04 2.82e-05
8.19e-01 8.07e-01 4.62e-02 8.20e-01 4.80e-02 9.79e-04 6.65e-03 7.95e-04 3.06e-04 1.68e-04 2.47e-05
7.86e-01 7.88e-01 8.87e-02 7.00e-01 1.25e-01 2.12e-04 6.54e-03 5.73e-04 2.51e-04 1.48e-04 2.22e-05
8.28e-01 8.62e-01 3.64e-03 8.60e-01 3.96e-03 1.11e-62 1.11e-62 7.39e-04 7.39e-04 7.39e-04 1.37e-04
8.22e-01 7.44e-01 1.08e-02 7.40e-01 1.16e-02 1.98e-13 2.89e-03 1.00e-03 4.57e-04 3.62e-04 6.53e-05
7.99e-01 6.70e-01 5.89e-04 6.70e-01 5.89e-04 0.00e+00 1.78e-04 1.77e-04 1.77e-04 1.77e-04 1.77e-04
8.23e-01 7.15e-01 5.08e-03 7.10e-01 7.03e-03 4.42e-32 1.44e-03 7.36e-04 6.99e-04 6.99e-04 6.99e-04
8.12e-01 7.26e-01 2.79e-02 7.30e-01 2.82e-02 4.95e-06 6.30e-03 8.98e-04 4.41e-04 2.06e-04 2.51e-05
8.14e-01 7.30e-01 9.81e-03 7.30e-01 9.83e-03 6.46e-18 2.25e-03 7.08e-04 5.97e-04 5.97e-04 1.04e-04
7.89e-01 7.67e-01 4.92e-03 7.70e-01 5.88e-03 1.09e-06 1.53e-03 1.00e-03 5.14e-04 5.14e-04 5.14e-04
7.98e-01 7.36e-01 6.20e-03 7.40e-01 7.51e-03 1.21e-19 1.55e-03 7.39e-04 7.01e-04 7.01e-04 8.91e-05
8.19e-01 7.39e-01 1.12e-02 7.40e-01 1.12e-02 2.28e-11 1.92e-03 7.39e-04 4.19e-04 1.89e-04 2.23e-05
8.04e-01 7.08e-01 3.67e-03 7.10e-01 3.98e-03 4.75e-62 2.29e-04 1.92e-04 1.92e-04 1.92e-04 3.58e-05
7.85e-01 7.37e-01 5.38e-03 7.40e-01 6.32e-03 2.02e-18 1.63e-03 1.00e-03 5.78e-04 5.78e-04 5.03e-05
8.04e-01 7.67e-01 5.36e-03 7.70e-01 6.38e-03 1.58e-11 1.67e-03 1.00e-03 6.15e-04 6.15e-04 5.04e-05
7.93e-01 7.24e-01 1.57e-02 7.30e-01 1.67e-02 4.02e-08 3.84e-03 9.33e-04 5.67e-04 2.51e-04 3.51e-05
7.93e-01 7.23e-01 8.95e-03 7.20e-01 9.53e-03 7.07e-15 1.41e-03 7.37e-04 1.93e-04 1.93e-04 1.63e-04
8.19e-01 8.57e-01 4.80e-03 8.60e-01 5.90e-03 8.25e-74 7.11e-73 7.39e-04 3.94e-04 3.94e-04 3.94e-04
8.23e-01 7.23e-01 1.57e-02 7.20e-01 1.59e-02 3.23e-11 2.78e-03 5.37e-04 4.44e-04 1.70e-04 2.96e-05
8.03e-01 8.44e-01 5.63e-03 8.40e-01 6.63e-03 1.23e-15 1.23e-15 9.90e-04 4.93e-04 4.93e-04 4.48e-05
8.09e-01 8.35e-01 5.07e-03 8.30e-01 6.97e-03 3.20e-11 3.20e-11 9.94e-04 9.14e-04 9.14e-04 9.14e-04
7.88e-01 7.27e-01 1.86e-02 7.20e-01 1.98e-02 1.23e-06 3.07e-03 6.82e-04 2.63e-04 2.15e-04 2.59e-05
8.19e-01 7.82e-01 1.95e-02 7.90e-01 2.12e-02 9.95e-05 3.50e-03 5.92e-04 5.06e-04 2.08e-04 3.72e-05
8.00e-01 6.95e-01 1.18e-02 7.00e-01 1.29e-02 4.62e-15 3.22e-03 9.83e-04 4.92e-04 4.92e-04 1.09e-04
8.06e-01 7.53e-01 1.69e-02 7.50e-01 1.71e-02 1.33e-05 4.18e-03 8.96e-04 4.08e-04 2.52e-04 4.03e-05
7.92e-01 7.67e-01 4.69e-03 7.70e-01 5.62e-03 3.55e-11 1.47e-03 1.00e-03 1.00e-03 4.59e-04 4.59e-04
8.29e-01 8.43e-01 5.33e-03 8.40e-01 6.26e-03 3.92e-05 3.94e-05 9.90e-04 5.52e-04 5.52e-04 4.48e-05
8.20e-01 7.58e-01 4.11e-02 7.40e-01 4.49e-02 3.09e-06 3.33e-03 7.09e-04 2.75e-04 1.48e-04 1.86e-05
8.09e-01 8.17e-01 5.37e-03 8.20e-01 5.96e-03 4.23e-04 4.28e-04 9.96e-04 4.51e-04 4.51e-04 7.01e-05
8.22e-01 7.33e-01 9.00e-03 7.40e-01 1.11e-02 3.06e-19 1.77e-03 7.39e-04 6.05e-04 2.82e-04 4.08e-05
8.01e-01 1.15e+00 1.62e-01 1.15e+00 1.62e-01 2.85e-07 1.66e-06 6.17e-04 2.52e-04 1.19e-04 7.01e-06
8.17e-01 7.82e-01 7.39e-03 7.80e-01 7.66e-03 5.97e-07 1.91e-03 1.00e-03 5.59e-04 2.82e-04 6.05e-05
8.11e-01 7.33e-01 1.91e-02 7.30e-01 1.94e-02 4.00e-07 4.68e-03 9.73e-04 4.11e-04 3.61e-04 3.51e-05
8.10e-01 7.07e-01 2.62e-02 7.20e-01 2.92e-02 3.99e-12 5.35e-03 7.49e-04 3.70e-04 2.04e-04 2.92e-05
8.18e-01 7.80e-01 6.26e-04 7.80e-01 6.27e-04 6.63e-38 2.16e-04 2.16e-04 2.16e-04 2.16e-04 2.16e-04
8.18e-01 8.22e-01 3.45e-02 8.10e-01 3.65e-02 9.94e-04 5.12e-03 8.63e-04 4.42e-04 2.51e-04 5.02e-05
7.85e-01 7.35e-01 6.75e-03 7.40e-01 8.46e-03 1.37e-13 1.59e-03 7.39e-04 6.94e-04 6.94e-04 7.05e-05
7.93e-01 7.62e-01 6.26e-03 7.60e-01 6.60e-03 1.97e-07 1.63e-03 1.00e-03 4.53e-04 4.53e-04 1.56e-04
8.15e-01 8.09e-01 4.05e-03 8.10e-01 4.22e-03 5.01e-04 1.20e-03 9.99e-04 9.99e-04 9.99e-04 4.02e-05
8.20e-01 7.20e-01 8.64e-03 7.20e-01 8.65e-03 3.58e-28 1.43e-03 7.37e-04 3.48e-04 2.26e-04 3.70e-05
7.95e-01 7.21e-01 7.41e-03 7.20e-01 7.43e-03 8.16e-20 1.84e-03 9.95e-04 4.35e-04 3.55e-04 3.50e-05
7.86e-01 7.65e-01 5.07e-03 7.60e-01 7.08e-03 1.72e-06 1.99e-03 1.00e-03 9.77e-04 9.77e-04 9.77e-04
7.93e-01 7.28e-01 4.42e-03 7.30e-01 4.96e-03 2.98e-45 1.32e-03 9.98e-04 9.98e-04 3.11e-04 3.11e-04
7.84e-01 6.88e-01 4.06e-03 6.90e-01 4.43e-03 7.72e-86 2.30e-04 1.85e-04 1.85e-04 1.85e-04 4.37e-05
8.20e-01 7.65e-01 2.02e-02 7.60e-01 2.08e-02 3.37e-05 4.78e-03 9.42e-04 4.58e-04 1.96e-04 3.53e-05
8.12e-01 7.16e-01 5.07e-03 7.20e-01 6.57e-03 6.08e-25 1.28e-03 7.37e-04 5.37e-04 5.37e-04 5.37e-04
8.12e-01 7.97e-01 4.84e-03 8.00e-01 5.70e-03 1.26e-05 1.48e-03 1.00e-03 1.00e-03 4.63e-04 4.63e-04
8.27e-01 7.37e-01 4.91e-03 7.40e-01 5.78e-03 9.17e-59 1.50e-03 1.00e-03 1.00e-03 4.77e-04 4.77e-04
7.97e-01 7.19e-01 1.13e-02 7.20e-01 1.13e-02 2.00e-09 1.79e-03 7.37e-04 5.26e-04 1.44e-04 4.07e-05
8.17e-01 7.76e-01 6.06e-03 7.80e-01 7.14e-03 3.95e-11 1.91e-03 1.00e-03 7.86e-04 7.86e-04 1.06e-04
7.86e-01 7.59e-01 1.19e-02 7.60e-01 1.19e-02 9.82e-05 2.96e-03 1.00e-03 6.40e-04 2.77e-04 4.03e-05
7.97e-01 7.34e-01 7.90e-03 7.40e-01 9.97e-03 1.74e-16 1.61e-03 7.39e-04 5.75e-04 2.30e-04 6.68e-05
7.81e-01 7.37e-01 1.19e-02 7.40e-01 1.24e-02 3.64e-07 2.88e-03 1.00e-03 5.23e-04 3.12e-04 6.03e-05
7.97e-01 6.95e-01 1.17e-02 6.90e-01 1.27e-02 6.13e-18 2.24e-03 7.34e-04 3.91e-04 3.43e-04 5.90e-05
8.16e-01 7.44e-01 1.90e-02 7.40e-01 1.93e-02 2.87e-06 4.75e-03 8.14e-04 4.72e-04 2.01e-04 6.03e-05
7.95e-01 8.12e-01 4.63e-03 8.10e-01 5.25e-03 8.35e-06 8.35e-06 9.99e-04 9.99e-04 3.61e-04 3.61e-04
7.88e-01 7.31e-01 6.46e-03 7.30e-01 6.52e-03 1.34e-15 1.62e-03 9.98e-04 3.66e-04 3.66e-04 2.46e-04
8.08e-01 7.53e-01 6.35e-03 7.50e-01 7.11e-03 3.39e-14 1.80e-03 1.00e-03 6.34e-04 6.34e-04 4.03e-05
8.14e-01 8.09e-01 4.75e-02 8.50e-01 6.25e-02 2.09e-04 4.05e-03 6.32e-04 2.95e-04 1.82e-04 4.54e-05
7.96e-01 7.59e-01 5.09e-03 7.60e-01 5.25e-03 2.22e-24 2.76e-04 2.10e-04 2.10e-04 4.74e-05 1.79e-05
8.06e-01 9.00e-01 7.36e-02 8.70e-01 7.94e-02 1.36e-08 2.74e-06 7.38e-04 2.37e-04 1.56e-04 1.11e-05
7.85e-01 7.36e-01 1.33e-02 7.40e-01 1.40e-02 9.86e-08 2.05e-03 7.39e-04 2.93e-04 2.93e-04 3.34e-05
7.90e-01 7.30e-01 1.45e-02 7.20e-01 1.78e-02 7.65e-07 2.92e-03 6.74e-04 3.33e-04 3.33e-04 2.59e-05
7.96e-01 7.71e-01 6.62e-03 7.70e-01 6.70e-03 9.92e-06 1.67e-03 1.00e-03 3.88e-04 2.57e-04 2.57e-04
8.20e-01 7.72e-01 6.19e-03 7.70e-01 6.63e-03 1.06e-12 1.65e-03 1.00e-03 4.84e-04 4.84e-04 1.41e-04
8.19e-01 7.18e-01 1.92e-02 7.20e-01 1.92e-02 6.77e-10 4.48e-03 8.80e-04 5.05e-04 2.20e-04 2.50e-05
8.02e-01 8.64e-01 5.06e-03 8.60e-01 6.24e-03 4.58e-29 9.89e-16 7.39e-04 4.27e-04 4.27e-04 4.27e-04
8.15e-01 7.92e-01 2.70e-02 7.80e-01 2.95e-02 4.96e-04 5.28e-03 8.16e-04 4.23e-04 2.37e-04 3.02e-05
8.19e-01 7.29e-01 1.39e-02 7.30e-01 1.40e-02 1.58e-11 3.43e-03 7.92e-04 3.76e-04 3.21e-04 8.52e-05
8.11e-01 7.34e-01 1.29e-02 7.30e-01 1.37e-02 1.19e-10 3.38e-03 9.53e-04 5.01e-04 5.01e-04 3.01e-05
8.10e-01 1.17e+00 2.24e-01 1.09e+00 2.40e-01 6.90e-08 2.66e-06 6.02e-04 2.53e-04 1.89e-04 7.13e-06
8.01e-01 7.38e-01 7.86e-03 7.40e-01 8.01e-03 7.10e-14 1.39e-03 7.39e-04 3.38e-04 2.38e-04 6.31e-05
7.84e-01 7.36e-01 2.78e-02 7.40e-01 2.81e-02 3.21e-05 3.68e-03 5.83e-04 2.56e-04 1.89e-04 1.86e-05
8.18e-01 8.51e-01 4.51e-03 8.50e-01 4.59e-03 2.00e-12 2.00e-12 9.87e-04 9.87e-04 9.87e-04 7.93e-05
7.94e-01 7.47e-01 4.69e-03 7.50e-01 5.42e-03 5.17e-23 1.41e-03 1.00e-03 1.00e-03 3.98e-04 3.98e-04
8.17e-01 7.91e-01 1.11e-02 7.90e-01 1.11e-02 9.05e-05 2.71e-03 1.00e-03 6.24e-04 2.11e-04 5.03e-05
8.21e-01 7.53e-01 1.17e-02 7.50e-01 1.21e-02 4.22e-09 2.99e-03 1.00e-03 5.64e-04 3.37e-04 7.55e-05
8.13e-01 8.52e-01 5.06e-03 8.50e-01 5.58e-03 6.46e-10 6.47e-10 7.39e-04 7.39e-04 2.79e-04 3.72e-05
8.20e-01 7.50e-01 2.16e-02 7.50e-01 2.16e-02 8.03e-06 4.96e-03 8.71e-04 3.07e-04 3.02e-04 2.52e-05
8.09e-01 7.27e-01 1.38e-02 7.30e-01 1.42e-02 3.77e-11 2.90e-03 7.38e-04 4.00e-04 2.00e-04 3.34e-05
8.24e-01 7.35e-01 1.91e-02 7.40e-01 1.99e-02 1.72e-07 6.14e-03 1.30e-03 4.79e-04 4.72e-04 4.17e-05
7.91e-01 7.00e-01 5.05e-03 7.00e-01 5.06e-03 6.81e-39 9.87e-04 7.35e-04 7.35e-04 1.44e-04 1.11e-04
8.07e-01 7.93e-01 1.06e-02 7.90e-01 1.09e-02 4.07e-04 2.61e-03 1.00e-03 5.19e-04 2.67e-04 4.03e-05
8.10e-01 7.35e-01 5.48e-03 7.30e-01 7.11e-03 3.05e-43 1.89e-03 9.98e-04 8.42e-04 8.42e-04 3.01e-05
8.17e-01 7.42e-01 2.29e-02 7.40e-01 2.30e-02 9.20e-06 5.57e-03 8.79e-04 4.32e-04 2.26e-04 3.02e-05
8.26e-01 7.45e-01 5.31e-03 7.50e-01 7.12e-03 2.02e-49 1.97e-03 1.00e-03 9.36e-04 9.36e-04 9.36e-04
7.88e-01 7.49e-01 5.44e-02 7.30e-01 5.77e-02 7.54e-05 4.95e-03 5.93e-04 2.37e-04 1.30e-04 1.85e-05
8.01e-01 8.40e-01 3.46e-03 8.40e-01 3.47e-03 3.55e-11 3.56e-11 9.90e-04 9.90e-04 9.90e-04 5.47e-05
8.04e-01 7.53e-01 8.54e-03 7.50e-01 8.91e-03 1.03e-09 2.22e-03 1.00e-03 7.05e-04 3.52e-04 3.52e-05
8.19e-01 7.42e-01 2.27e-02 7.40e-01 2.27e-02 5.53e-06 5.45e-03 8.64e-04 4.17e-04 2.06e-04 3.52e-05
7.94e-01 8.49e-01 3.63e-03 8.50e-01 3.92e-03 2.56e-30 3.59e-08 7.39e-04 7.39e-04 7.39e-04 1.30e-04
8.17e-01 7.47e-01 6.00e-03 7.50e-01 6.79e-03 6.42e-26 1.73e-03 1.00e-03 6.14e-04 6.14e-04 1.06e-04
8.11e-01 7.95e-01 8.05e-03 7.90e-01 9.36e-03 1.56e-04 2.14e-03 1.00e-03 7.90e-04 1.76e-04 1.71e-04
8.11e-01 7.45e-01 5.58e-03 7.50e-01 7.62e-03 5.13e-29 1.52e-03 7.39e-04 7.35e-04 7.35e-04 3.71e-05
8.16e-01 7.07e-01 4.98e-01 8.00e-02 8.00e-01 5.56e-06 3.96e-04 2.21e-04 5.87e-05 3.77e-05 4.43e-06
8.21e-01 7.53e-01 5.00e-03 7.50e-01 5.60e-03 1.88e-39 1.44e-03 1.00e-03 1.00e-03 3.98e-04 4.53e-05
8.16e-01 7.96e-01 2.89e-02 7.90e-01 2.96e-02 6.36e-04 5.60e-03 7.60e-04 4.08e-04 2.57e-04 3.52e-05
8.18e-01 7.39e-01 5.75e-03 7.40e-01 5.93e-03 4.94e-34 1.51e-03 1.00e-03 3.57e-04 3.57e-04 1.51e-04
8.20e-01 8.27e-01 7.74e-02 8.30e-01 7.75e-02 7.32e-04 3.52e-03 5.84e-04 2.57e-04 1.52e-04 1.86e-05
8.20e-01 8.61e-01 2.87e-03 8.60e-01 3.00e-03 1.15e-113 1.40e-113 7.39e-04 7.39e-04 7.39e-04 7.43e-05
8.02e-01 7.43e-01 4.57e-02 7.40e-01 4.59e-02 1.61e-04 1.05e-02 1.16e-03 4.66e-04 2.62e-04 2.91e-05
7.95e-01 7.11e-01 3.58e-03 7.10e-01 3.85e-03 2.52e-38 8.64e-04 7.36e-04 7.36e-04 7.36e-04 1.26e-04
8.23e-01 7.31e-01 1.04e-02 7.30e-01 1.04e-02 1.60e-18 2.56e-03 9.98e-04 5.67e-04 5.67e-04 1.30e-04
8.18e-01 7.80e-01 8.42e-03 7.80e-01 8.42e-03 3.95e-07 2.15e-03 1.00e-03 5.04e-04 5.04e-04 5.54e-05
7.92e-01 7.35e-01 5.98e-03 7.40e-01 7.82e-03 1.30e-21 1.51e-03 7.39e-04 6.94e-04 6.94e-04 3.34e-05
7.90e-01 8.68e-01 7.63e-03 8.70e-01 7.84e-03 3.94e-22 3.60e-08 7.38e-04 7.38e-04 7.38e-04 1.85e-04
7.90e-01 7.02e-01 3.68e-02 7.10e-01 3.78e-02 2.89e-05 8.87e-03 8.13e-04 3.64e-04 2.59e-04 2.99e-05
8.01e-01 7.57e-01 4.75e-03 7.60e-01 5.45e-03 3.91e-19 1.42e-03 1.00e-03 1.00e-03 4.03e-04 4.03e-04
8.22e-01 8.45e-01 6.35e-03 8.40e-01 8.34e-03 7.91e-06 7.93e-06 9.90e-04 9.80e-04 9.80e-04 5.47e-05
8.19e-01 8.52e-01 3.92e-03 8.50e-01 4.35e-03 2.66e-98 2.66e-98 7.39e-04 7.39e-04 7.39e-04 1.75e-04
7.99e-01 7.38e-01 1.93e-02 7.40e-01 1.95e-02 4.00e-07 2.68e-03 6.57e-04 3.93e-04 1.60e-04 2.97e-05
8.06e-01 7.22e-01 6.28e-02 7.30e-01 6.32e-02 2.30e-04 1.34e-02 8.28e-04 3.35e-04 1.95e-04 3.25e-05
7.98e-01 7.59e-01 6.03e-02 8.30e-01 9.30e-02 6.70e-04 6.85e-03 5.77e-04 2.90e-04 2.12e-04 2.60e-05
8.24e-01 8.05e-01 8.82e-03 8.00e-01 1.01e-02 1.73e-04 2.50e-03 1.00e-03 9.35e-04 2.77e-04 2.66e-04
8.07e-01 7.12e-01 4.45e-02 7.20e-01 4.52e-02 6.09e-06 1.24e-02 1.14e-03 5.08e-04 3.69e-04 4.62e-05
8.09e-01 7.15e-01 2.64e-02 7.00e-01 3.03e-02 6.75e-09 3.77e-03 7.95e-04 3.77e-04 2.43e-04 2.98e-05
8.00e-01 7.27e-01 7.05e-03 7.30e-01 7.54e-03 5.02e-25 1.88e-03 9.98e-04 6.12e-04 6.12e-04 5.52e-05
8.22e-01 7.40e-01 4.32e-03 7.40e-01 4.33e-03 1.64e-56 1.23e-03 1.00e-03 1.00e-03 1.00e-03 1.01e-04
7.89e-01 6.87e-01 6.02e-03 6.90e-01 6.59e-03 9.40e-25 1.23e-03 7.34e-04 3.98e-04 3.98e-04 8.11e-05
8.07e-01 7.20e-01 1.02e-02 7.20e-01 1.02e-02 2.12e-18 2.45e-03 9.95e-04 5.45e-04 5.45e-04 1.15e-04
7.81e-01 6.89e-01 3.46e-03 6.90e-01 3.73e-03 1.02e-166 2.15e-04 1.85e-04 1.85e-04 1.85e-04 3.07e-05
8.08e-01 7.75e-01 5.87e-03 7.70e-01 7.80e-03 9.05e-08 2.09e-03 1.00e-03 9.88e-04 9.88e-04 6.05e-05
8.14e-01 7.33e-01 1.71e-02 7.30e-01 1.73e-02 5.66e-08 4.20e-03 9.33e-04 3.61e-04 2.71e-04 5.01e-05
8.08e-01 7.50e-01 1.01e-02 7.50e-01 1.01e-02 5.41e-09 2.52e-03 1.00e-03 5.84e-04 5.84e-04 1.31e-04
7.85e-01 7.41e-01 5.34e-03 7.40e-01 5.51e-03 4.61e-14 1.42e-03 1.00e-03 1.00e-03 3.07e-04 1.16e-04
7.88e-01 7.25e-01 3.01e-02 7.20e-01 3.06e-02 2.45e-05 4.53e-03 6.00e-04 3.11e-04 1.63e-04 2.22e-05
8.18e-01 7.97e-01 8.85e-03 8.00e-01 9.22e-03 1.11e-04 2.37e-03 1.00e-03 8.20e-04 3.62e-04 5.53e-05
8.16e-01 8.08e-01 1.14e-02 8.10e-01 1.16e-02 7.33e-04 2.63e-03 9.74e-04 5.37e-04 3.31e-04 3.51e-05
8.23e-01 7.86e-01 3.47e-02 7.70e-01 3.82e-02 1.03e-04 5.07e-03 8.32e-04 4.44e-04 2.12e-04 2.52e-05
7.87e-01 7.19e-01 9.98e-03 7.20e-01 1.01e-02 3.45e-12 2.48e-03 9.95e-04 5.25e-04 5.25e-04 9.50e-05
7.87e-01 7.33e-01 6.80e-03 7.30e-01 7.38e-03 3.13e-14 1.84e-03 9.98e-04 6.17e-04 6.17e-04 5.01e-05
8.24e-01 7.76e-01 1.79e-02 7.70e-01 1.89e-02 4.70e-05 4.35e-03 9.42e-04 3.48e-04 3.48e-04 2.52e-05
8.05e-01 8.37e-01 3.76e-02 8.60e-01 4.39e-02 5.65e-04 2.27e-03 8.05e-04 4.00e-04 2.17e-04 3.46e-05
8.04e-01 6.95e-01 1.60e-02 7.00e-01 1.68e-02 3.83e-21 4.09e-03 9.09e-04 3.28e-04 2.93e-04 5.96e-05
8.17e-01 7.49e-01 4.65e-03 7.50e-01 4.72e-03 6.46e-30 1.28e-03 1.00e-03 1.00e-03 1.96e-04 9.06e-05
8.17e-01 7.25e-01 1.26e-02 7.20e-01 1.36e-02 2.65e-54 4.47e-04 1.96e-04 7.98e-05 7.98e-05 1.48e-05
8.15e-01 7.79e-01 3.77e-03 7.80e-01 3.91e-03 5.78e-16 1.18e-03 1.00e-03 1.00e-03 1.00e-03 1.56e-04
8.26e-01 1.06e+00 6.24e-02 1.08e+00 6.42e-02 4.69e-13 2.12e-08 5.40e-04 2.54e-04 1.97e-04 1.43e-05
8.00e-01 7.34e-01 5.36e-03 7.30e-01 6.84e-03 1.46e-29 1.80e-03 9.98e-04 7.62e-04 7.62e-04 7.62e-04
8.02e-01 7.25e-01 5.13e-03 7.20e-01 7.08e-03 3.21e-44 1.97e-03 9.95e-04 9.60e-04 9.60e-04 9.60e-04
8.10e-01 8.61e-01 8.30e-03 8.60e-01 8.42e-03 7.95e-14 7.95e-14 9.82e-04 6.71e-04 6.71e-04 1.04e-04
7.79e-01 7.68e-01 4.11e-03 7.70e-01 4.64e-03 2.47e-05 2.71e-04 2.13e-04 2.13e-04 5.88e-05 5.88e-05
8.16e-01 8.65e-01 5.00e-03 8.70e-01 7.07e-03 2.12e-83 6.32e-83 7.38e-04 7.38e-04 7.38e-04 7.38e-04
7.92e-01 7.28e-01 1.10e-02 7.30e-01 1.13e-02 2.00e-11 2.21e-03 6.19e-04 4.86e-04 2.34e-04 3.71e-05
7.89e-01 6.75e-01 1.63e-02 6.80e-01 1.70e-02 3.51e-09 2.99e-03 7.14e-04 4.34e-04 1.84e-04 2.95e-05
7.92e-01 7.15e-01 2.84e-02 7.20e-01 2.89e-02 8.57e-06 4.89e-03 5.97e-04 3.08e-04 2.15e-04 2.59e-05
7.88e-01 7.22e-01 4.37e-02 7.10e-01 4.53e-02 8.76e-06 4.61e-03 5.66e-04 3.18e-04 1.41e-04 1.85e-05
8.02e-01 7.40e-01 7.93e-03 7.40e-01 7.93e-03 4.20e-15 2.01e-03 1.00e-03 4.92e-04 4.42e-04 4.02e-05
8.13e-01 7.13e-01 1.93e-02 7.10e-01 1.96e-02 3.67e-09 3.60e-03 7.07e-04 3.18e-04 1.89e-04 2.96e-05
8.21e-01 8.60e-01 1.75e-03 8.60e-01 1.77e-03 4.11e-62 4.11e-62 7.39e-04 7.39e-04 7.39e-04 7.39e-04
7.96e-01 7.22e-01 6.96e-03 7.20e-01 7.19e-03 7.62e-17 1.07e-03 7.37e-04 7.37e-04 1.04e-04 6.67e-05
8.14e-01 6.79e-01 2.87e-03 6.80e-01 3.00e-03 2.06e-244 1.99e-04 1.81e-04 1.81e-04 1.81e-04 1.82e-05
8.21e-01 8.22e-01 2.32e-02 8.20e-01 2.33e-02 9.84e-04 3.60e-03 9.01e-04 4.71e-04 3.10e-04 5.51e-05
7.93e-01 7.49e-01 4.61e-03 7.50e-01 4.68e-03 7.53e-18 1.28e-03 1.00e-03 1.00e-03 1.91e-04 9.06e-05
7.91e-01 6.97e-01 8.98e-03 7.00e-01 9.36e-03 2.29e-18 2.37e-03 9.88e-04 4.22e-04 4.22e-04 3.48e-05
8.23e-01 6.77e-01 6.29e-03 6.80e-01 7.09e-03 1.04e-49 3.20e-04 1.81e-04 1.11e-04 1.11e-04 7.28e-06
8.06e-01 7.10e-01 1.91e-02 7.20e-01 2.15e-02 4.36e-11 4.59e-03 9.70e-04 4.60e-04 2.55e-04 5.50e-05
7.90e-01 7.50e-01 3.89e-03 7.50e-01 3.90e-03 6.38e-16 1.18e-03 1.00e-03 1.00e-03 1.00e-03 7.55e-05
7.93e-01 7.47e-01 7.00e-03 7.50e-01 7.60e-03 1.63e-11 1.90e-03 1.00e-03 6.44e-04 6.44e-04 6.04e-05
7.86e-01 1.07e-01 4.73e-03 1.10e-01 5.81e-03 6.48e-32 4.26e-04 2.82e-04 1.45e-04 1.45e-04 1.45e-04
8.22e-01 8.50e-01 1.05e-04 8.50e-01 1.05e-04 4.28e-85 4.75e-62 7.39e-04 7.39e-04 7.39e-04 7.39e-04
7.83e-01 7.33e-01 9.08e-03 7.30e-01 9.70e-03 3.31e-09 2.39e-03 9.98e-04 7.87e-04 3.51e-04 4.01e-05
7.97e-01 7.21e-01 1.27e-02 7.20e-01 1.27e-02 1.05e-09 2.21e-03 7.37e-04 2.44e-04 1.67e-04 2.22e-05
8.04e-01 8.58e-01 5.40e-03 8.60e-01 5.91e-03 9.26e-21 9.26e-21 9.82e-04 9.82e-04 3.70e-04 6.42e-05
8.19e-01 8.60e-01 6.14e-03 8.60e-01 6.15e-03 1.96e-11 1.96e-11 9.82e-04 2.86e-04 2.37e-04 2.37e-04
7.93e-01 8.45e-01 4.99e-03 8.50e-01 6.80e-03 3.54e-32 1.10e-23 7.39e-04 6.35e-04 6.35e-04 6.35e-04
7.90e-01 7.36e-01 6.31e-03 7.40e-01 7.74e-03 9.74e-16 2.05e-03 1.00e-03 8.99e-04 8.99e-04 6.03e-05
7.93e-01 8.74e-01 6.56e-02 8.70e-01 6.57e-02 3.36e-09 5.94e-05 7.38e-04 1.63e-04 1.52e-04 7.42e-06
8.16e-01 9.26e-01 7.72e-02 8.90e-01 8.52e-02 6.74e-17 1.25e-13 7.37e-04 3.89e-04 1.33e-04 1.85e-05
8.18e-01 7.53e-01 8.38e-03 7.50e-01 8.86e-03 1.88e-13 2.21e-03 1.00e-03 7.25e-04 3.27e-04 1.36e-04
7.98e-01 7.17e-01 3.77e-02 7.20e-01 3.78e-02 3.13e-05 1.10e-02 1.25e-03 5.22e-04 2.86e-04 2.86e-05
8.11e-01 7.32e-01 1.89e-02 7.30e-01 1.91e-02 3.24e-12 2.37e-03 6.71e-04 4.67e-04 2.34e-04 2.22e-05
7.93e-01 6.22e-01 1.11e-02 6.20e-01 1.12e-02 3.20e-16 2.54e-03 9.36e-04 5.60e-04 2.21e-04 4.23e-05
8.01e-01 7.20e-01 1.49e-02 7.20e-01 1.49e-02 1.29e-09 2.59e-03 5.89e-04 3.26e-04 2.67e-04 1.85e-05
7.93e-01 7.08e-01 3.92e-03 7.10e-01 4.35e-03 3.45e-144 2.37e-04 1.92e-04 1.92e-04 1.92e-04 4.55e-05
8.02e-01 7.95e-01 5.02e-03 8.00e-01 6.96e-03 7.77e-04 1.93e-03 1.00e-03 9.30e-04 9.30e-04 9.30e-04
8.02e-01 8.55e-01 1.40e-02 8.50e-01 1.47e-02 8.51e-07 2.28e-05 7.39e-04 5.50e-04 2.12e-04 3.72e-05
8.11e-01 7.40e-01 1.89e-02 7.40e-01 1.89e-02 1.23e-06 4.68e-03 8.59e-04 5.53e-04 2.71e-04 3.52e-05
8.17e-01 7.55e-01 1.11e-02 7.50e-01 1.21e-02 4.72e-09 3.02e-03 9.61e-04 4.53e-04 4.18e-04 9.06e-05
8.06e-01 7.94e-01 4.79e-02 7.90e-01 4.81e-02 6.86e-04 4.02e-03 6.58e-04 2.83e-04 2.01e-04 2.60e-05
7.97e-01 7.27e-01 2.82e-02 7.20e-01 2.92e-02 6.88e-05 5.53e-03 8.31e-04 3.00e-04 1.60e-04 2.00e-05
8.17e-01 7.75e-01 5.92e-03 7.70e-01 7.76e-03 1.09e-11 2.02e-03 1.00e-03 9.17e-04 9.17e-04 7.05e-05
8.18e-01 7.51e-01 1.66e-02 7.50e-01 1.66e-02 1.66e-06 4.05e-03 8.30e-04 4.53e-04 1.91e-04 4.53e-05
7.91e-01 7.30e-01 1.49e-02 7.30e-01 1.49e-02 1.33e-07 3.56e-03 7.92e-04 3.86e-04 3.51e-04 4.01e-05
8.09e-01 7.01e-01 2.70e-03 7.00e-01 2.81e-03 1.69e-96 2.05e-04 1.89e-04 1.89e-04 1.89e-04 1.61e-05
8.09e-01 6.99e-01 2.48e-02 7.10e-01 2.73e-02 3.73e-11 6.15e-03 8.89e-04 4.08e-04 2.14e-04 4.70e-05
8.18e-01 7.39e-01 5.25e-03 7.40e-01 5.31e-03 8.76e-38 1.38e-03 1.00e-03 1.00e-03 2.46e-04 1.41e-04
8.04e-01 7.45e-01 5.80e-03 7.50e-01 7.43e-03 4.63e-21 1.98e-03 1.00e-03 8.96e-04 8.96e-04 5.03e-05
8.05e-01 8.35e-01 3.60e-02 8.50e-01 3.91e-02 2.18e-18 1.34e-04 7.39e-04 7.39e-04 1.23e-04 5.57e-05
7.89e-01 8.32e-01 6.58e-03 8.30e-01 6.96e-03 5.30e-11 5.30e-11 9.94e-04 5.64e-04 5.64e-04 1.90e-04
7.88e-01 7.62e-01 4.40e-03 7.60e-01 4.92e-03 9.27e-08 1.32e-03 1.00e-03 1.00e-03 3.02e-04 3.02e-04
8.02e-01 9.82e-01 9.05e-02 8.90e-01 1.29e-01 1.69e-15 1.66e-07 5.96e-04 3.00e-04 1.59e-04 1.48e-05
7.86e-01 8.26e-01 6.28e-03 8.30e-01 7.27e-03 6.68e-11 6.68e-11 9.94e-04 6.84e-04 6.84e-04 4.49e-05
8.00e-01 7.34e-01 9.80e-03 7.30e-01 1.04e-02 1.83e-28 5.04e-04 2.00e-04 9.63e-05 6.52e-05 6.52e-05
8.25e-01 7.60e-01 1.44e-01 8.90e-01 1.94e-01 1.08e-07 2.90e-03 7.08e-04 1.63e-04 1.15e-04 1.11e-05
7.94e-01 7.33e-01 1.66e-02 7.30e-01 1.69e-02 2.18e-06 4.14e-03 9.28e-04 3.56e-04 2.66e-04 4.51e-05
8.02e-01 7.40e-01 8.82e-03 7.40e-01 8.83e-03 1.98e-11 1.56e-03 7.39e-04 3.53e-04 3.53e-04 3.34e-05
8.05e-01 7.48e-01 5.54e-03 7.50e-01 5.92e-03 5.28e-20 1.51e-03 1.00e-03 4.03e-04 4.03e-04 1.01e-04
8.19e-01 7.49e-01 5.45e-03 7.50e-01 5.58e-03 1.39e-24 1.43e-03 1.00e-03 1.00e-03 2.97e-04 1.36e-04
8.22e-01 7.39e-01 2.19e-02 7.40e-01 2.19e-02 2.13e-06 5.36e-03 8.79e-04 3.77e-04 1.81e-04 3.02e-05
8.01e-01 7.59e-01 6.39e-03 7.60e-01 6.51e-03 2.49e-11 1.64e-03 1.00e-03 4.08e-04 4.08e-04 2.22e-04
8.12e-01 8.60e-01 2.08e-03 8.60e-01 2.12e-03 1.63e-25 1.86e-13 7.39e-04 7.39e-04 7.39e-04 3.34e-05
8.13e-01 7.77e-01 5.93e-03 7.80e-01 6.64e-03 3.96e-09 1.72e-03 1.00e-03 6.00e-04 6.00e-04 1.06e-04
8.03e-01 6.95e-01 2.72e-02 7.00e-01 2.77e-02 1.01e-08 6.92e-03 8.09e-04 4.32e-04 2.43e-04 3.48e-05
7.89e-01 8.20e-01 7.46e-03 8.20e-01 7.46e-03 4.46e-09 4.47e-09 7.40e-04 3.76e-04 3.76e-04 3.76e-04
8.21e-01 8.19e-01 2.80e-02 8.10e-01 2.94e-02 9.68e-04 4.30e-03 8.53e-04 4.07e-04 2.31e-04 3.01e-05
8.20e-01 7.81e-01 7.93e-03 7.80e-01 8.06e-03 1.77e-07 1.97e-03 1.00e-03 5.19e-04 3.63e-04 7.56e-05
7.91e-01 7.80e-01 2.67e-03 7.80e-01 2.67e-03 3.20e-05 1.08e-03 1.00e-03 1.00e-03 1.00e-03 4.03e-05
7.89e-01 7.06e-01 1.36e-02 7.10e-01 1.41e-02 5.68e-09 2.50e-03 6.47e-04 3.88e-04 3.88e-04 5.55e-05
8.24e-01 8.05e-01 2.42e-02 8.00e-01 2.46e-02 6.15e-04 5.06e-03 8.80e-04 4.02e-04 2.11e-04 4.02e-05
7.86e-01 7.32e-01 5.56e-03 7.30e-01 6.02e-03 4.31e-17 1.10e-03 7.38e-04 7.38e-04 2.97e-04 5.93e-05
8.19e-01 7.81e-01 3.46e-03 7.80e-01 3.61e-03 1.47e-15 1.15e-03 1.00e-03 1.00e-03 1.00e-03 1.36e-04
8.10e-01 8.00e-01 2.25e-03 8.00e-01 2.26e-03 1.41e-05 1.05e-03 1.00e-03 1.00e-03 1.00e-03 4.02e-05
7.91e-01 7.71e-01 8.98e-02 7.00e-01 1.14e-01 1.71e-04 7.55e-03 5.51e-04 2.37e-04 1.41e-04 2.22e-05
7.93e-01 1.06e+00 4.89e-01 7.60e-01 5.75e-01 6.50e-04 6.41e-03 5.28e-04 1.34e-04 5.57e-05 7.43e-06
8.07e-01 7.91e-01 3.76e-03 7.90e-01 3.88e-03 4.88e-05 1.18e-03 1.00e-03 1.00e-03 1.00e-03 3.52e-05
8.15e-01 7.06e-01 2.17e-02 7.10e-01 2.21e-02 3.07e-07 5.18e-03 8.43e-04 4.54e-04 2.29e-04 3.49e-05
7.96e-01 7.71e-01 5.11e-02 7.60e-01 5.22e-02 6.60e-04 8.57e-03 7.71e-04 3.22e-04 1.81e-04 3.02e-05
7.97e-01 7.35e-01 2.67e-02 7.40e-01 2.71e-02 6.37e-05 6.40e-03 8.59e-04 3.87e-04 2.11e-04 2.51e-05
7.89e-01 7.36e-01 1.64e-02 7.40e-01 1.68e-02 5.58e-06 4.08e-03 9.35e-04 5.73e-04 2.51e-04 3.02e-05
8.21e-01 7.52e-01 1.09e-02 7.50e-01 1.12e-02 6.48e-10 2.78e-03 1.00e-03 5.28e-04 2.77e-04 4.53e-05
8.06e-01 8.62e-01 5.78e-03 8.60e-01 6.00e-03 1.35e-17 1.35e-17 9.82e-04 3.75e-04 3.75e-04 1.28e-04
8.21e-01 7.47e-01 5.80e-03 7.50e-01 6.38e-03 8.09e-34 1.62e-03 1.00e-03 5.13e-04 5.13e-04 1.06e-04
8.08e-01 7.46e-01 8.72e-03 7.50e-01 9.67e-03 1.07e-10 1.71e-03 7.39e-04 6.46e-04 1.56e-04 3.34e-05
7.86e-01 7.90e-01 1.42e-03 7.90e-01 1.42e-03 5.60e-04 5.64e-04 1.00e-03 1.00e-03 1.00e-03 1.00e-03
8.17e-01 8.50e-01 1.48e-04 8.50e-01 1.48e-04 1.24e-55 1.63e-55 7.39e-04 7.39e-04 7.39e-04 7.39e-04
8.07e-01 7.92e-01 4.38e-03 7.90e-01 4.79e-03 8.30e-05 1.30e-03 1.00e-03 1.00e-03 2.77e-04 2.77e-04
7.93e-01 7.32e-01 7.05e-03 7.30e-01 7.36e-03 1.67e-17 1.83e-03 9.98e-04 5.47e-04 5.47e-04 4.51e-05
8.10e-01 7.82e-01 8.18e-03 7.80e-01 8.33e-03 5.34e-06 2.08e-03 1.00e-03 5.79e-04 3.93e-04 8.56e-05
7.96e-01 6.85e-01 2.66e-02 6.90e-01 2.71e-02 1.09e-08 6.98e-03 8.31e-04 4.84e-04 2.72e-04 3.46e-05
7.96e-01 7.63e-01 6.05e-03 7.60e-01 6.57e-03 8.40e-08 1.63e-03 1.00e-03 4.89e-04 4.89e-04 1.21e-04
7.84e-01 7.90e-01 1.89e-03 7.90e-01 1.91e-03 3.73e-04 3.74e-04 1.00e-03 1.00e-03 1.00e-03 4.03e-05
8.24e-01 7.06e-01 1.94e-02 7.10e-01 1.99e-02 1.84e-09 3.52e-03 6.03e-04 2.74e-04 1.74e-04 4.44e-05
8.01e-01 7.91e-01 1.20e-02 7.90e-01 1.20e-02 6.85e-04 2.70e-03 7.40e-04 6.80e-04 2.82e-04 6.04e-05
7.98e-01 6.98e-01 2.85e-02 6.90e-01 2.96e-02 8.22e-07 5.26e-03 6.31e-04 3.36e-04 1.55e-04 2.21e-05
7.85e-01 7.52e-01 4.29e-03 7.50e-01 4.81e-03 1.60e-12 1.30e-03 1.00e-03 1.00e-03 2.92e-04 2.92e-04
8.12e-01 7.87e-01 5.61e-03 7.90e-01 6.52e-03 3.47e-07 1.71e-03 1.00e-03 6.29e-04 6.29e-04 7.55e-05
7.99e-01 7.29e-01 3.24e-03 7.30e-01 3.36e-03 4.99e-49 1.13e-03 9.98e-04 9.98e-04 9.98e-04 1.15e-04
7.84e-01 7.33e-01 7.16e-03 7.30e-01 7.72e-03 5.20e-12 1.33e-03 7.38e-04 3.97e-04 3.97e-04 6.30e-05
7.94e-01 1.95e+00 5.34e-01 1.58e+00 6.49e-01 9.34e-07 2.92e-04 3.19e-04 1.29e-04 9.22e-05 3.91e-05
8.08e-01 8.49e-01 3.19e-03 8.50e-01 3.29e-03 1.98e-19 5.91e-11 7.39e-04 7.39e-04 7.39e-04 8.17e-05
8.22e-01 8.56e-01 4.83e-03 8.60e-01 6.07e-03 1.64e-17 1.64e-17 9.82e-04 5.73e-04 5.73e-04 5.73e-04
7.97e-01 6.91e-01 1.62e-02 6.90e-01 1.62e-02 2.68e-19 4.03e-03 9.05e-04 3.96e-04 1.88e-04 6.92e-05
7.99e-01 7.32e-01 4.79e-03 7.30e-01 5.31e-03 3.49e-33 1.38e-03 9.98e-04 9.98e-04 3.51e-04 3.51e-05
8.05e-01 7.78e-01 7.30e-03 7.80e-01 7.51e-03 7.20e-06 1.93e-03 1.00e-03 5.79e-04 2.92e-04 4.03e-05
7.95e-01 7.29e-01 1.15e-02 7.30e-01 1.15e-02 6.42e-10 2.85e-03 9.98e-04 6.17e-04 2.51e-04 4.51e-05
