1.08e+00 9.94e-01 4.97e-03 9.90e-01 6.62e-03 4.16e-53 2.10e+00 1.18e+00 9.22e-01 9.22e-01 9.22e-01
1.09e+00 1.26e+00 3.90e-03 1.26e+00 4.18e-03 1.79e-314 1.78e-255 1.45e-02 1.45e-02 1.45e-02 2.92e-03
1.10e+00 1.30e+00 1.09e-02 1.30e+00 1.10e-02 8.27e-39 1.06e-38 4.81e-03 2.75e-03 1.16e-03 1.69e-04
1.08e+00 9.80e-01 1.75e-02 9.80e-01 1.75e-02 2.41e-12 2.90e+00 8.40e-01 5.97e-01 2.57e-01 4.13e-02
1.09e+00 1.22e+00 1.39e-02 1.22e+00 1.45e-02 2.22e-14 1.84e-12 1.58e-01 8.92e-02 4.60e-02 7.51e-03
1.05e+00 9.60e-01 2.35e-02 9.60e-01 2.35e-02 8.98e-03 1.09e+01 1.82e+00 7.64e-01 3.82e-01 6.03e-02
1.10e+00 1.10e+00 1.81e-02 1.11e+00 1.91e-02 1.01e+00 2.45e+00 1.03e+00 4.10e-01 2.31e-01 6.31e-02
1.07e+00 1.05e+00 5.20e-03 1.05e+00 5.29e-03 1.10e-03 1.75e+00 1.34e+00 1.34e+00 2.90e-01 1.21e-01
1.08e+00 1.35e+00 7.40e-03 1.35e+00 7.71e-03 1.93e-166 1.93e-166 2.03e-03 1.30e-03 5.91e-04 1.12e-04
1.08e+00 1.46e+00 4.51e-01 1.62e+00 4.79e-01 3.70e-30 1.39e-06 6.92e-07 2.43e-07 1.66e-07 2.70e-08
1.09e+00 1.15e+00 6.62e-02 1.19e+00 7.52e-02 5.02e-03 1.09e-01 6.04e-02 1.85e-02 1.00e-02 1.56e-03
1.11e+00 1.07e+00 2.67e-02 1.07e+00 2.72e-02 7.69e-01 1.24e+01 1.68e+00 9.55e-01 3.97e-01 8.58e-02
1.07e+00 1.75e+00 6.91e-03 1.75e+00 7.05e-03 0.00e+00 1.96e-167 2.40e-07 2.40e-07 6.75e-08 1.33e-08
1.06e+00 1.31e+00 4.56e-02 1.31e+00 4.56e-02 7.60e-09 2.41e-07 1.11e-02 4.76e-03 2.64e-03 3.97e-04
1.08e+00 1.88e+00 9.17e-03 1.88e+00 9.19e-03 1.95e-271 3.58e-109 5.72e-09 4.60e-09 2.10e-09 7.19e-10
1.10e+00 1.07e+00 1.80e-02 1.07e+00 1.83e-02 3.16e-01 6.08e+00 1.37e+00 6.66e-01 4.00e-01 1.10e-01
1.07e+00 9.90e-01 2.25e-02 9.90e-01 2.25e-02 8.80e-03 8.58e+00 1.41e+00 6.33e-01 2.97e-01 8.59e-02
1.09e+00 1.03e+00 3.63e-02 1.03e+00 3.64e-02 4.84e-12 5.00e+00 2.00e+00 7.25e-01 7.25e-01 6.04e-02
1.09e+00 1.04e+00 1.23e-02 1.04e+00 1.24e-02 1.75e-03 9.21e-01 3.30e-01 1.92e-01 8.94e-02 1.16e-02
1.09e+00 1.24e+00 1.39e-02 1.24e+00 1.42e-02 1.48e-17 1.05e-07 1.00e-01 5.28e-02 2.97e-02 5.28e-03
1.11e+00 1.23e+00 6.70e-03 1.22e+00 8.89e-03 5.33e-54 5.33e-54 1.01e-01 9.77e-02 9.77e-02 4.58e-03
1.10e+00 1.35e+00 5.55e-03 1.35e+00 5.63e-03 1.97e-320 1.97e-320 2.03e-03 2.03e-03 6.01e-04 3.26e-04
1.07e+00 1.05e+00 8.96e-03 1.05e+00 8.98e-03 1.68e-01 4.46e+00 2.10e+00 1.00e+00 1.00e+00 1.26e-01
1.10e+00 1.40e+00 4.63e-02 1.41e+00 4.69e-02 2.34e-09 2.02e-06 1.78e-03 7.57e-04 3.90e-04 5.57e-05
1.06e+00 9.83e-01 1.02e-02 9.80e-01 1.06e-02 5.69e-11 1.38e+00 4.99e-01 2.71e-01 2.71e-01 3.51e-02
1.11e+00 1.24e+00 8.24e-02 1.27e+00 8.89e-02 5.71e-03 2.78e-02 2.14e-02 8.98e-03 4.67e-03 8.61e-04
1.08e+00 1.88e+00 9.55e-03 1.89e+00 1.22e-02 2.57e-229 1.20e-80 4.86e-09 3.86e-09 1.32e-09 2.44e-10
1.11e+00 9.99e-01 1.20e-02 1.00e+00 1.20e-02 1.64e-13 1.48e+00 4.96e-01 3.29e-01 1.40e-01 3.24e-02
1.10e+00 1.06e+00 2.72e-02 1.05e+00 2.77e-02 3.14e-02 2.47e+00 5.24e-01 2.72e-01 1.57e-01 1.96e-02
1.06e+00 1.17e+00 7.55e-03 1.17e+00 7.58e-03 1.17e-29 1.17e-29 8.61e-02 4.28e-02 3.51e-02 3.46e-03
1.09e+00 1.38e+00 1.47e-02 1.38e+00 1.49e-02 5.49e-64 2.92e-63 9.05e-04 5.77e-04 3.57e-04 4.76e-05
1.06e+00 1.84e+00 7.09e-02 1.88e+00 8.07e-02 4.79e-119 1.99e-23 3.62e-09 1.16e-09 6.86e-10 8.31e-11
1.09e+00 1.07e+00 3.19e-02 1.06e+00 3.24e-02 9.67e-02 1.91e+00 3.47e-01 2.29e-01 1.06e-01 1.02e-02
1.06e+00 1.18e+00 9.56e-03 1.18e+00 1.04e-02 1.06e-21 1.06e-21 1.30e-01 4.45e-02 3.53e-02 5.89e-03
1.08e+00 9.85e-01 1.31e-02 9.80e-01 1.39e-02 1.21e-06 2.91e+00 8.05e-01 4.50e-01 4.50e-01 2.86e-02
1.08e+00 1.05e+00 2.79e-03 1.05e+00 2.80e-03 5.41e-07 1.10e+00 1.02e+00 1.02e+00 1.02e+00 3.07e-02
1.10e+00 1.03e+00 4.03e-02 1.03e+00 4.04e-02 7.14e-02 6.96e+00 6.26e-01 2.43e-01 1.50e-01 2.02e-02
1.08e+00 1.12e+00 8.95e-03 1.12e+00 9.61e-03 4.18e-03 4.35e-03 5.57e-01 4.73e-01 2.10e-01 1.68e-02
1.08e+00 1.04e+00 2.99e-02 1.04e+00 3.01e-02 7.53e-01 1.84e+01 2.63e+00 1.03e+00 4.63e-01 7.23e-02
1.08e+00 1.12e+00 5.00e-03 1.12e+00 5.01e-03 7.15e-11 7.15e-11 2.59e-01 2.59e-01 4.94e-02 3.77e-02
1.07e+00 9.97e-01 1.46e-02 1.00e+00 1.49e-02 2.47e-06 3.56e+00 8.44e-01 4.89e-01 2.97e-01 3.84e-02
1.06e+00 1.01e+00 2.45e-02 1.02e+00 2.55e-02 3.38e-01 2.31e+01 3.34e+00 1.60e+00 1.02e+00 1.70e-01
1.09e+00 1.21e+00 1.45e-02 1.21e+00 1.45e-02 5.51e-12 5.70e-12 1.98e-01 9.03e-02 7.64e-02 6.45e-03
1.09e+00 1.02e+00 1.22e-02 1.02e+00 1.28e-02 2.95e-07 1.52e+00 4.26e-01 2.88e-01 1.99e-01 5.15e-02
1.11e+00 1.17e+00 6.68e-02 1.20e+00 7.49e-02 1.55e-04 9.16e-02 6.61e-02 2.07e-02 1.64e-02 1.56e-03
1.10e+00 1.35e+00 1.11e-02 1.35e+00 1.20e-02 2.91e-72 2.91e-72 2.01e-03 9.99e-04 8.66e-04 1.73e-04
1.05e+00 1.03e+00 2.25e-02 1.03e+00 2.26e-02 1.59e+00 1.65e+01 2.94e+00 1.36e+00 7.82e-01 1.87e-01
1.07e+00 1.42e+00 4.01e-03 1.42e+00 4.46e-03 0.00e+00 0.00e+00 5.56e-04 5.56e-04 5.56e-04 1.34e-04
1.10e+00 1.10e+00 2.09e-02 1.10e+00 2.11e-02 8.54e-01 2.95e+00 7.78e-01 3.63e-01 3.63e-01 6.12e-02
1.10e+00 1.09e+00 5.87e-02 1.06e+00 6.66e-02 2.56e-02 7.54e-01 1.32e-01 4.64e-02 4.08e-02 4.80e-03
1.09e+00 1.24e+00 1.53e-02 1.24e+00 1.54e-02 6.41e-19 4.69e-04 1.26e-01 7.51e-02 3.60e-02 3.15e-03
1.07e+00 9.96e-01 7.09e-03 1.00e+00 8.32e-03 2.79e-25 1.04e+00 4.91e-01 4.25e-01 4.25e-01 5.18e-02
1.09e+00 9.88e-01 2.96e-02 9.80e-01 3.06e-02 2.61e-02 9.82e+00 1.36e+00 5.91e-01 3.26e-01 3.03e-02
1.10e+00 1.05e+00 1.47e-02 1.05e+00 1.52e-02 2.29e-03 1.12e+00 2.54e-01 1.39e-01 6.10e-02 1.05e-02
1.07e+00 1.01e+00 1.43e-02 1.01e+00 1.45e-02 4.29e-05 3.02e+00 7.22e-01 3.88e-01 2.59e-01 3.75e-02
1.06e+00 1.02e+00 1.47e-02 1.02e+00 1.51e-02 7.86e-03 2.65e+00 6.47e-01 3.65e-01 1.71e-01 3.35e-02
1.07e+00 1.25e+00 5.94e-03 1.25e+00 6.85e-03 1.55e-131 1.55e-131 1.04e-02 7.06e-03 7.06e-03 8.37e-04
1.09e+00 1.07e+00 2.76e-02 1.06e+00 2.90e-02 1.17e+00 1.23e+01 2.04e+00 7.40e-01 4.15e-01 6.72e-02
1.08e+00 1.08e+00 4.20e-02 1.07e+00 4.26e-02 1.62e+00 1.16e+01 1.38e+00 6.80e-01 4.20e-01 6.26e-02
1.09e+00 1.12e+00 2.86e-02 1.12e+00 2.88e-02 4.29e-01 1.27e+00 6.14e-01 2.63e-01 2.38e-01 4.75e-02
1.07e+00 1.20e+00 1.92e-02 1.20e+00 1.93e-02 1.19e-09 1.45e-09 2.30e-01 9.46e-02 8.09e-02 1.10e-02
1.10e+00 1.20e+00 1.48e-02 1.20e+00 1.51e-02 2.48e-08 2.62e-08 2.37e-01 1.48e-01 7.52e-02 8.77e-03
1.10e+00 9.91e-01 2.08e-02 9.90e-01 2.08e-02 2.95e-10 3.85e+00 8.60e-01 4.35e-01 4.25e-01 9.55e-02
1.06e+00 1.05e+00 2.63e-02 1.04e+00 2.73e-02 6.34e-01 3.90e+00 6.45e-01 2.95e-01 2.14e-01 4.27e-02
1.09e+00 1.26e+00 1.51e-02 1.26e+00 1.58e-02 4.85e-12 5.74e-12 5.80e-02 3.36e-02 1.55e-02 2.97e-03
1.09e+00 1.27e+00 4.12e-02 1.26e+00 4.22e-02 4.87e-11 5.52e-11 1.16e-02 4.42e-03 2.21e-03 2.76e-04
1.06e+00 9.71e-01 1.92e-02 9.70e-01 1.92e-02 2.94e-03 9.09e+00 1.65e+00 1.13e+00 5.25e-01 7.50e-02
1.09e+00 1.05e+00 1.07e-01 9.70e-01 1.36e-01 3.45e-06 3.23e+00 8.46e-01 2.48e-01 1.38e-01 1.84e-02
1.08e+00 1.45e+00 3.45e-02 1.45e+00 3.46e-02 9.70e-32 1.57e-11 6.63e-04 2.72e-04 1.36e-04 1.05e-05
1.07e+00 1.04e+00 2.09e-02 1.04e+00 2.14e-02 5.98e-01 1.42e+01 2.41e+00 1.08e+00 6.07e-01 7.58e-02
1.07e+00 1.41e+00 6.23e-03 1.41e+00 6.41e-03 4.44e-271 4.44e-271 6.74e-04 3.02e-04 3.02e-04 1.32e-04
1.08e+00 1.16e+00 4.19e-02 1.18e+00 4.54e-02 1.14e-03 4.68e-02 8.95e-02 5.04e-02 2.25e-02 2.37e-03
1.08e+00 1.37e+00 6.77e-03 1.37e+00 8.00e-03 5.64e-231 5.64e-231 1.38e-03 1.19e-03 1.19e-03 1.11e-04
1.08e+00 1.72e+00 5.33e-02 1.72e+00 5.33e-02 3.85e-41 2.31e-09 5.00e-07 2.34e-07 1.37e-07 1.56e-08
1.11e+00 1.22e+00 6.92e-03 1.22e+00 7.24e-03 1.16e-36 1.19e-36 1.37e-01 5.76e-02 5.76e-02 8.92e-03
1.10e+00 1.17e+00 2.42e-02 1.17e+00 2.42e-02 1.15e-02 1.84e-02 3.59e-01 1.67e-01 8.83e-02 1.37e-02
1.11e+00 1.21e+00 3.69e-02 1.21e+00 3.72e-02 4.68e-04 1.83e-02 7.22e-02 3.31e-02 1.53e-02 1.70e-03
1.10e+00 1.13e+00 3.39e-02 1.13e+00 3.43e-02 4.56e-01 1.36e+00 6.60e-01 3.34e-01 1.69e-01 2.54e-02
1.08e+00 1.66e+00 3.98e-02 1.66e+00 3.99e-02 7.52e-51 6.47e-13 3.58e-06 1.63e-06 9.58e-07 1.25e-07
1.08e+00 1.00e+00 4.76e-02 1.00e+00 4.76e-02 1.39e-01 9.92e+00 8.36e-01 3.45e-01 2.20e-01 2.00e-02
1.10e+00 1.10e+00 9.54e-02 1.19e+00 1.29e-01 5.65e-02 2.85e+00 2.95e-01 1.64e-01 8.76e-02 1.33e-02
1.09e+00 1.22e+00 1.35e-02 1.23e+00 1.44e-02 1.17e-16 4.70e-14 1.55e-01 8.42e-02 3.12e-02 7.80e-03
1.07e+00 6.36e-01 6.78e-01 7.00e-02 8.83e-01 1.97e-14 8.14e-05 1.32e-05 4.57e-06 2.49e-06 2.41e-07
1.10e+00 1.22e+00 1.32e-02 1.22e+00 1.33e-02 6.58e-14 2.31e-07 1.52e-01 8.36e-02 4.82e-02 1.28e-02
1.10e+00 1.22e+00 3.59e-02 1.22e+00 3.62e-02 1.65e-03 8.06e-03 4.36e-02 1.71e-02 1.51e-02 1.01e-03
1.09e+00 1.21e+00 7.21e-03 1.21e+00 7.23e-03 7.78e-47 7.78e-47 1.40e-01 7.03e-02 5.06e-02 5.06e-02
1.10e+00 1.15e+00 4.10e-02 1.15e+00 4.12e-02 3.33e-01 1.14e+00 5.04e-01 2.14e-01 1.37e-01 1.60e-02
1.10e+00 1.12e+00 5.94e-03 1.12e+00 6.26e-03 2.67e-04 2.67e-04 3.70e-01 1.73e-01 1.73e-01 5.58e-02
1.10e+00 9.97e-01 1.80e-02 1.00e+00 1.82e-02 6.96e-06 6.08e+00 1.22e+00 6.27e-01 4.81e-01 4.62e-02
1.08e+00 1.06e+00 2.72e-02 1.05e+00 2.77e-02 1.10e+00 1.35e+01 2.16e+00 8.58e-01 5.12e-01 6.40e-02
1.12e+00 9.90e-01 1.48e-02 9.90e-01 1.48e-02 3.53e-08 4.47e+00 9.79e-01 5.88e-01 4.78e-01 3.50e-02
1.08e+00 1.13e+00 4.67e-02 1.14e+00 4.76e-02 3.85e-01 1.41e+00 5.76e-01 2.60e-01 1.78e-01 2.23e-02
1.06e+00 1.18e+00 5.52e-03 1.18e+00 6.11e-03 3.59e-57 3.59e-57 5.44e-02 2.41e-02 2.41e-02 3.83e-03
1.06e+00 1.59e+00 4.62e-02 1.58e+00 4.71e-02 2.63e-40 9.36e-10 1.33e-05 5.81e-06 3.84e-06 4.91e-07
1.10e+00 1.15e+00 7.25e-02 1.22e+00 1.01e-01 2.26e-02 1.81e-01 3.38e-02 1.67e-02 1.22e-02 2.06e-03
1.08e+00 1.43e+00 1.37e-02 1.43e+00 1.38e-02 2.87e-60 4.50e-33 5.20e-04 2.56e-04 1.65e-04 4.80e-05
1.08e+00 1.03e+00 1.18e-02 1.03e+00 1.19e-02 1.04e-04 1.13e+00 3.90e-01 2.57e-01 1.16e-01 2.55e-02
1.07e+00 1.42e+00 5.05e-03 1.42e+00 6.68e-03 0.00e+00 0.00e+00 5.56e-04 4.22e-04 4.22e-04 4.22e-04
1.10e+00 1.19e+00 8.12e-03 1.19e+00 9.19e-03 2.33e-20 2.33e-20 1.96e-01 1.79e-01 4.53e-02 3.45e-02
1.10e+00 1.03e+00 1.56e-02 1.03e+00 1.56e-02 5.67e-04 1.27e+01 2.96e+00 1.51e+00 1.19e+00 1.01e-01
1.08e+00 1.68e+00 3.87e-02 1.68e+00 3.87e-02 4.22e-50 4.43e-11 1.87e-06 8.54e-07 3.99e-07 5.55e-08
1.09e+00 1.23e+00 7.69e-03 1.23e+00 7.81e-03 8.58e-50 8.14e-44 1.12e-01 8.57e-02 5.24e-02 5.24e-02
1.10e+00 1.03e+00 7.36e-03 1.03e+00 7.44e-03 1.75e-25 6.11e-01 3.34e-01 1.46e-01 1.12e-01 2.01e-02
1.10e+00 1.67e+00 2.49e-02 1.68e+00 2.54e-02 2.33e-102 9.90e-25 1.23e-06 5.50e-07 2.90e-07 5.20e-08
1.11e+00 1.20e+00 3.34e-02 1.20e+00 3.34e-02 1.32e-04 8.19e-03 4.43e-02 2.78e-02 1.04e-02 9.28e-04
1.06e+00 1.03e+00 2.05e-02 1.03e+00 2.06e-02 2.26e-01 4.75e+00 8.53e-01 3.49e-01 2.84e-01 4.99e-02
1.09e+00 1.20e+00 3.52e-02 1.21e+00 3.67e-02 1.52e-03 1.68e-02 2.78e-01 1.25e-01 8.48e-02 9.25e-03
1.06e+00 1.89e+00 4.60e-03 1.89e+00 5.14e-03 0.00e+00 4.38e-174 3.49e-09 3.49e-09 9.66e-10 9.66e-10
1.08e+00 1.48e+00 1.30e-01 1.44e+00 1.35e-01 9.16e-221 1.71e-86 5.54e-08 2.81e-08 2.81e-08 2.51e-09
1.10e+00 1.04e+00 2.59e-02 1.04e+00 2.59e-02 3.90e-02 4.76e+00 7.39e-01 3.81e-01 2.02e-01 2.75e-02
1.07e+00 1.05e+00 5.74e-03 1.05e+00 5.74e-03 5.59e-02 2.22e+00 1.54e+00 1.54e+00 3.63e-01 3.09e-01
1.09e+00 1.32e+00 6.64e-03 1.32e+00 8.04e-03 3.71e-172 3.71e-172 3.40e-03 3.26e-03 3.26e-03 2.73e-04
1.07e+00 1.28e+00 1.08e-02 1.28e+00 1.09e-02 4.42e-10 2.29e-07 2.29e-02 2.00e-02 5.40e-03 6.89e-04
1.10e+00 1.13e+00 6.62e-02 1.18e+00 8.37e-02 1.62e-02 3.87e-01 1.00e-01 3.63e-02 1.99e-02 2.93e-03
1.07e+00 1.07e+00 5.77e-03 1.07e+00 7.05e-03 8.75e-01 1.65e+00 9.43e-01 6.73e-01 6.73e-01 4.74e-02
1.09e+00 1.15e+00 1.11e-02 1.15e+00 1.17e-02 2.09e-06 2.12e-06 3.71e-01 2.05e-01 1.68e-01 2.25e-02
1.08e+00 1.14e+00 1.11e-02 1.14e+00 1.15e-02 2.06e-05 2.13e-05 4.75e-01 2.66e-01 1.53e-01 2.46e-02
1.09e+00 1.12e+00 5.82e-02 1.09e+00 6.43e-02 1.26e-01 4.12e-01 1.10e-01 3.52e-02 2.02e-02 3.91e-03
1.10e+00 1.02e+00 1.10e-02 1.02e+00 1.11e-02 2.72e-12 9.75e-01 2.83e-01 2.07e-01 9.00e-02 5.50e-02
1.10e+00 1.02e+00 2.97e-02 1.02e+00 3.00e-02 5.81e-43 7.17e-01 4.32e-01 1.58e-01 1.26e-01 1.26e-01
1.06e+00 1.39e+00 2.97e-02 1.40e+00 3.07e-02 5.59e-23 1.43e-08 2.87e-05 1.56e-05 7.25e-06 2.12e-06
1.11e+00 1.03e+00 5.12e-03 1.03e+00 6.36e-03 2.06e-67 5.09e-01 3.15e-01 1.88e-01 1.88e-01 1.88e-01
1.09e+00 1.15e+00 7.49e-02 1.21e+00 9.40e-02 9.20e-03 1.09e-01 4.06e-02 1.58e-02 1.25e-02 2.36e-03
1.11e+00 1.23e+00 7.92e-03 1.22e+00 9.86e-03 2.22e-37 2.22e-37 1.07e-01 1.07e-01 3.13e-02 1.56e-02
1.10e+00 1.39e+00 2.34e-02 1.38e+00 2.40e-02 6.75e-17 7.12e-17 1.95e-03 9.17e-04 7.81e-04 1.13e-04
1.07e+00 1.42e+00 5.64e-03 1.42e+00 6.81e-03 6.32e-288 7.03e-262 5.56e-04 3.30e-04 3.30e-04 2.24e-05
1.06e+00 1.06e+00 6.45e-02 1.01e+00 8.35e-02 1.95e-02 1.65e+00 2.98e-01 1.20e-01 7.71e-02 1.25e-02
1.07e+00 9.88e-01 1.26e-02 9.90e-01 1.28e-02 5.11e-09 2.20e+00 5.74e-01 2.91e-01 2.91e-01 2.70e-02
1.06e+00 1.00e+00 2.60e-02 1.00e+00 2.63e-02 4.97e-02 7.45e+00 1.07e+00 4.70e-01 3.54e-01 6.43e-02
1.09e+00 1.06e+00 3.53e-02 1.05e+00 3.61e-02 3.86e-01 4.69e+00 5.86e-01 2.27e-01 1.40e-01 1.51e-02
1.06e+00 1.02e+00 1.38e-02 1.02e+00 1.38e-02 1.89e-02 2.07e+00 4.97e-01 2.12e-01 1.81e-01 1.53e-02
1.09e+00 1.58e+00 4.37e-02 1.58e+00 4.38e-02 5.34e-48 1.14e-16 1.83e-05 8.37e-06 4.86e-06 9.05e-07
1.06e+00 1.44e+00 2.47e-03 1.44e+00 2.55e-03 0.00e+00 3.90e-306 3.76e-04 3.76e-04 3.76e-04 2.64e-05
1.06e+00 1.02e+00 1.39e-02 1.02e+00 1.41e-02 3.84e-02 2.07e+00 5.46e-01 2.23e-01 1.71e-01 2.13e-02
1.08e+00 1.06e+00 7.24e-03 1.06e+00 7.57e-03 1.37e-01 2.86e+00 1.40e+00 1.01e+00 1.01e+00 4.22e-02
1.07e+00 9.88e-01 2.23e-02 9.90e-01 2.24e-02 4.59e-03 8.97e+00 1.36e+00 6.00e-01 4.06e-01 4.68e-02
1.09e+00 1.12e+00 7.69e-02 1.19e+00 1.07e-01 3.71e-06 1.54e-01 5.15e-02 2.84e-02 1.25e-02 2.23e-03
1.10e+00 1.17e+00 3.46e-02 1.17e+00 3.46e-02 6.36e-02 1.52e-01 3.80e-01 1.88e-01 1.13e-01 1.20e-02
1.10e+00 1.24e+00 5.29e-03 1.24e+00 5.63e-03 2.33e-52 4.08e-16 9.19e-02 9.19e-02 2.45e-02 5.54e-03
1.08e+00 1.11e+00 6.31e-02 1.07e+00 7.43e-02 2.56e-01 1.39e+00 2.16e-01 7.57e-02 5.18e-02 5.31e-03
1.07e+00 1.14e+00 6.81e-02 1.08e+00 9.02e-02 1.04e-01 3.25e-01 8.61e-02 3.97e-02 2.07e-02 3.91e-03
1.08e+00 1.00e+00 3.71e-02 1.00e+00 3.74e-02 7.13e-02 9.07e+00 1.04e+00 5.05e-01 2.85e-01 2.59e-02
1.09e+00 1.09e+00 3.00e-02 1.07e+00 3.38e-02 1.61e+00 1.00e+01 1.68e+00 7.00e-01 6.60e-01 9.00e-02
1.08e+00 1.01e+00 2.26e-02 1.01e+00 2.30e-02 1.01e-02 7.36e+00 1.09e+00 4.13e-01 4.07e-01 6.36e-02
1.10e+00 1.11e+00 4.25e-03 1.11e+00 4.42e-03 5.26e-03 5.27e-03 1.37e-01 1.37e-01 1.37e-01 6.18e-03
1.09e+00 1.01e+00 1.68e-02 1.01e+00 1.71e-02 4.91e-06 4.64e+00 9.88e-01 4.64e-01 3.06e-01 3.28e-02
1.09e+00 1.65e+00 2.76e-02 1.65e+00 2.76e-02 2.20e-85 4.78e-23 2.15e-06 1.01e-06 5.48e-07 1.12e-07
1.10e+00 1.68e+00 1.45e-01 1.69e+00 1.45e-01 1.22e-32 1.08e-07 1.05e-06 4.25e-07 2.55e-07 3.27e-08
1.07e+00 1.13e+00 4.13e-02 1.13e+00 4.14e-02 4.20e-01 1.14e+00 7.25e-01 3.09e-01 1.97e-01 3.58e-02
1.09e+00 1.22e+00 5.49e-03 1.22e+00 5.68e-03 1.15e-55 1.15e-55 1.14e-01 1.14e-01 3.34e-02 1.27e-02
1.08e+00 1.35e+00 7.89e-03 1.35e+00 9.14e-03 3.24e-164 3.24e-164 1.73e-03 1.70e-03 4.08e-04 3.12e-04
1.06e+00 1.18e+00 5.39e-03 1.18e+00 6.27e-03 3.04e-66 3.04e-66 4.05e-02 2.12e-02 2.12e-02 1.83e-03
1.06e+00 9.96e-01 9.81e-03 1.00e+00 1.07e-02 2.38e-09 1.14e+00 4.28e-01 1.59e-01 1.27e-01 1.94e-02
1.06e+00 9.55e-01 1.65e-02 9.50e-01 1.74e-02 1.78e-04 8.70e+00 2.04e+00 6.80e-01 6.07e-01 6.28e-02
1.10e+00 1.62e+00 3.82e-02 1.63e+00 3.90e-02 1.42e-50 4.69e-16 6.15e-06 2.84e-06 1.44e-06 2.21e-07
1.07e+00 1.13e+00 7.55e-02 1.05e+00 1.07e-01 1.44e-02 1.71e-01 4.78e-02 2.35e-02 1.56e-02 2.11e-03
1.07e+00 1.04e+00 5.42e-02 1.04e+00 5.43e-02 1.68e+00 1.65e+01 1.61e+00 6.19e-01 3.39e-01 3.99e-02
1.10e+00 1.24e+00 5.12e-03 1.24e+00 5.91e-03 5.70e-71 3.25e-26 8.63e-02 8.63e-02 3.64e-02 2.17e-03
1.08e+00 1.06e+00 1.17e-01 9.70e-01 1.47e-01 1.67e-10 1.60e+00 4.89e-01 1.89e-01 8.02e-02 1.55e-02
1.09e+00 1.00e+00 1.62e-02 1.00e+00 1.63e-02 4.04e-04 4.19e+00 9.26e-01 4.21e-01 2.13e-01 3.64e-02
1.06e+00 9.87e-01 2.91e-02 9.90e-01 2.92e-02 6.06e-02 1.02e+01 1.26e+00 6.49e-01 3.49e-01 3.49e-02
1.06e+00 1.04e+00 2.65e-02 1.03e+00 2.79e-02 4.03e-01 4.04e+00 7.14e-01 3.16e-01 1.94e-01 2.26e-02
1.10e+00 1.05e+00 1.23e-02 1.05e+00 1.25e-02 3.25e-03 9.15e-01 3.16e-01 2.06e-01 9.68e-02 6.35e-03
1.08e+00 1.28e+00 5.97e-03 1.28e+00 6.78e-03 4.09e-116 4.09e-116 6.54e-03 3.91e-03 3.91e-03 6.25e-04
1.09e+00 9.81e-01 1.54e-02 9.80e-01 1.54e-02 7.89e-06 5.93e+00 1.31e+00 7.13e-01 6.08e-01 7.50e-02
1.10e+00 1.02e+00 3.11e-02 1.02e+00 3.13e-02 8.53e-03 5.98e+00 9.24e-01 4.06e-01 2.16e-01 1.58e-02
1.10e+00 1.30e+00 9.99e-03 1.30e+00 1.01e-02 1.76e-68 1.76e-68 1.86e-02 8.89e-03 8.89e-03 1.68e-03
1.07e+00 1.75e+00 8.12e-03 1.75e+00 9.42e-03 0.00e+00 4.73e-160 2.40e-07 1.20e-07 1.20e-07 9.64e-09
1.09e+00 1.29e+00 1.18e-02 1.29e+00 1.20e-02 1.82e-42 1.93e-42 4.97e-03 3.51e-03 1.93e-03 3.45e-04
1.11e+00 1.02e+00 1.03e-02 1.02e+00 1.05e-02 3.85e-18 9.50e-01 3.46e-01 1.96e-01 8.68e-02 3.30e-02
1.07e+00 1.23e+00 6.10e-03 1.23e+00 7.37e-03 9.54e-123 9.73e-123 1.40e-02 1.07e-02 1.07e-02 6.34e-04
1.09e+00 1.16e+00 3.00e-02 1.16e+00 3.00e-02 2.82e-02 5.52e-02 2.91e-01 1.42e-01 8.11e-02 9.21e-03
1.09e+00 1.40e+00 1.19e-02 1.40e+00 1.28e-02 1.31e-126 3.53e-125 8.15e-04 4.38e-04 4.38e-04 5.73e-05
1.07e+00 1.12e+00 5.91e-02 1.13e+00 5.97e-02 4.54e-01 2.08e+00 5.18e-01 2.66e-01 1.40e-01 1.71e-02
1.10e+00 1.19e+00 6.57e-02 1.21e+00 6.93e-02 2.99e-02 1.65e-01 7.62e-02 3.49e-02 1.89e-02 2.43e-03
1.07e+00 1.24e+00 2.38e-02 1.24e+00 2.39e-02 4.80e-15 2.23e-03 1.07e-01 5.07e-02 3.63e-02 5.00e-03
1.06e+00 1.18e+00 6.24e-02 1.19e+00 6.30e-02 2.13e-03 1.87e-01 2.82e-01 1.36e-01 8.38e-02 8.92e-03
1.07e+00 1.22e+00 1.45e-02 1.22e+00 1.45e-02 1.57e-18 1.17e-11 1.46e-01 7.67e-02 7.03e-02 6.39e-03
1.06e+00 1.20e+00 3.73e-03 1.20e+00 4.04e-03 2.47e-40 2.28e-36 2.15e-02 2.15e-02 2.15e-02 4.10e-03
1.08e+00 9.86e-01 7.15e-03 9.90e-01 8.14e-03 1.60e-36 1.10e+00 5.42e-01 4.09e-01 4.09e-01 5.72e-02
1.07e+00 9.45e-01 2.34e-02 9.50e-01 2.40e-02 8.61e-05 9.34e+00 2.21e+00 7.49e-01 6.03e-01 1.12e-01
1.09e+00 1.02e+00 2.41e-02 1.03e+00 2.51e-02 8.87e-05 1.41e+01 3.27e+00 1.26e+00 7.88e-01 1.51e-01
1.10e+00 1.14e+00 1.89e-02 1.14e+00 1.89e-02 7.41e-02 1.06e-01 6.12e-01 3.97e-01 1.93e-01 2.81e-02
1.06e+00 1.50e+00 5.92e-02 1.45e+00 7.49e-02 3.55e-36 4.25e-11 1.07e-04 3.53e-05 2.01e-05 3.46e-06
1.08e+00 1.14e+00 3.78e-02 1.12e+00 4.22e-02 2.80e-02 4.45e-02 9.59e-02 5.43e-02 2.88e-02 3.84e-03
1.07e+00 9.77e-01 1.21e-02 9.70e-01 1.40e-02 4.00e-10 2.85e+00 8.64e-01 5.08e-01 3.47e-01 7.81e-02
1.10e+00 1.22e+00 2.30e-02 1.22e+00 2.32e-02 1.06e-05 1.35e-05 1.50e-01 6.22e-02 4.51e-02 7.00e-03
1.07e+00 1.09e+00 5.10e-02 1.07e+00 5.63e-02 1.08e+00 5.48e+00 9.09e-01 3.89e-01 2.49e-01 3.24e-02
1.10e+00 1.20e+00 5.99e-03 1.20e+00 6.10e-03 1.27e-23 1.70e-20 2.15e-02 7.77e-03 7.77e-03 3.99e-03
1.08e+00 1.03e+00 2.40e-02 1.04e+00 2.46e-02 1.05e-01 5.17e+00 7.20e-01 2.98e-01 2.89e-01 3.21e-02
1.09e+00 1.13e+00 7.26e-02 1.08e+00 8.56e-02 2.01e-01 1.52e+00 1.54e-01 7.32e-02 4.63e-02 8.62e-03
1.08e+00 1.07e+00 4.07e-02 1.06e+00 4.26e-02 1.70e+00 1.22e+01 1.50e+00 6.61e-01 3.35e-01 4.65e-02
1.07e+00 9.91e-01 1.41e-02 9.90e-01 1.41e-02 4.63e-07 3.66e+00 8.45e-01 4.15e-01 3.79e-01 9.22e-02
1.10e+00 1.21e+00 7.31e-03 1.21e+00 7.51e-03 1.31e-36 1.31e-36 1.51e-01 1.01e-01 4.84e-02 4.84e-02
1.09e+00 1.13e+00 4.55e-02 1.14e+00 4.63e-02 3.85e-01 1.45e+00 6.50e-01 2.77e-01 1.50e-01 1.54e-02
1.08e+00 1.10e+00 1.04e-02 1.10e+00 1.06e-02 2.93e-01 3.83e-01 7.63e-01 4.02e-01 1.76e-01 3.07e-02
1.09e+00 1.21e+00 1.55e-02 1.21e+00 1.57e-02 4.89e-11 5.38e-11 1.94e-01 1.14e-01 4.63e-02 7.88e-03
1.09e+00 1.21e+00 9.14e-03 1.21e+00 9.27e-03 1.55e-24 1.55e-24 1.68e-01 9.03e-02 9.03e-02 7.59e-03
1.09e+00 1.25e+00 2.31e-02 1.25e+00 2.31e-02 1.68e-09 4.66e-09 6.06e-03 3.21e-03 1.65e-03 1.90e-04
1.07e+00 1.04e+00 1.39e-02 1.04e+00 1.39e-02 6.57e-02 1.45e+00 4.66e-01 1.38e-01 1.36e-01 1.17e-02
1.09e+00 1.22e+00 1.55e-02 1.23e+00 1.64e-02 9.58e-15 8.97e-14 1.41e-01 9.46e-02 4.11e-02 8.53e-03
1.10e+00 1.23e+00 7.89e-03 1.22e+00 9.73e-03 7.55e-35 8.23e-35 1.41e-01 1.16e-01 3.95e-02 1.62e-02
1.07e+00 9.68e-01 6.62e-02 9.50e-01 6.85e-02 8.01e-04 9.03e+00 1.90e+00 8.98e-01 5.00e-01 3.41e-02
1.07e+00 1.37e+00 3.83e-02 1.37e+00 3.84e-02 7.44e-12 1.37e-08 3.50e-03 1.46e-03 9.24e-04 1.50e-04
1.09e+00 1.64e+00 2.75e-02 1.64e+00 2.78e-02 4.41e-88 4.84e-26 3.06e-06 1.46e-06 9.01e-07 1.31e-07
1.11e+00 1.05e+00 5.27e-02 1.04e+00 5.48e-02 1.29e-05 9.65e-01 3.29e-01 1.19e-01 1.19e-01 6.61e-03
1.06e+00 9.74e-01 3.40e-02 9.70e-01 3.43e-02 6.81e-02 1.16e+01 1.28e+00 5.99e-01 3.74e-01 3.33e-02
1.10e+00 1.40e+00 6.22e-03 1.41e+00 8.19e-03 2.32e-247 2.32e-247 6.74e-04 5.96e-04 5.96e-04 5.76e-05
1.06e+00 1.39e+00 2.28e-02 1.39e+00 2.28e-02 2.22e-31 7.21e-27 1.54e-03 8.56e-04 4.47e-04 7.61e-05
1.06e+00 1.00e+00 3.52e-02 1.00e+00 3.52e-02 7.13e-01 3.50e+01 3.53e+00 1.50e+00 8.92e-01 1.01e-01
1.09e+00 1.22e+00 8.30e-03 1.22e+00 8.32e-03 2.58e-29 2.59e-29 1.47e-01 6.29e-02 5.18e-02 8.14e-03
1.10e+00 1.02e+00 1.24e-02 1.02e+00 1.24e-02 1.69e-11 1.52e+00 3.90e-01 3.39e-01 1.53e-01 1.86e-02
1.11e+00 1.64e+00 8.73e-02 1.65e+00 8.81e-02 6.80e-26 8.25e-08 2.96e-06 1.25e-06 6.37e-07 9.09e-08
1.10e+00 1.61e+00 5.07e-02 1.61e+00 5.07e-02 1.67e-34 2.45e-09 6.91e-06 3.22e-06 2.02e-06 2.58e-07
1.10e+00 9.94e-01 2.89e-02 9.90e-01 2.91e-02 4.63e-03 9.02e+00 1.11e+00 6.49e-01 3.49e-01 4.19e-02
1.10e+00 1.18e+00 6.60e-02 1.19e+00 6.69e-02 2.37e-02 1.51e-01 5.21e-02 1.77e-02 9.64e-03 3.09e-03
1.08e+00 1.16e+00 2.18e-02 1.16e+00 2.18e-02 3.79e-03 5.58e-03 5.16e-01 2.19e-01 1.08e-01 1.99e-02
1.08e+00 1.23e+00 1.35e-02 1.24e+00 1.49e-02 1.74e-17 2.16e-09 1.26e-01 6.87e-02 2.98e-02 8.50e-03
1.05e+00 1.19e+00 3.71e-03 1.19e+00 4.06e-03 3.55e-20 4.57e-17 2.46e-02 2.46e-02 2.46e-02 4.95e-03
1.10e+00 1.25e+00 1.79e-02 1.25e+00 1.82e-02 7.11e-52 5.48e-04 6.27e-02 2.68e-02 2.68e-02 9.76e-03
1.10e+00 1.35e+00 1.16e-02 1.35e+00 1.16e-02 7.63e-67 7.64e-67 1.48e-03 1.48e-03 4.89e-04 8.16e-05
1.08e+00 1.42e+00 1.42e-02 1.42e+00 1.42e-02 8.45e-57 4.48e-34 7.78e-04 2.97e-04 2.19e-04 2.74e-05
1.08e+00 1.22e+00 1.69e-02 1.22e+00 1.70e-02 1.20e-10 4.43e-05 1.85e-01 1.08e-01 4.96e-02 7.89e-03
1.08e+00 1.23e+00 2.62e-02 1.24e+00 2.67e-02 1.90e-08 2.12e-08 1.47e-02 5.86e-03 4.72e-03 5.24e-04
1.06e+00 9.57e-01 1.06e-02 9.60e-01 1.12e-02 1.98e-10 3.08e+00 1.02e+00 5.29e-01 3.23e-01 5.29e-02
1.06e+00 1.48e+00 6.98e-02 1.45e+00 7.62e-02 2.00e-66 1.14e-19 6.04e-05 2.59e-05 7.93e-06 1.03e-06
1.06e+00 1.00e+00 3.52e-02 1.00e+00 3.53e-02 9.59e-01 3.07e+01 2.93e+00 1.49e+00 9.57e-01 1.06e-01
1.09e+00 1.33e+00 4.02e-03 1.33e+00 4.10e-03 0.00e+00 0.00e+00 2.87e-03 2.87e-03 2.87e-03 1.59e-04
1.07e+00 1.02e+00 1.28e-02 1.02e+00 1.31e-02 8.62e-05 1.84e+00 4.78e-01 2.29e-01 2.29e-01 1.68e-02
1.07e+00 1.05e+00 3.19e-02 1.05e+00 3.19e-02 1.89e+00 1.36e+01 1.88e+00 8.66e-01 5.57e-01 6.19e-02
1.09e+00 1.04e+00 1.86e-02 1.04e+00 1.86e-02 1.08e-01 1.30e+01 2.70e+00 1.31e+00 7.83e-01 1.05e-01
1.07e+00 1.01e+00 1.11e-02 1.01e+00 1.12e-02 2.19e-08 1.08e+00 4.01e-01 2.36e-01 8.86e-02 1.01e-02
1.07e+00 9.96e-01 1.38e-02 1.00e+00 1.44e-02 3.32e-05 2.57e+00 6.64e-01 3.72e-01 1.68e-01 2.92e-02
1.11e+00 1.01e+00 1.28e-02 1.01e+00 1.29e-02 7.39e-14 1.67e+00 4.20e-01 1.82e-01 1.32e-01 2.07e-02
1.11e+00 1.15e+00 7.27e-03 1.15e+00 7.27e-03 2.37e-09 2.37e-09 2.84e-01 1.15e-01 1.10e-01 7.12e-03
1.07e+00 1.05e+00 5.49e-02 1.04e+00 5.57e-02 1.72e+00 1.71e+01 1.48e+00 6.68e-01 3.68e-01 4.84e-02
1.07e+00 1.42e+00 5.46e-03 1.42e+00 6.74e-03 0.00e+00 1.17e-215 5.56e-04 3.13e-04 3.13e-04 2.52e-05
1.10e+00 1.07e+00 8.75e-02 1.02e+00 9.90e-02 2.21e-44 5.04e-01 2.49e-01 2.26e-01 2.26e-01 2.50e-02
1.11e+00 1.16e+00 1.17e-02 1.15e+00 1.37e-02 1.51e-04 1.66e-04 3.79e-01 2.23e-01 1.22e-01 2.66e-02
1.06e+00 1.43e+00 5.38e-03 1.43e+00 5.52e-03 0.00e+00 0.00e+00 4.58e-04 4.58e-04 1.43e-04 5.98e-05
1.06e+00 9.39e-01 4.36e-02 9.50e-01 4.50e-02 3.47e-02 5.15e+01 3.99e+00 1.73e+00 1.09e+00 1.86e-01
1.07e+00 9.27e-01 7.28e-02 9.20e-01 7.31e-02 3.19e-01 2.92e+01 1.55e+00 5.82e-01 3.26e-01 4.94e-02
1.06e+00 1.22e+00 1.76e-02 1.22e+00 1.76e-02 4.73e-14 2.83e-08 1.74e-01 8.63e-02 5.00e-02 1.27e-02
1.09e+00 1.15e+00 9.37e-03 1.15e+00 9.38e-03 5.79e-11 5.79e-11 3.53e-01 1.93e-01 1.93e-01 3.37e-02
1.06e+00 1.03e+00 2.42e-02 1.03e+00 2.42e-02 9.94e-01 1.72e+01 2.63e+00 1.22e+00 6.73e-01 7.83e-02
1.07e+00 1.16e+00 7.31e-02 1.18e+00 7.57e-02 1.11e-03 4.00e-01 3.72e-01 1.59e-01 8.42e-02 9.36e-03
1.09e+00 1.16e+00 9.87e-03 1.16e+00 9.88e-03 2.48e-12 2.48e-12 3.32e-01 1.98e-01 1.98e-01 3.83e-02
1.06e+00 1.00e+00 3.56e-02 1.01e+00 3.61e-02 1.26e+00 3.11e+01 3.01e+00 1.65e+00 1.04e+00 8.84e-02
1.10e+00 1.03e+00 5.61e-02 1.00e+00 6.50e-02 2.58e-01 7.38e+00 9.94e-01 3.88e-01 1.64e-01 2.42e-02
1.09e+00 1.42e+00 8.65e-03 1.42e+00 8.80e-03 1.74e-109 2.25e-78 5.56e-04 2.93e-04 1.90e-04 2.52e-05
1.06e+00 1.01e+00 1.56e-02 1.01e+00 1.57e-02 4.48e-05 1.37e+01 3.20e+00 1.77e+00 1.18e+00 1.66e-01
1.08e+00 1.28e+00 4.57e-03 1.28e+00 4.58e-03 5.57e-161 5.57e-161 6.54e-03 6.54e-03 6.54e-03 7.56e-04
1.08e+00 1.18e+00 3.47e-02 1.18e+00 3.50e-02 1.77e-02 3.49e-02 3.78e-01 1.96e-01 8.74e-02 1.42e-02
1.07e+00 1.44e+00 3.09e-02 1.44e+00 3.09e-02 5.35e-24 1.72e-08 7.59e-04 4.06e-04 2.19e-04 1.34e-05
1.08e+00 1.88e+00 1.24e-02 1.88e+00 1.26e-02 6.15e-188 4.83e-64 4.18e-09 2.66e-09 1.44e-09 2.40e-10
1.09e+00 1.18e+00 1.06e-01 1.24e+00 1.23e-01 1.18e-04 4.42e-01 1.45e-01 5.25e-02 3.44e-02 4.53e-03
1.11e+00 1.17e+00 8.37e-02 1.22e+00 1.00e-01 1.10e-02 6.42e-01 2.17e-01 6.86e-02 3.70e-02 6.86e-03
1.09e+00 1.21e+00 6.34e-02 1.23e+00 6.60e-02 1.83e-09 5.77e-02 1.62e-01 9.21e-02 3.56e-02 3.47e-03
1.10e+00 1.03e+00 1.09e-02 1.03e+00 1.12e-02 2.63e-09 8.30e-01 3.03e-01 1.83e-01 8.82e-02 1.67e-02
1.09e+00 1.04e+00 2.02e-02 1.04e+00 2.08e-02 3.24e-02 3.36e+00 8.14e-01 2.41e-01 2.33e-01 2.05e-02
1.06e+00 1.06e+00 2.44e-02 1.07e+00 2.54e-02 5.13e-01 1.89e+00 4.61e-01 2.40e-01 1.27e-01 1.89e-02
1.07e+00 1.20e+00 3.22e-03 1.20e+00 3.39e-03 1.21e-73 4.31e-70 2.15e-02 2.15e-02 2.15e-02 2.81e-03
1.09e+00 1.16e+00 1.22e-02 1.16e+00 1.30e-02 2.79e-07 2.85e-07 3.76e-01 1.77e-01 1.77e-01 5.20e-02
1.10e+00 1.04e+00 3.11e-02 1.04e+00 3.13e-02 2.33e-01 1.77e+01 1.87e+00 7.63e-01 4.65e-01 6.46e-02
1.10e+00 1.22e+00 1.33e-02 1.22e+00 1.34e-02 9.51e-13 9.25e-11 2.00e-01 6.62e-02 5.72e-02 9.03e-03
1.07e+00 9.80e-01 2.75e-02 9.80e-01 2.75e-02 2.11e-02 1.07e+01 1.25e+00 5.49e-01 2.98e-01 4.71e-02
1.07e+00 9.98e-01 2.09e-02 1.00e+00 2.10e-02 6.06e-03 7.08e+00 1.18e+00 5.99e-01 3.90e-01 9.05e-02
1.08e+00 1.14e+00 9.83e-03 1.14e+00 1.05e-02 4.64e-10 4.65e-10 4.23e-01 1.98e-01 1.98e-01 2.12e-02
1.08e+00 1.32e+00 7.43e-01 1.78e+00 8.74e-01 1.13e-28 1.88e-07 2.49e-08 1.36e-08 1.06e-08 1.66e-09
1.11e+00 1.07e+00 2.73e-02 1.06e+00 2.79e-02 6.68e-01 1.39e+01 2.12e+00 9.32e-01 4.48e-01 8.26e-02
1.06e+00 9.90e-01 1.01e-02 9.90e-01 1.01e-02 9.11e-11 1.14e+00 4.51e-01 2.59e-01 2.59e-01 6.58e-02
1.09e+00 1.13e+00 3.85e-02 1.13e+00 3.85e-02 4.59e-01 1.48e+00 6.67e-01 2.65e-01 1.74e-01 2.49e-02
1.10e+00 1.01e+00 6.11e-03 1.01e+00 6.68e-03 1.19e-35 7.99e-01 4.77e-01 2.54e-01 2.54e-01 5.75e-02
1.07e+00 1.20e+00 3.41e-03 1.20e+00 3.63e-03 1.04e-72 1.05e-69 2.15e-02 2.15e-02 2.15e-02 3.24e-03
1.08e+00 1.14e+00 7.51e-02 1.21e+00 1.01e-01 3.37e-02 1.68e-01 3.50e-02 1.72e-02 1.36e-02 2.35e-03
1.10e+00 1.20e+00 1.67e-02 1.20e+00 1.72e-02 7.55e-09 7.92e-09 2.27e-01 8.10e-02 7.53e-02 9.13e-03
1.06e+00 1.20e+00 1.95e-02 1.20e+00 1.98e-02 8.58e-11 1.20e-10 2.14e-01 1.13e-01 7.50e-02 1.34e-02
1.09e+00 9.87e-01 1.86e-02 9.90e-01 1.88e-02 4.33e-05 7.29e+00 1.22e+00 7.37e-01 3.42e-01 5.32e-02
1.07e+00 1.07e+00 3.69e-02 1.06e+00 3.91e-02 1.88e+00 9.55e+00 1.46e+00 6.03e-01 3.79e-01 4.86e-02
1.08e+00 1.04e+00 2.38e-02 1.04e+00 2.38e-02 8.78e-01 1.54e+01 2.49e+00 9.95e-01 6.88e-01 7.32e-02
1.09e+00 1.02e+00 8.77e-02 9.80e-01 9.78e-02 1.34e-02 9.95e+00 1.21e+00 4.48e-01 1.70e-01 2.04e-02
1.05e+00 9.68e-01 1.22e-02 9.70e-01 1.24e-02 4.56e-06 3.50e+00 1.15e+00 6.86e-01 4.03e-01 4.61e-02
1.07e+00 1.37e+00 2.48e-02 1.37e+00 2.50e-02 3.83e-25 6.47e-21 2.46e-03 1.19e-03 6.14e-04 1.12e-04
1.07e+00 1.41e+00 5.33e-03 1.41e+00 6.98e-03 0.00e+00 0.00e+00 6.15e-04 5.59e-04 5.59e-04 5.59e-04
1.07e+00 1.05e+00 1.84e-02 1.04e+00 1.94e-02 2.96e-01 2.44e+00 4.65e-01 2.56e-01 2.14e-01 1.81e-02
1.07e+00 1.08e+00 2.44e-02 1.08e+00 2.44e-02 1.75e+00 5.24e+00 1.42e+00 9.02e-01 4.96e-01 5.41e-02
1.06e+00 1.27e+00 6.76e-02 1.30e+00 7.54e-02 4.63e-04 1.58e-03 1.43e-02 7.22e-03 3.66e-03 5.62e-04
1.07e+00 1.15e+00 7.14e-02 1.18e+00 7.60e-02 2.69e-02 5.55e-01 3.30e-01 1.51e-01 6.69e-02 1.08e-02
1.10e+00 1.13e+00 1.65e-02 1.13e+00 1.69e-02 2.16e-01 3.97e-01 5.32e-01 2.36e-01 1.56e-01 2.99e-02
1.08e+00 9.68e-01 1.05e-02 9.70e-01 1.08e-02 5.18e-12 1.93e+00 7.37e-01 3.44e-01 1.92e-01 8.14e-02
1.10e+00 1.19e+00 8.63e-02 1.24e+00 9.82e-02 2.28e-04 3.00e-01 1.64e-01 5.71e-02 3.22e-02 4.16e-03
1.07e+00 1.12e+00 1.53e-02 1.12e+00 1.53e-02 1.05e-02 1.22e-02 6.11e-01 3.31e-01 3.00e-01 3.85e-02
1.07e+00 1.30e+00 5.52e-02 1.31e+00 5.63e-02 1.58e-05 6.43e-05 1.27e-02 5.23e-03 2.99e-03 4.98e-04
1.09e+00 1.06e+00 3.49e-02 1.05e+00 3.74e-02 1.11e+00 1.30e+01 1.64e+00 7.45e-01 4.47e-01 5.96e-02
1.07e+00 1.04e+00 1.93e-02 1.04e+00 1.99e-02 5.78e-01 1.34e+01 2.75e+00 1.17e+00 5.16e-01 1.06e-01
1.09e+00 1.65e+00 3.33e-02 1.65e+00 3.34e-02 3.20e-59 2.53e-15 2.74e-06 1.09e-06 7.14e-07 1.36e-07
1.07e+00 1.27e+00 1.01e-02 1.27e+00 1.04e-02 2.66e-26 1.44e-21 3.71e-02 1.68e-02 1.68e-02 1.86e-03
1.10e+00 1.04e+00 3.93e-02 1.03e+00 3.98e-02 8.68e-27 6.23e-01 3.33e-01 1.46e-01 1.25e-01 2.01e-02
1.10e+00 1.14e+00 1.38e-02 1.15e+00 1.49e-02 4.97e-03 6.58e-03 5.00e-01 2.41e-01 9.31e-02 1.51e-02
1.10e+00 1.48e+00 2.07e-01 1.45e+00 2.09e-01 1.04e-20 2.33e-05 7.02e-05 3.22e-05 1.81e-05 2.72e-06
1.09e+00 1.36e+00 4.95e-03 1.36e+00 5.67e-03 0.00e+00 0.00e+00 1.70e-03 1.70e-03 7.08e-04 7.08e-04
1.08e+00 1.10e+00 3.87e-02 1.10e+00 3.87e-02 1.19e+00 5.05e+00 1.08e+00 4.34e-01 2.93e-01 4.28e-02
1.10e+00 1.20e+00 7.12e-03 1.20e+00 7.21e-03 1.18e-24 5.57e-22 2.15e-02 8.75e-03 6.05e-03 7.56e-04
1.09e+00 1.14e+00 1.51e-02 1.14e+00 1.51e-02 9.74e-03 1.14e-02 5.47e-01 2.72e-01 2.33e-01 2.11e-02
1.10e+00 1.11e+00 1.23e-02 1.11e+00 1.24e-02 5.04e-01 7.47e-01 8.09e-01 4.96e-01 2.72e-01 3.25e-02
1.09e+00 1.11e+00 1.14e-01 1.18e+00 1.32e-01 8.71e-02 2.36e+00 1.99e-01 8.20e-02 4.95e-02 8.48e-03
1.05e+00 1.01e+00 1.59e-02 1.02e+00 1.68e-02 4.80e-03 1.78e+00 5.08e-01 2.80e-01 2.80e-01 2.33e-02
1.10e+00 1.06e+00 4.03e-02 1.05e+00 4.10e-02 3.24e-01 5.17e+00 4.94e-01 2.19e-01 1.30e-01 1.54e-02
1.06e+00 9.61e-01 7.28e-02 9.70e-01 7.34e-02 9.80e-01 4.23e+01 2.19e+00 7.70e-01 4.70e-01 7.13e-02
1.10e+00 1.19e+00 2.85e-02 1.20e+00 2.90e-02 3.96e-05 5.99e-03 5.45e-02 2.12e-02 1.19e-02 1.19e-03
1.11e+00 1.02e+00 1.11e-02 1.02e+00 1.11e-02 6.60e-15 9.90e-01 2.58e-01 2.36e-01 7.59e-02 1.01e-02
1.07e+00 1.42e+00 2.50e-03 1.42e+00 2.52e-03 0.00e+00 0.00e+00 5.56e-04 5.56e-04 5.56e-04 2.79e-05
1.11e+00 1.82e+00 5.73e-02 1.82e+00 5.74e-02 3.97e-32 3.84e-17 5.88e-09 3.32e-09 1.45e-09 2.67e-10
1.08e+00 1.18e+00 2.46e-02 1.18e+00 2.46e-02 4.86e-04 6.94e-04 4.04e-01 2.09e-01 1.15e-01 2.00e-02
1.09e+00 1.19e+00 5.65e-02 1.20e+00 5.77e-02 5.63e-02 2.22e-01 2.18e-01 9.60e-02 6.72e-02 5.49e-03
1.07e+00 9.68e-01 1.07e-01 9.40e-01 1.10e-01 4.02e-01 2.02e+01 1.16e+00 3.14e-01 2.18e-01 3.49e-02
1.08e+00 1.42e+00 1.78e-02 1.42e+00 1.84e-02 5.84e-41 1.80e-28 1.08e-03 4.99e-04 3.76e-04 7.77e-05
1.10e+00 1.05e+00 1.41e-02 1.05e+00 1.45e-02 3.14e-03 1.19e+00 2.68e-01 1.49e-01 6.83e-02 1.26e-02
1.09e+00 2.04e-01 4.18e-01 7.00e-02 4.39e-01 2.33e-13 2.18e-03 4.08e-04 1.88e-04 6.28e-05 7.24e-06
1.07e+00 1.04e+00 2.01e-02 1.04e+00 2.05e-02 4.46e-01 1.39e+01 2.71e+00 1.35e+00 6.06e-01 7.58e-02
1.10e+00 9.88e-01 1.38e-02 9.90e-01 1.40e-02 2.20e-12 3.12e+00 7.87e-01 4.41e-01 2.38e-01 5.85e-02
1.09e+00 1.07e+00 5.30e-03 1.07e+00 6.11e-03 1.94e-02 1.19e+00 8.26e-01 8.26e-01 3.28e-01 2.91e-02
1.11e+00 1.07e+00 4.36e-02 1.06e+00 4.51e-02 1.07e+00 1.54e+01 1.44e+00 5.78e-01 3.50e-01 6.13e-02
1.09e+00 1.09e+00 1.10e-01 1.16e+00 1.28e-01 2.33e-01 4.06e+00 3.63e-01 1.59e-01 8.07e-02 1.51e-02
1.06e+00 9.84e-01 1.32e-02 9.80e-01 1.38e-02 2.85e-07 3.30e+00 8.70e-01 4.70e-01 1.88e-01 3.29e-02
1.06e+00 1.15e+00 1.99e-02 1.15e+00 1.99e-02 9.62e-04 1.26e-03 3.98e-01 2.23e-01 1.22e-01 1.09e-02
1.07e+00 1.54e+00 6.38e-02 1.45e+00 1.11e-01 3.32e-65 7.76e-21 1.38e-05 6.05e-06 3.48e-06 6.63e-07
1.08e+00 1.25e+00 1.38e-02 1.25e+00 1.42e-02 4.34e-20 5.24e-20 8.91e-03 5.38e-03 2.75e-03 4.48e-04
1.07e+00 1.43e+00 2.02e-01 1.44e+00 2.02e-01 1.03e-14 8.43e-05 3.69e-04 1.13e-04 5.66e-05 6.80e-06
1.09e+00 1.26e+00 7.95e-03 1.26e+00 8.26e-03 1.00e-43 3.32e-07 6.81e-02 4.17e-02 2.16e-02 6.50e-03
1.08e+00 1.06e+00 3.71e-03 1.06e+00 3.73e-03 3.91e-06 8.94e-01 7.70e-01 7.70e-01 7.70e-01 5.03e-02
1.07e+00 1.23e+00 6.98e-03 1.23e+00 8.14e-03 5.19e-122 5.40e-122 1.40e-02 8.59e-03 8.59e-03 1.41e-03
1.09e+00 1.10e+00 5.42e-02 1.10e+00 5.42e-02 9.62e-01 6.84e+00 7.41e-01 3.53e-01 2.03e-01 2.91e-02
1.07e+00 1.41e+00 5.65e-03 1.42e+00 7.65e-03 1.35e-307 1.25e-282 5.56e-04 5.06e-04 5.06e-04 3.35e-05
1.08e+00 1.06e+00 4.22e-02 1.05e+00 4.27e-02 1.40e+00 1.48e+01 1.58e+00 6.53e-01 3.88e-01 5.10e-02
1.09e+00 1.45e+00 1.03e-02 1.45e+00 1.12e-02 1.16e-90 9.69e-36 3.26e-04 2.74e-04 8.36e-05 1.48e-05
1.09e+00 1.12e+00 2.48e-02 1.12e+00 2.50e-02 6.20e-01 1.48e+00 9.54e-01 4.51e-01 2.36e-01 3.67e-02
1.11e+00 1.18e+00 6.88e-02 1.21e+00 7.47e-02 1.88e-02 3.13e-01 2.33e-01 8.07e-02 4.11e-02 5.87e-03
1.10e+00 1.48e+00 5.07e-02 1.46e+00 5.48e-02 6.88e-17 2.60e-08 3.00e-04 1.21e-04 7.59e-05 7.59e-06
1.09e+00 1.32e+00 1.24e-02 1.32e+00 1.25e-02 3.73e-56 3.74e-56 2.82e-03 2.30e-03 1.15e-03 1.20e-04
1.10e+00 1.09e+00 1.14e-01 1.00e+00 1.44e-01 1.34e-13 8.01e-01 1.85e-01 7.88e-02 6.99e-02 1.40e-02
1.09e+00 1.33e+00 3.77e-01 1.44e+00 3.93e-01 4.95e-14 4.38e-04 4.80e-04 1.32e-04 6.34e-05 8.27e-06
1.06e+00 1.08e+00 2.64e-02 1.08e+00 2.66e-02 1.26e+00 2.66e+00 1.43e+00 7.19e-01 5.12e-01 6.29e-02
1.07e+00 1.05e+00 6.07e-03 1.05e+00 7.73e-03 3.66e-03 3.04e+00 1.49e+00 1.37e+00 1.37e+00 9.00e-02
1.08e+00 1.88e+00 1.07e-02 1.89e+00 1.34e-02 7.08e-212 2.83e-79 4.79e-09 3.83e-09 1.54e-09 2.17e-10
1.07e+00 1.88e+00 6.56e-03 1.89e+00 8.31e-03 0.00e+00 1.91e-129 4.55e-09 3.02e-09 3.02e-09 4.80e-10
1.11e+00 1.21e+00 5.31e-02 1.21e+00 5.32e-02 3.35e-03 7.00e-03 2.30e-02 7.89e-03 4.90e-03 1.09e-03
1.09e+00 1.72e+00 4.07e-02 1.72e+00 4.10e-02 1.07e-50 5.25e-11 5.01e-07 2.28e-07 1.57e-07 1.23e-08
1.08e+00 1.27e+00 5.82e-03 1.27e+00 6.78e-03 4.16e-76 2.97e-60 1.66e-02 1.03e-02 1.03e-02 1.25e-03
1.11e+00 1.18e+00 5.65e-02 1.17e+00 5.68e-02 2.71e-02 6.42e-02 3.21e-02 1.31e-02 1.02e-02 2.51e-03
1.10e+00 1.24e+00 8.81e-03 1.24e+00 9.65e-03 3.00e-28 1.51e-07 1.14e-01 8.45e-02 2.74e-02 4.00e-03
1.10e+00 1.60e+00 6.11e-02 1.62e+00 6.36e-02 5.17e-26 8.74e-09 6.89e-06 2.89e-06 1.45e-06 2.55e-07
1.10e+00 1.77e+00 1.18e-01 1.88e+00 1.65e-01 6.22e-132 3.88e-42 3.50e-09 1.62e-09 8.66e-10 1.35e-10
1.06e+00 1.69e+00 2.65e-02 1.69e+00 2.65e-02 2.92e-114 9.94e-22 7.53e-07 3.13e-07 2.98e-07 2.94e-08
1.07e+00 1.03e+00 3.99e-02 1.03e+00 3.99e-02 1.30e+00 2.06e+01 1.95e+00 7.74e-01 5.16e-01 6.14e-02
1.06e+00 1.54e+00 1.69e-01 1.58e+00 1.73e-01 1.90e-27 2.59e-06 1.04e-05 5.78e-06 3.21e-06 4.18e-07
1.06e+00 1.05e+00 8.10e-02 1.06e+00 8.14e-02 1.29e+00 1.23e+01 1.03e+00 3.95e-01 2.20e-01 3.24e-02
1.10e+00 1.18e+00 9.14e-02 1.22e+00 9.90e-02 1.30e-02 4.30e-01 1.65e-01 7.14e-02 3.09e-02 4.27e-03
1.10e+00 1.50e+00 8.30e-02 1.45e+00 9.66e-02 6.74e-21 4.07e-07 4.42e-05 1.35e-05 8.34e-06 1.28e-06
1.09e+00 1.07e+00 2.29e-02 1.07e+00 2.33e-02 3.97e-01 2.77e+00 4.99e-01 2.13e-01 1.66e-01 1.94e-02
1.06e+00 9.84e-01 3.38e-02 9.80e-01 3.40e-02 3.94e-01 3.88e+01 3.73e+00 1.82e+00 1.11e+00 1.42e-01
1.11e+00 1.28e+00 5.56e-02 1.28e+00 5.56e-02 1.81e-04 8.68e-04 1.82e-02 8.37e-03 4.60e-03 7.07e-04
1.11e+00 1.01e+00 1.21e-02 1.01e+00 1.22e-02 1.68e-15 1.20e+00 4.05e-01 2.49e-01 1.28e-01 2.04e-02
1.06e+00 1.02e+00 5.46e-02 1.03e+00 5.54e-02 1.71e+00 2.12e+01 1.65e+00 7.50e-01 3.81e-01 4.35e-02
1.10e+00 1.42e+00 4.14e-02 1.42e+00 4.14e-02 2.29e-12 2.42e-06 1.62e-03 7.70e-04 3.99e-04 2.78e-05
1.06e+00 1.32e+00 5.98e-02 1.33e+00 6.01e-02 8.65e-06 5.50e-05 7.70e-03 3.37e-03 1.73e-03 3.06e-04
1.09e+00 1.37e+00 8.75e-02 1.37e+00 8.75e-02 6.68e-07 1.44e-04 3.17e-03 1.38e-03 8.40e-04 7.46e-05
1.09e+00 1.06e+00 6.15e-02 1.01e+00 8.21e-02 1.82e-01 2.83e+00 2.61e-01 1.23e-01 7.84e-02 1.31e-02
1.06e+00 1.10e+00 4.49e-02 1.08e+00 4.77e-02 4.08e-01 1.31e+00 4.38e-01 1.52e-01 8.10e-02 1.27e-02
1.08e+00 1.43e+00 9.51e-02 1.44e+00 9.59e-02 5.38e-14 4.51e-05 1.17e-03 4.30e-04 2.80e-04 2.60e-05
1.06e+00 8.69e-02 9.56e-02 8.00e-02 9.58e-02 8.91e-10 1.21e-02 1.84e-03 8.76e-04 4.72e-04 7.86e-05
1.08e+00 9.55e-01 1.13e-01 9.30e-01 1.16e-01 1.98e-01 1.68e+01 7.52e-01 2.31e-01 1.18e-01 1.61e-02
1.07e+00 1.46e+00 5.13e-02 1.44e+00 5.47e-02 7.28e-33 2.87e-10 2.14e-04 6.05e-05 3.36e-05 3.36e-06
1.10e+00 1.24e+00 1.54e-02 1.24e+00 1.58e-02 4.46e-14 1.50e-04 1.06e-01 5.95e-02 3.60e-02 7.61e-03
1.07e+00 1.61e+00 3.50e-02 1.62e+00 3.64e-02 6.26e-71 1.05e-19 5.90e-06 2.76e-06 1.59e-06 1.84e-07
1.08e+00 1.47e+00 5.83e-02 1.45e+00 6.15e-02 3.19e-17 1.29e-06 3.57e-04 1.34e-04 8.46e-05 9.40e-06
1.12e+00 1.39e+00 1.93e-02 1.38e+00 2.11e-02 1.55e-22 1.58e-22 1.17e-03 4.92e-04 4.42e-04 6.23e-05
1.13e+00 1.24e+00 2.40e-02 1.24e+00 2.41e-02 3.37e-04 2.79e-03 4.21e-02 2.17e-02 1.16e-02 1.59e-03
1.13e+00 1.04e+00 1.68e-02 1.04e+00 1.68e-02 7.28e-06 2.97e+00 5.88e-01 3.10e-01 1.53e-01 4.31e-02
1.12e+00 1.04e+00 5.03e-03 1.04e+00 5.03e-03 5.42e-21 3.92e-01 2.99e-01 2.99e-01 4.81e-02 4.36e-02
1.11e+00 1.12e+00 2.38e-02 1.13e+00 2.49e-02 8.13e-01 2.29e+00 7.69e-01 3.45e-01 1.96e-01 4.19e-02
1.12e+00 1.39e+00 1.06e-01 1.41e+00 1.07e-01 1.63e-07 1.31e-04 1.80e-03 7.14e-04 4.64e-04 4.53e-05
1.15e+00 1.43e+00 9.40e-02 1.43e+00 9.41e-02 5.61e-14 8.83e-07 2.99e-05 1.28e-05 5.64e-06 5.64e-07
1.13e+00 1.11e+00 1.52e-02 1.12e+00 1.61e-02 4.56e-01 3.29e+00 8.62e-01 5.24e-01 2.27e-01 3.11e-02
1.11e+00 1.19e+00 3.64e-02 1.20e+00 3.87e-02 5.08e-02 1.29e-01 2.77e-01 1.26e-01 6.75e-02 1.07e-02
1.12e+00 1.16e+00 3.25e-02 1.15e+00 3.34e-02 6.83e-02 1.45e-01 1.13e-01 5.27e-02 2.89e-02 5.05e-03
1.13e+00 1.20e+00 2.73e-02 1.20e+00 2.75e-02 3.06e-02 6.01e-02 2.75e-01 1.16e-01 9.92e-02 1.20e-02
1.14e+00 1.08e+00 4.27e-02 1.06e+00 4.57e-02 4.94e-01 1.62e+01 1.30e+00 6.42e-01 3.80e-01 4.22e-02
1.12e+00 1.28e+00 8.83e-03 1.28e+00 9.04e-03 1.47e-43 1.47e-43 2.84e-02 1.89e-02 1.03e-02 1.71e-03
1.14e+00 1.21e+00 1.06e-02 1.21e+00 1.08e-02 4.67e-09 4.69e-09 1.15e-01 6.03e-02 2.84e-02 3.48e-03
1.11e+00 1.14e+00 9.99e-03 1.14e+00 1.05e-02 1.78e-03 1.83e-03 4.51e-01 2.33e-01 2.33e-01 2.27e-02
1.14e+00 1.17e+00 7.34e-02 1.22e+00 8.90e-02 5.04e-04 1.53e-01 5.22e-02 2.15e-02 1.43e-02 1.43e-03
1.14e+00 1.02e+00 2.85e-02 1.03e+00 3.00e-02 2.15e-04 6.60e+00 7.97e-01 3.46e-01 2.32e-01 3.64e-02
1.13e+00 1.19e+00 1.98e-02 1.19e+00 1.99e-02 6.37e-03 8.39e-03 3.21e-01 1.31e-01 9.94e-02 9.38e-03
1.13e+00 1.30e+00 6.83e-03 1.30e+00 6.84e-03 2.15e-109 2.15e-109 4.74e-03 1.72e-03 1.55e-03 1.55e-03
1.15e+00 1.05e+00 2.04e-03 1.05e+00 2.04e-03 1.88e-39 3.29e-01 3.16e-01 3.16e-01 3.16e-01 7.93e-03
1.14e+00 1.09e+00 1.63e-02 1.09e+00 1.65e-02 5.01e-02 5.37e+00 1.14e+00 6.99e-01 3.38e-01 9.32e-02
1.12e+00 1.61e+00 2.43e-01 1.65e+00 2.45e-01 1.83e-23 8.57e-07 2.22e-06 9.03e-07 5.44e-07 5.73e-08
1.12e+00 1.22e+00 5.11e-03 1.22e+00 5.50e-03 1.81e-33 1.81e-33 1.19e-01 1.19e-01 3.64e-02 6.57e-03
1.13e+00 1.21e+00 2.80e-03 1.21e+00 2.88e-03 8.78e-70 1.42e-25 1.87e-02 1.87e-02 1.87e-02 1.60e-03
1.14e+00 1.21e+00 5.57e-03 1.21e+00 5.57e-03 2.43e-22 2.43e-22 3.81e-02 3.81e-02 8.42e-03 7.65e-03
1.11e+00 1.04e+00 4.96e-04 1.04e+00 4.96e-04 8.36e-63 2.86e-01 2.85e-01 2.85e-01 2.85e-01 2.85e-01
1.13e+00 1.50e+00 5.80e-02 1.46e+00 7.07e-02 5.68e-16 8.32e-08 1.05e-04 5.36e-05 3.16e-05 4.81e-06
1.15e+00 1.05e+00 1.52e-02 1.04e+00 1.68e-02 4.96e-07 2.13e+00 5.53e-01 2.81e-01 1.73e-01 1.70e-02
1.13e+00 1.22e+00 1.93e-02 1.22e+00 1.95e-02 1.52e-05 7.59e-05 1.64e-01 8.14e-02 5.01e-02 7.30e-03
1.12e+00 1.12e+00 8.00e-02 1.05e+00 1.06e-01 3.26e-33 3.04e-02 2.96e-02 2.96e-02 1.87e-02 4.01e-03
1.12e+00 1.03e+00 1.15e-02 1.03e+00 1.16e-02 7.83e-13 1.04e+00 3.33e-01 1.84e-01 9.22e-02 1.37e-02
1.11e+00 1.08e+00 3.62e-02 1.08e+00 3.63e-02 2.49e-01 3.72e+00 4.79e-01 1.88e-01 1.19e-01 1.11e-02
1.14e+00 1.24e+00 9.52e-03 1.24e+00 1.03e-02 1.30e-14 2.67e-12 1.95e-02 5.67e-03 5.57e-03 7.82e-04
1.14e+00 1.07e+00 1.39e-02 1.07e+00 1.41e-02 5.45e-06 7.92e-01 1.99e-01 1.43e-01 6.53e-02 1.84e-02
1.14e+00 1.04e+00 6.02e-03 1.04e+00 6.22e-03 6.95e-25 4.45e-01 2.91e-01 1.10e-01 1.10e-01 4.09e-02
1.13e+00 1.23e+00 3.25e-02 1.24e+00 3.34e-02 8.96e-18 7.61e-03 1.32e-01 4.70e-02 2.65e-02 2.65e-03
1.14e+00 1.06e+00 1.27e-02 1.05e+00 1.62e-02 1.31e-07 8.29e-01 2.47e-01 1.66e-01 6.95e-02 2.36e-02
1.14e+00 1.15e+00 6.34e-02 1.10e+00 8.14e-02 6.51e-04 6.58e-02 2.01e-02 1.12e-02 7.91e-03 1.38e-03
1.14e+00 1.42e+00 2.28e-02 1.42e+00 2.28e-02 4.31e-18 1.41e-14 9.06e-04 5.34e-04 2.15e-04 5.81e-05
1.14e+00 1.11e+00 1.61e-02 1.11e+00 1.62e-02 1.08e-01 3.89e+00 8.07e-01 4.33e-01 2.22e-01 9.35e-02
1.11e+00 1.01e+00 1.85e-02 1.01e+00 1.89e-02 4.51e-07 5.44e+00 1.11e+00 5.36e-01 4.31e-01 5.24e-02
1.15e+00 1.05e+00 2.91e-03 1.05e+00 2.96e-03 1.16e-34 3.31e-01 3.03e-01 3.03e-01 3.03e-01 2.13e-02
1.12e+00 1.26e+00 8.90e-03 1.26e+00 8.98e-03 2.43e-27 2.43e-27 3.97e-02 1.84e-02 1.84e-02 2.00e-03
1.13e+00 1.68e+00 2.80e-02 1.68e+00 2.80e-02 2.67e-85 4.20e-26 1.20e-06 5.46e-07 3.09e-07 7.12e-08
1.12e+00 1.16e+00 2.92e-02 1.16e+00 2.92e-02 2.11e-01 4.74e-01 4.86e-01 2.31e-01 1.32e-01 2.10e-02
1.14e+00 1.14e+00 3.15e-02 1.14e+00 3.18e-02 7.61e-01 3.10e+00 5.87e-01 3.26e-01 1.88e-01 3.07e-02
1.12e+00 1.22e+00 1.38e-02 1.22e+00 1.38e-02 6.24e-10 6.43e-10 1.50e-01 7.96e-02 5.73e-02 1.65e-02
1.13e+00 1.22e+00 3.03e-03 1.22e+00 3.18e-03 1.22e-66 4.37e-46 1.62e-02 1.62e-02 1.62e-02 1.87e-03
1.15e+00 1.35e+00 6.10e-03 1.35e+00 6.34e-03 5.22e-158 5.22e-158 2.03e-03 8.46e-04 8.46e-04 3.36e-04
1.14e+00 1.24e+00 1.27e-03 1.24e+00 1.28e-03 5.40e-100 4.03e-98 1.21e-02 1.21e-02 1.21e-02 1.21e-02
1.14e+00 1.05e+00 1.61e-02 1.04e+00 1.71e-02 1.96e-06 2.83e+00 7.30e-01 3.87e-01 1.71e-01 2.23e-02
1.13e+00 1.23e+00 5.40e-03 1.23e+00 6.66e-03 1.28e-112 1.13e-99 1.40e-02 1.06e-02 1.06e-02 7.04e-04
1.14e+00 1.14e+00 6.57e-02 1.10e+00 7.96e-02 7.90e-02 9.44e-01 9.56e-02 4.09e-02 2.71e-02 5.66e-03
1.14e+00 1.20e+00 1.47e-02 1.20e+00 1.47e-02 2.66e-04 2.88e-04 1.60e-01 8.13e-02 7.73e-02 7.03e-03
1.13e+00 1.22e+00 1.10e-03 1.22e+00 1.10e-03 1.42e-32 2.55e-19 1.62e-02 1.62e-02 1.62e-02 1.62e-02
1.12e+00 1.05e+00 3.87e-03 1.05e+00 3.91e-03 2.56e-23 3.68e-01 3.12e-01 3.12e-01 3.12e-01 1.73e-02
1.15e+00 1.67e+00 9.64e-03 1.68e+00 1.13e-02 0.00e+00 6.10e-159 1.56e-06 6.18e-07 6.18e-07 9.39e-08
1.11e+00 1.18e+00 4.64e-02 1.20e+00 4.92e-02 8.77e-02 3.07e-01 2.44e-01 1.04e-01 6.47e-02 1.05e-02
1.16e+00 1.43e+00 3.65e-02 1.43e+00 3.65e-02 6.28e-13 1.58e-09 1.27e-03 5.83e-04 2.68e-04 2.01e-05
1.13e+00 1.02e+00 5.20e-02 1.01e+00 5.32e-02 4.40e-02 8.29e+00 7.52e-01 3.10e-01 1.93e-01 1.41e-02
1.15e+00 1.05e+00 1.00e-02 1.05e+00 1.07e-02 1.37e-08 7.31e-01 2.72e-01 2.67e-01 9.57e-02 9.57e-03
1.14e+00 1.59e+00 7.59e-03 1.59e+00 7.62e-03 0.00e+00 0.00e+00 1.44e-05 6.60e-06 4.86e-06 5.07e-07
1.14e+00 1.03e+00 1.16e-02 1.04e+00 1.27e-02 2.71e-09 1.06e+00 3.73e-01 1.48e-01 1.42e-01 3.00e-02
1.12e+00 1.08e+00 3.13e-02 1.07e+00 3.17e-02 6.12e-01 1.46e+01 1.80e+00 6.75e-01 4.57e-01 6.23e-02
1.15e+00 1.26e+00 1.24e-02 1.26e+00 1.27e-02 4.20e-15 1.09e-06 8.06e-02 3.91e-02 3.91e-02 2.76e-03
1.13e+00 1.17e+00 3.69e-02 1.18e+00 3.75e-02 2.05e-01 6.23e-01 3.60e-01 1.45e-01 9.89e-02 1.26e-02
1.13e+00 1.12e+00 3.52e-02 1.13e+00 3.62e-02 9.83e-01 5.69e+00 7.60e-01 4.12e-01 2.73e-01 3.97e-02
1.14e+00 1.42e+00 4.90e-03 1.42e+00 5.89e-03 0.00e+00 0.00e+00 5.56e-04 5.56e-04 2.68e-04 2.68e-04
1.13e+00 1.03e+00 6.38e-02 1.02e+00 6.50e-02 6.34e-03 7.35e+00 8.25e-01 3.28e-01 1.79e-01 1.45e-02
1.14e+00 1.44e+00 1.84e-02 1.44e+00 1.84e-02 1.28e-35 1.68e-20 6.80e-04 3.62e-04 2.28e-04 3.01e-05
1.13e+00 1.04e+00 4.78e-02 1.04e+00 4.78e-02 3.21e-02 5.76e+00 5.77e-01 2.58e-01 1.31e-01 1.06e-02
1.15e+00 1.28e+00 4.59e-03 1.28e+00 4.97e-03 3.48e-155 3.48e-155 6.54e-03 6.54e-03 1.91e-03 2.63e-04
1.11e+00 1.50e+00 7.18e-02 1.45e+00 8.66e-02 3.71e-24 7.89e-09 6.17e-05 1.36e-05 9.62e-06 1.60e-06
1.12e+00 1.02e+00 3.69e-02 1.02e+00 3.69e-02 1.30e-02 6.78e+00 8.19e-01 4.62e-01 2.26e-01 1.57e-02
1.12e+00 1.04e+00 1.11e-01 9.80e-01 1.27e-01 2.03e-04 3.76e+00 6.77e-01 2.30e-01 1.23e-01 1.64e-02
1.11e+00 1.18e+00 3.37e-02 1.18e+00 3.37e-02 5.15e-02 1.18e-01 3.53e-01 1.55e-01 9.80e-02 1.31e-02
1.14e+00 1.22e+00 1.19e-02 1.22e+00 1.23e-02 1.74e-09 1.76e-09 1.13e-01 6.16e-02 4.05e-02 9.69e-03
1.14e+00 1.10e+00 2.02e-02 1.10e+00 2.02e-02 3.15e-01 6.75e+00 1.12e+00 6.04e-01 4.74e-01 5.19e-02
1.14e+00 1.29e+00 7.76e-03 1.29e+00 8.26e-03 9.37e-62 9.38e-62 5.58e-03 3.87e-03 1.54e-03 5.32e-04
1.14e+00 1.04e+00 4.96e-03 1.04e+00 6.61e-03 2.13e-62 6.21e-01 3.49e-01 2.72e-01 2.72e-01 2.72e-01
1.14e+00 9.99e-01 3.34e-02 1.00e+00 3.34e-02 1.35e-03 9.25e+00 9.45e-01 4.70e-01 2.65e-01 3.61e-02
1.13e+00 1.24e+00 5.46e-03 1.24e+00 7.02e-03 6.19e-67 2.87e-18 8.42e-02 5.88e-02 5.88e-02 3.39e-03
1.11e+00 1.14e+00 2.08e-02 1.14e+00 2.08e-02 2.04e-01 3.55e-01 6.49e-01 2.66e-01 2.37e-01 3.64e-02
1.13e+00 1.23e+00 6.22e-03 1.23e+00 6.31e-03 2.08e-94 5.45e-83 1.40e-02 5.63e-03 5.63e-03 3.31e-03
1.13e+00 1.14e+00 6.85e-02 1.09e+00 8.64e-02 1.45e-02 4.14e-01 5.70e-02 2.54e-02 1.36e-02 1.84e-03
1.15e+00 1.05e+00 3.01e-02 1.05e+00 3.02e-02 3.35e-03 4.36e+00 5.56e-01 2.32e-01 1.46e-01 1.43e-02
1.11e+00 1.28e+00 1.03e-02 1.28e+00 1.03e-02 2.20e-44 2.20e-44 3.09e-02 1.54e-02 1.54e-02 3.41e-03
1.14e+00 1.11e+00 7.40e-02 1.05e+00 9.79e-02 3.29e-02 1.43e+00 1.63e-01 5.04e-02 3.13e-02 7.06e-03
1.12e+00 1.18e+00 8.23e-03 1.18e+00 8.36e-03 7.70e-12 7.71e-12 2.28e-01 1.60e-01 9.28e-02 1.03e-02
1.13e+00 1.18e+00 5.73e-02 1.19e+00 5.84e-02 4.51e-03 1.12e-01 6.82e-02 1.84e-02 8.57e-03 1.63e-03
1.12e+00 1.12e+00 1.43e-02 1.12e+00 1.43e-02 8.15e-01 2.26e+00 7.45e-01 3.07e-01 2.99e-01 3.03e-02
1.13e+00 1.05e+00 1.22e-02 1.05e+00 1.23e-02 2.87e-06 1.37e+00 4.76e-01 2.44e-01 1.10e-01 2.39e-02
1.15e+00 1.62e+00 4.62e-02 1.62e+00 4.63e-02 1.53e-32 4.09e-13 6.82e-06 3.16e-06 1.60e-06 2.05e-07
1.12e+00 1.14e+00 4.01e-02 1.14e+00 4.03e-02 6.31e-01 2.80e+00 5.76e-01 2.41e-01 1.67e-01 3.34e-02
1.13e+00 1.06e+00 7.81e-03 1.06e+00 8.64e-03 5.47e-15 5.49e-01 2.41e-01 2.06e-01 6.91e-02 3.28e-02
1.11e+00 6.59e-01 6.83e-01 7.00e-02 9.02e-01 1.83e-13 3.10e-04 5.26e-05 2.01e-05 8.71e-06 1.00e-06
1.13e+00 1.42e+00 4.14e-02 1.42e+00 4.16e-02 1.64e-10 2.40e-06 1.65e-03 7.27e-04 3.93e-04 3.93e-05
1.15e+00 1.23e+00 3.67e-02 1.24e+00 3.86e-02 5.24e-04 1.30e-02 3.93e-02 2.00e-02 1.00e-02 7.15e-04
1.11e+00 1.17e+00 1.00e-02 1.17e+00 1.04e-02 7.79e-07 7.88e-07 1.97e-01 9.12e-02 5.05e-02 1.49e-02
1.12e+00 1.08e+00 1.72e-02 1.08e+00 1.78e-02 3.60e-01 7.46e+00 1.56e+00 7.10e-01 6.28e-01 7.43e-02
1.15e+00 1.14e+00 1.94e-02 1.13e+00 2.09e-02 5.56e-01 3.21e+00 7.68e-01 3.95e-01 2.02e-01 2.33e-02
1.14e+00 1.24e+00 1.08e-02 1.24e+00 1.09e-02 3.59e-15 2.08e-05 1.31e-01 5.65e-02 2.63e-02 3.94e-03
1.12e+00 1.01e+00 3.77e-02 1.01e+00 3.77e-02 1.00e-02 8.24e+00 8.48e-01 4.11e-01 2.24e-01 2.08e-02
1.14e+00 1.00e+00 5.64e-02 9.90e-01 5.78e-02 1.08e-02 9.65e+00 1.02e+00 5.09e-01 2.79e-01 1.82e-02
1.14e+00 1.16e+00 3.22e-02 1.17e+00 3.26e-02 3.46e-01 1.09e+00 4.25e-01 2.16e-01 1.21e-01 1.76e-02
1.12e+00 1.08e+00 1.61e-02 1.07e+00 2.05e-02 1.33e-01 6.73e+00 1.57e+00 6.80e-01 4.40e-01 1.44e-01
1.15e+00 1.04e+00 2.80e-03 1.04e+00 2.93e-03 4.74e-77 3.09e-01 2.82e-01 2.82e-01 2.82e-01 2.69e-02
1.15e+00 1.16e+00 2.08e-02 1.16e+00 2.08e-02 5.23e-01 1.32e+00 5.26e-01 2.83e-01 2.34e-01 1.75e-02
1.14e+00 1.37e+00 3.18e-02 1.37e+00 3.22e-02 3.59e-08 5.16e-08 2.12e-03 1.19e-03 6.57e-04 1.26e-04
1.13e+00 1.14e+00 4.03e-02 1.14e+00 4.03e-02 6.52e-01 2.99e+00 5.82e-01 2.52e-01 1.58e-01 2.16e-02
1.11e+00 1.25e+00 5.22e-03 1.25e+00 5.30e-03 2.20e-124 3.16e-90 5.52e-02 5.52e-02 1.41e-02 7.21e-03
1.12e+00 1.30e+00 5.84e-02 1.31e+00 5.92e-02 4.11e-48 2.38e-03 1.96e-02 9.45e-03 9.45e-03 2.36e-03
1.11e+00 1.13e+00 7.17e-02 1.15e+00 7.36e-02 4.40e-01 2.73e+00 4.41e-01 1.78e-01 9.63e-02 1.46e-02
1.12e+00 1.28e+00 5.87e-03 1.28e+00 6.52e-03 1.33e-108 1.36e-108 6.54e-03 3.58e-03 3.58e-03 6.91e-04
1.15e+00 1.25e+00 1.00e-02 1.25e+00 1.01e-02 5.60e-12 2.41e-11 1.35e-02 7.80e-03 7.80e-03 1.56e-03
1.14e+00 1.06e+00 3.09e-02 1.05e+00 3.23e-02 5.73e-03 4.03e+00 5.93e-01 2.41e-01 1.38e-01 1.53e-02
1.12e+00 1.03e+00 2.65e-02 1.03e+00 2.67e-02 2.89e-03 6.17e+00 8.81e-01 3.45e-01 2.30e-01 4.31e-02
1.15e+00 1.06e+00 2.83e-02 1.05e+00 3.07e-02 6.80e-03 4.17e+00 5.59e-01 2.70e-01 1.41e-01 1.48e-02
1.12e+00 1.48e+00 7.51e-02 1.44e+00 8.59e-02 2.08e-24 2.80e-10 6.70e-05 2.37e-05 8.76e-06 1.31e-06
1.13e+00 1.24e+00 1.08e-02 1.24e+00 1.10e-02 3.83e-13 3.21e-12 2.91e-02 1.20e-02 6.44e-03 1.32e-03
1.15e+00 1.25e+00 9.96e-03 1.25e+00 9.97e-03 3.34e-16 1.27e-15 1.36e-02 7.95e-03 7.95e-03 1.44e-03
1.12e+00 1.05e+00 1.10e-01 9.90e-01 1.27e-01 3.44e-02 5.80e+00 5.35e-01 1.47e-01 7.50e-02 1.30e-02
1.12e+00 1.09e+00 7.49e-02 1.09e+00 7.49e-02 3.69e-01 4.81e+00 3.29e-01 1.34e-01 7.91e-02 1.01e-02
1.15e+00 1.59e+00 6.68e-03 1.59e+00 7.69e-03 0.00e+00 0.00e+00 1.44e-05 1.07e-05 1.07e-05 9.42e-07
1.13e+00 1.06e+00 1.52e-02 1.06e+00 1.53e-02 2.94e-04 1.83e+00 4.38e-01 1.91e-01 1.91e-01 2.96e-02
1.13e+00 1.04e+00 1.05e-02 1.04e+00 1.06e-02 3.24e-11 6.97e-01 2.91e-01 1.46e-01 1.46e-01 1.02e-02
1.12e+00 1.06e+00 1.51e-02 1.05e+00 1.60e-02 7.35e-03 9.65e+00 2.34e+00 1.45e+00 5.92e-01 1.35e-01
1.15e+00 1.05e+00 1.65e-02 1.05e+00 1.70e-02 1.13e-05 2.33e+00 4.82e-01 2.87e-01 1.43e-01 2.05e-02
1.15e+00 1.13e+00 2.03e-02 1.13e+00 2.05e-02 6.15e-01 3.65e+00 7.93e-01 3.31e-01 2.15e-01 3.73e-02
1.13e+00 1.11e+00 4.79e-02 1.10e+00 4.86e-02 2.78e-01 3.04e+00 3.22e-01 1.39e-01 9.79e-02 1.22e-02
1.11e+00 1.21e+00 7.39e-03 1.21e+00 8.46e-03 4.21e-24 4.21e-24 1.49e-01 1.31e-01 1.31e-01 1.80e-02
1.14e+00 2.18e-01 1.73e-01 1.50e-01 1.86e-01 2.02e-03 3.36e+00 2.06e-01 1.04e-01 5.25e-02 4.15e-03
1.14e+00 1.15e+00 3.01e-02 1.15e+00 3.01e-02 6.34e-01 2.24e+00 5.86e-01 2.58e-01 1.62e-01 3.45e-02
1.11e+00 1.12e+00 2.53e-02 1.12e+00 2.55e-02 9.19e-01 2.96e+00 9.21e-01 4.42e-01 2.42e-01 4.12e-02
1.13e+00 1.22e+00 4.86e-03 1.22e+00 6.16e-03 4.13e-66 1.10e-08 1.62e-02 9.93e-03 9.93e-03 9.93e-03
1.12e+00 1.02e+00 4.04e-02 1.02e+00 4.04e-02 3.40e-02 7.72e+00 7.27e-01 2.80e-01 1.84e-01 1.75e-02
1.15e+00 1.07e+00 1.65e-02 1.07e+00 1.68e-02 8.56e-05 1.33e+00 2.74e-01 1.70e-01 8.82e-02 2.99e-02
1.13e+00 1.04e+00 1.69e-02 1.04e+00 1.69e-02 6.34e-06 2.68e+00 5.56e-01 2.78e-01 1.41e-01 4.12e-02
1.15e+00 1.18e+00 1.26e-02 1.18e+00 1.29e-02 2.20e-02 2.42e-02 2.45e-01 1.07e-01 1.07e-01 9.58e-03
1.15e+00 1.20e+00 8.47e-03 1.20e+00 9.31e-03 1.38e-07 1.39e-07 1.18e-01 9.82e-02 3.37e-02 2.07e-02
1.11e+00 1.60e+00 3.20e-02 1.61e+00 3.25e-02 1.05e-63 6.50e-25 7.67e-06 3.49e-06 1.94e-06 3.02e-07
1.12e+00 1.05e+00 5.56e-03 1.05e+00 6.72e-03 1.10e-19 4.91e-01 2.77e-01 1.97e-01 1.97e-01 1.53e-02
1.14e+00 1.23e+00 1.03e-02 1.23e+00 1.03e-02 1.21e-12 1.21e-12 8.73e-02 5.75e-02 5.75e-02 1.27e-02
1.12e+00 1.04e+00 3.79e-03 1.04e+00 3.93e-03 1.07e-83 2.92e-01 2.61e-01 2.61e-01 2.61e-01 3.14e-02
1.13e+00 1.09e+00 1.60e-02 1.09e+00 1.61e-02 6.27e-03 7.32e-01 1.65e-01 9.95e-02 3.78e-02 8.29e-03
1.14e+00 1.10e+00 6.64e-03 1.11e+00 8.31e-03 6.98e-05 6.83e-01 3.38e-01 2.82e-01 2.82e-01 2.38e-02
1.14e+00 1.73e+00 2.50e-02 1.72e+00 2.65e-02 2.73e-92 7.33e-23 2.80e-07 1.48e-07 8.45e-08 8.80e-09
1.12e+00 1.13e+00 8.88e-03 1.13e+00 9.99e-03 8.54e-02 9.45e-02 3.96e-01 3.21e-01 1.08e-01 9.96e-02
1.14e+00 1.08e+00 8.45e-02 1.04e+00 9.54e-02 2.98e-02 4.93e+00 6.72e-01 1.75e-01 1.02e-01 1.22e-02
1.16e+00 1.27e+00 4.96e-03 1.27e+00 5.32e-03 4.66e-108 4.66e-108 7.66e-03 7.66e-03 2.50e-03 4.62e-04
1.14e+00 1.02e+00 4.58e-02 1.01e+00 4.65e-02 6.78e-02 9.12e+00 9.49e-01 3.37e-01 1.91e-01 2.25e-02
1.14e+00 1.05e+00 1.16e-02 1.05e+00 1.19e-02 6.42e-08 1.29e+00 4.52e-01 2.04e-01 1.16e-01 1.82e-02
1.10e+00 9.85e-01 1.34e-02 9.90e-01 1.43e-02 7.03e-06 3.57e+00 9.69e-01 5.76e-01 1.94e-01 3.97e-02
1.15e+00 1.43e+00 1.54e-02 1.44e+00 1.61e-02 5.71e-34 2.66e-27 7.43e-04 5.31e-04 2.12e-04 4.42e-05
1.11e+00 1.34e+00 1.46e-02 1.34e+00 1.50e-02 2.02e-31 2.03e-31 2.08e-03 1.28e-03 6.33e-04 7.64e-05
1.12e+00 1.10e+00 1.96e-02 1.10e+00 1.97e-02 7.43e-01 6.03e+00 1.09e+00 5.69e-01 4.15e-01 4.47e-02
1.13e+00 1.22e+00 4.88e-03 1.22e+00 4.89e-03 1.61e-28 1.61e-28 1.24e-01 1.24e-01 1.99e-02 1.49e-02
1.14e+00 1.62e+00 4.86e-02 1.63e+00 5.03e-02 1.41e-32 2.62e-13 7.01e-06 3.16e-06 1.86e-06 2.16e-07
1.14e+00 1.35e+00 5.51e-03 1.35e+00 5.66e-03 5.17e-187 5.17e-187 2.03e-03 2.03e-03 6.62e-04 2.75e-04
1.15e+00 1.21e+00 1.00e-02 1.21e+00 1.00e-02 3.21e-07 3.25e-07 1.22e-01 7.55e-02 7.55e-02 1.47e-02
1.13e+00 1.01e+00 1.68e-02 1.01e+00 1.68e-02 1.25e-08 4.29e+00 9.04e-01 4.60e-01 2.12e-01 5.56e-02
1.13e+00 9.83e-01 6.25e-02 9.70e-01 6.38e-02 1.03e-02 1.17e+01 1.37e+00 6.06e-01 3.24e-01 2.49e-02
1.13e+00 1.24e+00 3.03e-03 1.24e+00 3.12e-03 6.36e-91 1.43e-86 1.21e-02 1.21e-02 1.21e-02 1.15e-03
1.14e+00 1.05e+00 4.84e-02 1.04e+00 4.87e-02 7.65e-18 6.24e-01 2.69e-01 2.05e-01 5.27e-02 8.11e-03
1.13e+00 1.37e+00 2.52e-01 1.42e+00 2.57e-01 2.57e-08 1.98e-04 5.48e-04 1.66e-04 1.02e-04 6.38e-06
1.14e+00 1.17e+00 3.13e-02 1.18e+00 3.32e-02 3.02e-01 9.35e-01 3.52e-01 2.14e-01 1.29e-01 1.61e-02
1.14e+00 1.24e+00 5.44e-02 1.27e+00 6.25e-02 5.43e-03 1.66e-02 1.59e-02 5.08e-03 2.65e-03 5.29e-04
1.14e+00 1.07e+00 6.62e-02 1.04e+00 7.15e-02 1.66e-02 2.86e+00 4.48e-01 1.30e-01 7.33e-02 8.14e-03
1.14e+00 1.28e+00 5.06e-03 1.28e+00 6.29e-03 7.34e-150 7.34e-150 6.54e-03 4.14e-03 4.14e-03 4.14e-03
1.14e+00 1.01e+00 3.17e-02 1.01e+00 3.18e-02 1.11e-02 8.40e+00 9.86e-01 5.66e-01 3.27e-01 2.92e-02
1.15e+00 1.18e+00 1.20e-02 1.18e+00 1.27e-02 2.96e-02 3.20e-02 2.48e-01 1.39e-01 1.09e-01 3.29e-02
1.15e+00 1.03e+00 1.07e-02 1.03e+00 1.07e-02 1.60e-16 8.38e-01 3.10e-01 1.98e-01 7.48e-02 1.25e-02
1.12e+00 1.40e+00 1.51e-01 1.42e+00 1.53e-01 7.96e-09 2.59e-04 1.50e-03 6.41e-04 3.06e-04 3.94e-05
1.13e+00 1.05e+00 1.07e-02 1.05e+00 1.10e-02 2.19e-09 7.59e-01 2.78e-01 1.20e-01 6.00e-02 9.76e-03
1.11e+00 1.21e+00 1.93e-02 1.21e+00 1.93e-02 1.28e-06 1.39e-06 1.82e-01 7.66e-02 6.26e-02 7.55e-03
1.13e+00 1.25e+00 7.28e-03 1.25e+00 7.99e-03 1.35e-29 3.96e-29 1.04e-02 9.57e-03 9.57e-03 5.23e-04
1.11e+00 1.12e+00 1.47e-02 1.12e+00 1.51e-02 6.78e-01 1.23e+00 7.39e-01 4.09e-01 2.17e-01 5.01e-02
1.14e+00 1.61e+00 6.94e-02 1.62e+00 7.04e-02 1.67e-22 6.36e-08 5.66e-06 2.61e-06 1.52e-06 2.18e-07
1.14e+00 1.41e+00 4.29e-02 1.42e+00 4.38e-02 5.44e-08 1.92e-07 1.67e-03 8.01e-04 4.16e-04 4.06e-05
1.14e+00 1.07e+00 1.57e-02 1.06e+00 1.66e-02 3.70e-05 1.45e+00 3.19e-01 2.22e-01 9.70e-02 1.21e-02
1.11e+00 1.02e+00 1.81e-02 1.02e+00 1.82e-02 1.81e-06 4.34e+00 8.25e-01 4.96e-01 2.81e-01 3.34e-02
1.14e+00 1.23e+00 1.27e-02 1.24e+00 1.43e-02 1.31e-10 1.33e-10 8.50e-02 3.90e-02 3.90e-02 3.90e-03
1.12e+00 1.17e+00 1.77e-02 1.17e+00 1.78e-02 7.41e-03 9.09e-03 2.92e-01 1.36e-01 9.20e-02 2.37e-02
1.13e+00 1.06e+00 1.31e-02 1.05e+00 1.50e-02 7.77e-05 1.62e+00 5.48e-01 2.23e-01 2.23e-01 2.75e-02
1.13e+00 1.40e+00 3.41e-02 1.42e+00 3.73e-02 8.13e-12 1.97e-08 1.69e-03 7.67e-04 4.34e-04 7.06e-05
1.14e+00 1.18e+00 7.11e-02 1.22e+00 8.36e-02 5.44e-03 1.50e-01 7.55e-02 2.26e-02 1.15e-02 1.78e-03
1.15e+00 1.06e+00 1.37e-02 1.05e+00 1.71e-02 2.55e-07 1.16e+00 3.38e-01 1.14e-01 1.14e-01 1.19e-02
1.13e+00 1.11e+00 1.64e-02 1.11e+00 1.70e-02 3.28e-01 3.99e+00 8.97e-01 3.44e-01 3.09e-01 7.98e-02
1.14e+00 1.23e+00 9.95e-03 1.24e+00 1.23e-02 9.12e-15 2.80e-06 1.23e-01 6.43e-02 6.43e-02 1.05e-02
1.13e+00 1.21e+00 2.58e-02 1.21e+00 2.58e-02 4.12e-03 6.64e-03 1.59e-01 7.00e-02 5.13e-02 6.53e-03
1.11e+00 1.06e+00 2.41e-02 1.05e+00 2.65e-02 8.67e-02 4.31e+00 6.40e-01 3.09e-01 1.89e-01 2.55e-02
1.14e+00 1.04e+00 6.01e-03 1.04e+00 6.07e-03 2.63e-22 4.36e-01 2.93e-01 2.93e-01 8.69e-02 5.15e-02
1.13e+00 1.04e+00 6.88e-02 1.00e+00 7.87e-02 2.59e-01 9.43e+00 5.66e-01 2.00e-01 1.42e-01 1.92e-02
1.11e+00 1.45e+00 4.76e-02 1.44e+00 4.88e-02 4.80e-22 1.60e-10 4.18e-04 1.55e-04 7.16e-05 7.16e-06
1.14e+00 1.67e+00 8.96e-03 1.67e+00 9.04e-03 0.00e+00 7.33e-176 2.01e-06 1.00e-06 1.00e-06 1.42e-07
1.13e+00 1.10e+00 3.36e-02 1.09e+00 3.41e-02 9.82e-01 1.08e+01 1.29e+00 6.25e-01 4.05e-01 4.97e-02
1.12e+00 1.16e+00 1.79e-02 1.16e+00 1.79e-02 4.70e-02 6.18e-02 4.16e-01 2.62e-01 1.30e-01 3.92e-02
1.15e+00 1.24e+00 1.05e-02 1.24e+00 1.07e-02 1.42e-11 1.58e-09 1.94e-02 8.17e-03 5.25e-03 1.85e-03
1.12e+00 1.28e+00 5.91e-02 1.31e+00 6.68e-02 4.13e-04 8.69e-04 8.63e-03 3.96e-03 2.48e-03 3.55e-04
1.15e+00 1.17e+00 1.28e-02 1.17e+00 1.28e-02 1.47e-01 1.94e-01 2.46e-01 1.22e-01 1.01e-01 2.09e-02
1.13e+00 1.12e+00 4.32e-02 1.12e+00 4.34e-02 8.76e-01 7.61e+00 7.35e-01 4.14e-01 2.51e-01 2.79e-02
1.14e+00 1.08e+00 1.90e-02 1.07e+00 2.23e-02 7.34e-02 9.47e+00 1.85e+00 1.12e+00 5.09e-01 8.15e-02
1.13e+00 1.05e+00 4.98e-03 1.05e+00 6.73e-03 1.23e-53 5.93e-01 3.25e-01 2.69e-01 2.69e-01 2.69e-01
1.12e+00 1.56e+00 5.66e-02 1.56e+00 5.67e-02 1.29e-24 2.77e-10 2.04e-05 9.70e-06 6.69e-06 8.20e-07
1.14e+00 1.55e+00 6.26e-02 1.58e+00 6.79e-02 1.23e-32 8.68e-15 1.78e-05 7.70e-06 4.20e-06 8.16e-07
1.14e+00 1.16e+00 1.09e-02 1.17e+00 1.23e-02 1.20e-02 1.30e-02 2.58e-01 1.40e-01 1.05e-01 1.94e-02
1.13e+00 1.06e+00 1.75e-02 1.05e+00 1.93e-02 5.58e-03 1.06e+01 2.41e+00 9.37e-01 5.87e-01 7.49e-02
1.14e+00 1.27e+00 2.93e-02 1.27e+00 2.94e-02 1.31e-05 1.81e-05 7.25e-02 3.28e-02 1.86e-02 1.73e-03
1.15e+00 1.01e+00 2.53e-02 1.01e+00 2.53e-02 1.37e-08 3.48e+00 7.63e-01 4.15e-01 3.58e-01 3.30e-02
1.12e+00 1.34e+00 6.56e-02 1.37e+00 7.24e-02 2.92e-06 4.01e-06 2.54e-03 9.59e-04 4.96e-04 1.44e-04
1.15e+00 1.29e+00 5.43e-03 1.29e+00 6.44e-03 6.56e-145 6.56e-145 5.58e-03 3.39e-03 3.39e-03 2.80e-04
1.14e+00 1.02e+00 2.63e-02 1.02e+00 2.66e-02 1.92e-04 7.16e+00 9.05e-01 4.39e-01 2.50e-01 4.44e-02
1.11e+00 1.60e+00 5.85e-02 1.59e+00 5.88e-02 1.16e-24 1.30e-08 8.97e-06 4.14e-06 2.21e-06 3.40e-07
1.14e+00 1.11e+00 1.41e-02 1.11e+00 1.41e-02 2.03e-01 3.10e+00 7.47e-01 3.67e-01 2.79e-01 3.21e-02
1.14e+00 1.05e+00 7.02e-03 1.05e+00 7.20e-03 1.05e-15 4.20e-01 2.57e-01 9.15e-02 5.54e-02 1.55e-02
1.14e+00 1.25e+00 8.65e-03 1.24e+00 1.04e-02 8.36e-10 4.58e-09 1.47e-02 1.16e-02 3.98e-03 5.89e-04
1.15e+00 1.06e+00 4.62e-02 1.05e+00 4.70e-02 3.33e-02 5.09e+00 4.82e-01 2.05e-01 1.17e-01 1.30e-02
1.14e+00 1.08e+00 8.77e-02 1.04e+00 9.53e-02 4.83e-03 4.88e+00 6.93e-01 1.68e-01 9.03e-02 1.23e-02
1.14e+00 1.01e+00 2.91e-02 1.01e+00 2.91e-02 5.56e-04 7.82e+00 1.12e+00 5.34e-01 2.73e-01 3.10e-02
1.12e+00 1.05e+00 1.45e-02 1.04e+00 1.56e-02 2.05e-07 1.36e+00 5.06e-01 4.99e-01 1.40e-01 3.05e-02
1.11e+00 1.25e+00 5.46e-03 1.25e+00 6.17e-03 1.40e-114 8.82e-59 5.52e-02 2.83e-02 2.83e-02 3.89e-03
1.11e+00 1.25e+00 6.26e-03 1.25e+00 6.72e-03 3.77e-91 1.51e-44 6.76e-02 3.67e-02 3.67e-02 1.09e-02
1.14e+00 1.10e+00 2.40e-02 1.11e+00 2.47e-02 7.41e-02 2.00e+00 2.84e-01 1.20e-01 9.87e-02 1.80e-02
1.14e+00 1.11e+00 3.71e-02 1.11e+00 3.72e-02 7.76e-01 9.81e+00 9.52e-01 4.59e-01 2.58e-01 5.16e-02
1.13e+00 1.21e+00 2.05e-03 1.21e+00 2.07e-03 1.78e-68 3.71e-11 1.87e-02 1.87e-02 1.87e-02 7.51e-04
1.16e+00 1.25e+00 9.64e-03 1.25e+00 9.99e-03 1.05e-07 1.01e-06 1.29e-02 7.28e-03 7.28e-03 3.25e-04
1.11e+00 1.42e+00 9.08e-02 1.42e+00 9.08e-02 7.55e-12 4.85e-05 1.43e-03 6.58e-04 3.20e-04 2.53e-05
1.14e+00 1.35e+00 9.10e-03 1.35e+00 9.20e-03 1.14e-93 1.14e-93 2.03e-03 1.04e-03 1.04e-03 1.32e-04
1.13e+00 1.21e+00 1.51e-02 1.21e+00 1.56e-02 1.21e-06 1.28e-06 1.36e-01 8.80e-02 4.19e-02 6.29e-03
1.13e+00 1.44e+00 2.78e-03 1.44e+00 2.90e-03 0.00e+00 0.00e+00 3.76e-04 3.76e-04 3.76e-04 3.59e-05
1.12e+00 1.14e+00 3.71e-02 1.15e+00 3.80e-02 5.25e-01 1.90e+00 5.85e-01 2.62e-01 1.40e-01 2.87e-02
1.14e+00 1.09e+00 1.59e-02 1.09e+00 1.59e-02 1.11e-03 6.41e-01 1.41e-01 8.06e-02 3.04e-02 7.40e-03
1.12e+00 1.14e+00 7.70e-02 1.19e+00 8.99e-02 1.30e-01 1.52e+00 2.65e-01 9.13e-02 5.86e-02 1.55e-02
1.11e+00 1.28e+00 6.22e-02 1.32e+00 7.19e-02 9.67e-05 1.49e-04 6.58e-03 2.30e-03 1.33e-03 3.23e-04
1.12e+00 1.14e+00 2.20e-02 1.14e+00 2.21e-02 5.33e-01 1.12e+00 6.92e-01 3.58e-01 1.83e-01 3.25e-02
1.13e+00 1.03e+00 1.46e-02 1.03e+00 1.46e-02 8.31e-07 2.55e+00 6.01e-01 2.72e-01 2.50e-01 2.15e-02
1.12e+00 1.06e+00 2.58e-02 1.06e+00 2.60e-02 1.95e-01 1.34e+01 2.01e+00 8.66e-01 4.16e-01 6.93e-02
1.14e+00 1.07e+00 5.46e-02 1.05e+00 5.79e-02 5.33e-02 4.98e+00 4.96e-01 2.12e-01 1.01e-01 1.39e-02
1.13e+00 1.68e+00 3.97e-02 1.68e+00 3.98e-02 1.18e-41 2.36e-13 1.59e-06 8.63e-07 4.26e-07 7.46e-08
1.14e+00 1.04e+00 1.26e-02 1.04e+00 1.26e-02 1.31e-08 1.04e+00 3.63e-01 2.25e-01 9.68e-02 1.64e-02
1.15e+00 1.19e+00 6.08e-02 1.22e+00 6.63e-02 8.09e-04 8.53e-02 5.84e-02 2.61e-02 1.15e-02 1.43e-03
1.14e+00 1.03e+00 5.78e-02 1.01e+00 6.01e-02 5.77e-02 8.30e+00 8.78e-01 4.23e-01 1.83e-01 1.57e-02
1.12e+00 9.59e-01 5.22e-03 9.60e-01 5.27e-03 2.24e-52 1.56e+00 1.13e+00 1.13e+00 2.78e-01 1.59e-01
1.14e+00 1.33e+00 9.37e-03 1.33e+00 9.75e-03 3.58e-74 3.58e-74 2.87e-03 1.17e-03 1.17e-03 1.73e-04
1.13e+00 1.23e+00 1.06e-02 1.24e+00 1.25e-02 5.60e-07 1.79e-05 2.83e-02 1.64e-02 8.12e-03 1.42e-03
1.14e+00 1.04e+00 5.00e-03 1.04e+00 6.97e-03 2.55e-59 6.20e-01 3.19e-01 3.02e-01 3.02e-01 3.02e-01
1.13e+00 1.18e+00 2.33e-02 1.18e+00 2.35e-02 5.08e-02 8.40e-02 3.92e-01 1.80e-01 1.23e-01 2.19e-02
1.13e+00 1.05e+00 5.77e-02 1.04e+00 5.79e-02 3.06e-03 5.35e+00 6.90e-01 2.72e-01 1.46e-01 1.67e-02
1.14e+00 1.13e+00 9.84e-02 1.22e+00 1.31e-01 8.12e-03 1.08e+00 2.07e-01 1.14e-01 6.07e-02 9.88e-03
1.13e+00 1.08e+00 3.12e-02 1.07e+00 3.35e-02 6.24e-01 1.34e+01 1.60e+00 7.39e-01 5.24e-01 9.24e-02
1.13e+00 1.11e+00 4.59e-02 1.11e+00 4.59e-02 2.84e-01 2.55e+00 2.75e-01 1.06e-01 6.03e-02 8.38e-03
1.12e+00 1.13e+00 4.31e-02 1.13e+00 4.33e-02 7.48e-01 3.83e+00 6.63e-01 2.67e-01 1.81e-01 3.53e-02
1.11e+00 1.10e+00 5.94e-02 1.10e+00 5.94e-02 7.82e-01 7.53e+00 6.45e-01 2.95e-01 1.59e-01 2.39e-02
1.13e+00 1.18e+00 3.00e-02 1.19e+00 3.06e-02 1.00e-01 2.35e-01 3.14e-01 1.24e-01 8.41e-02 1.40e-02
1.13e+00 1.04e+00 3.81e-03 1.04e+00 3.89e-03 7.95e-38 3.86e-01 3.28e-01 3.28e-01 3.28e-01 1.48e-02
1.13e+00 1.21e+00 1.28e-02 1.22e+00 1.42e-02 4.12e-08 5.01e-08 1.97e-01 8.40e-02 8.40e-02 7.90e-03
1.12e+00 1.02e+00 3.11e-02 1.03e+00 3.17e-02 3.24e-04 6.04e+00 8.93e-01 3.84e-01 2.62e-01 4.04e-02
1.14e+00 1.11e+00 1.14e-01 1.00e+00 1.58e-01 6.57e-02 2.70e+00 1.89e-01 8.37e-02 5.13e-02 8.10e-03
1.13e+00 1.05e+00 7.67e-03 1.05e+00 9.00e-03 6.94e-12 6.58e-01 2.89e-01 2.79e-01 2.79e-01 3.78e-02
1.12e+00 1.30e+00 1.10e-02 1.30e+00 1.10e-02 1.64e-43 1.64e-43 2.15e-02 1.30e-02 4.32e-03 8.64e-04
1.14e+00 1.06e+00 6.34e-02 1.02e+00 7.64e-02 1.60e-01 3.38e+00 4.51e-01 1.15e-01 7.47e-02 1.33e-02
1.13e+00 1.21e+00 1.21e-02 1.21e+00 1.24e-02 6.10e-10 6.14e-10 1.11e-01 6.13e-02 3.96e-02 9.47e-03
1.14e+00 1.07e+00 5.26e-02 1.05e+00 5.66e-02 6.47e-06 1.08e+00 3.84e-01 2.28e-01 5.40e-02 9.65e-03
1.14e+00 1.43e+00 5.62e-03 1.43e+00 6.49e-03 0.00e+00 0.00e+00 4.58e-04 2.97e-04 2.97e-04 3.91e-05
1.12e+00 1.17e+00 4.14e-02 1.18e+00 4.24e-02 1.72e-01 5.39e-01 3.62e-01 1.71e-01 1.02e-01 1.52e-02
1.12e+00 1.22e+00 4.34e-03 1.22e+00 4.92e-03 2.21e-64 2.77e-52 1.62e-02 1.62e-02 4.72e-03 4.72e-03
1.14e+00 1.11e+00 2.21e-02 1.11e+00 2.22e-02 5.93e-01 6.18e+00 1.03e+00 4.48e-01 3.28e-01 2.98e-02
1.11e+00 1.08e+00 2.08e-02 1.08e+00 2.13e-02 1.21e-01 1.72e+00 2.72e-01 1.57e-01 9.65e-02 1.38e-02
1.14e+00 1.37e+00 3.30e-02 1.37e+00 3.31e-02 1.53e-08 2.28e-08 2.74e-03 1.36e-03 8.43e-04 8.11e-05
1.13e+00 1.15e+00 8.48e-02 1.20e+00 9.91e-02 5.87e-02 1.07e+00 2.62e-01 1.05e-01 5.76e-02 6.58e-03
1.14e+00 1.11e+00 3.37e-02 1.11e+00 3.40e-02 6.87e-01 9.72e+00 1.02e+00 5.82e-01 3.82e-01 5.87e-02
1.13e+00 1.48e+00 7.00e-02 1.44e+00 8.11e-02 9.44e-26 4.39e-10 1.14e-04 2.52e-05 1.03e-05 1.72e-06
1.12e+00 1.04e+00 1.63e-02 1.04e+00 1.69e-02 8.89e-05 2.70e+00 6.40e-01 3.83e-01 1.86e-01 2.14e-02
1.14e+00 1.06e+00 5.70e-02 1.04e+00 5.94e-02 5.61e-02 5.79e+00 5.52e-01 2.09e-01 8.58e-02 1.49e-02
1.15e+00 1.28e+00 4.89e-03 1.28e+00 5.59e-03 1.94e-144 1.94e-144 6.54e-03 6.54e-03 2.76e-03 2.76e-03
1.14e+00 1.15e+00 1.04e-01 1.22e+00 1.28e-01 1.93e-02 1.08e+00 1.62e-01 7.19e-02 4.16e-02 5.62e-03
1.13e+00 1.21e+00 7.84e-03 1.21e+00 7.84e-03 7.56e-18 7.56e-18 1.62e-01 7.79e-02 7.79e-02 8.12e-03
1.14e+00 1.01e+00 4.33e-02 1.00e+00 4.40e-02 3.39e-02 8.94e+00 9.61e-01 4.74e-01 2.64e-01 1.76e-02
1.14e+00 1.35e+00 5.78e-01 1.63e+00 6.44e-01 1.45e-14 1.79e-05 3.64e-06 1.47e-06 1.05e-06 1.47e-07
1.14e+00 1.05e+00 1.40e-02 1.05e+00 1.42e-02 9.16e-07 1.13e+00 3.99e-01 2.47e-01 1.14e-01 1.00e-02
1.13e+00 1.22e+00 5.24e-03 1.22e+00 5.36e-03 1.34e-32 1.34e-32 1.28e-01 1.28e-01 2.89e-02 1.28e-02
1.12e+00 1.04e+00 3.43e-04 1.04e+00 3.43e-04 5.76e-81 2.87e-01 2.86e-01 2.86e-01 2.86e-01 2.86e-01
1.12e+00 1.24e+00 9.58e-03 1.24e+00 1.06e-02 1.39e-21 3.23e-12 1.19e-01 3.48e-02 3.30e-02 4.20e-03
1.14e+00 1.14e+00 7.32e-02 1.09e+00 9.07e-02 1.91e-02 5.79e-01 6.36e-02 2.38e-02 2.31e-02 2.13e-03
1.11e+00 1.03e+00 1.24e-02 1.04e+00 1.37e-02 2.34e-08 1.35e+00 4.38e-01 1.81e-01 1.81e-01 1.54e-02
1.14e+00 1.05e+00 2.62e-02 1.05e+00 2.63e-02 1.47e-03 4.30e+00 6.04e-01 2.85e-01 1.63e-01 1.90e-02
1.13e+00 1.02e+00 4.81e-02 1.01e+00 4.90e-02 4.22e-02 8.20e+00 7.66e-01 3.13e-01 1.78e-01 1.93e-02
1.15e+00 1.13e+00 1.82e-02 1.13e+00 1.86e-02 6.15e-01 3.06e+00 7.54e-01 3.30e-01 2.86e-01 4.46e-02
1.13e+00 1.11e+00 2.42e-02 1.11e+00 2.44e-02 8.34e-01 5.97e+00 9.51e-01 4.61e-01 2.85e-01 3.99e-02
1.14e+00 1.62e+00 5.83e-03 1.62e+00 6.57e-03 0.00e+00 0.00e+00 7.03e-06 3.60e-06 3.60e-06 5.65e-07
1.13e+00 1.03e+00 1.42e-02 1.03e+00 1.44e-02 4.79e-08 2.30e+00 6.21e-01 2.87e-01 1.92e-01 1.89e-02
1.15e+00 1.13e+00 4.52e-02 1.13e+00 4.53e-02 7.28e-01 6.35e+00 6.33e-01 3.24e-01 1.74e-01 2.77e-02
1.15e+00 1.37e+00 5.20e-03 1.37e+00 5.32e-03 2.37e-157 2.37e-157 1.42e-03 1.42e-03 3.71e-04 1.64e-04
1.13e+00 1.23e+00 1.03e-02 1.23e+00 1.05e-02 6.66e-09 8.72e-07 2.76e-02 2.12e-02 2.12e-02 2.70e-03
1.14e+00 1.12e+00 1.67e-02 1.13e+00 1.77e-02 5.80e-01 2.87e+00 7.74e-01 4.87e-01 2.16e-01 2.08e-02
1.12e+00 1.18e+00 2.01e-02 1.19e+00 2.20e-02 4.65e-03 6.12e-03 3.10e-01 1.44e-01 1.19e-01 1.34e-02
1.13e+00 1.20e+00 1.59e-02 1.20e+00 1.59e-02 1.18e-05 1.26e-05 1.89e-01 1.01e-01 4.03e-02 8.96e-03
1.14e+00 1.10e+00 2.30e-02 1.11e+00 2.38e-02 5.80e-01 7.29e+00 1.09e+00 5.67e-01 3.99e-01 6.44e-02
1.12e+00 1.22e+00 6.62e-03 1.22e+00 7.27e-03 4.92e-28 4.92e-28 1.40e-01 6.19e-02 6.19e-02 1.06e-02
1.13e+00 1.44e+00 4.01e-03 1.44e+00 4.22e-03 0.00e+00 0.00e+00 3.76e-04 3.76e-04 3.76e-04 7.18e-05
1.13e+00 1.23e+00 1.28e-02 1.23e+00 1.31e-02 2.96e-10 3.03e-10 1.56e-01 1.21e-01 6.81e-02 5.74e-03
1.13e+00 1.05e+00 1.57e-02 1.04e+00 1.71e-02 7.27e-06 2.33e+00 5.82e-01 3.20e-01 1.89e-01 2.13e-02
1.14e+00 1.09e+00 2.69e-02 1.07e+00 3.26e-02 3.64e-01 1.27e+01 1.49e+00 8.57e-01 6.57e-01 6.67e-02
1.11e+00 1.00e+00 1.52e-02 1.00e+00 1.52e-02 9.39e-09 3.77e+00 8.24e-01 4.64e-01 3.95e-01 2.96e-02
1.13e+00 1.24e+00 1.02e-02 1.24e+00 1.02e-02 1.18e-09 1.04e-08 1.95e-02 8.23e-03 3.14e-03 2.45e-03
1.13e+00 1.07e+00 2.50e-02 1.07e+00 2.50e-02 5.94e-02 3.92e+00 5.44e-01 2.81e-01 1.63e-01 1.88e-02
1.12e+00 1.70e+00 1.81e-02 1.70e+00 1.82e-02 2.15e-203 3.21e-51 6.51e-07 4.08e-07 2.13e-07 2.94e-08
1.13e+00 1.18e+00 7.76e-03 1.18e+00 7.76e-03 1.01e-07 1.01e-07 1.34e-01 6.06e-02 6.06e-02 5.39e-03
1.12e+00 1.05e+00 3.62e-02 1.05e+00 3.65e-02 1.06e-01 5.00e+00 5.17e-01 2.21e-01 1.48e-01 1.68e-02
1.13e+00 1.03e+00 9.04e-02 9.90e-01 9.87e-02 1.72e-02 9.61e+00 9.59e-01 3.84e-01 2.17e-01 1.86e-02
1.12e+00 1.06e+00 2.94e-02 1.05e+00 3.10e-02 3.35e-01 1.54e+01 1.95e+00 7.74e-01 4.77e-01 5.96e-02
1.12e+00 1.04e+00 5.06e-02 1.05e+00 5.12e-02 4.72e-01 1.83e+01 1.38e+00 5.35e-01 3.16e-01 3.51e-02
1.15e+00 1.17e+00 1.89e-02 1.17e+00 1.91e-02 3.37e-01 7.17e-01 4.09e-01 2.78e-01 1.08e-01 2.34e-02
1.12e+00 1.21e+00 1.03e-01 1.24e+00 1.06e-01 1.54e-02 6.24e-02 3.32e-02 1.63e-02 8.67e-03 8.46e-04
1.15e+00 1.25e+00 2.78e-02 1.25e+00 2.80e-02 5.03e-04 8.04e-04 1.01e-01 4.63e-02 2.32e-02 3.39e-03
1.13e+00 1.19e+00 6.31e-02 1.20e+00 6.49e-02 7.65e-02 3.83e-01 2.42e-01 1.05e-01 5.08e-02 6.16e-03
1.12e+00 1.12e+00 6.56e-02 1.08e+00 7.91e-02 1.68e-03 2.42e-01 6.09e-02 3.12e-02 1.75e-02 2.76e-03
1.11e+00 1.18e+00 3.57e-02 1.18e+00 3.58e-02 8.71e-02 2.18e-01 3.51e-01 1.53e-01 9.16e-02 1.70e-02
1.11e+00 1.02e+00 2.02e-02 1.02e+00 2.03e-02 1.00e-05 5.47e+00 9.48e-01 4.18e-01 2.78e-01 3.75e-02
1.11e+00 1.11e+00 1.38e-02 1.11e+00 1.40e-02 8.06e-01 1.84e+00 6.83e-01 3.29e-01 2.24e-01 3.37e-02
1.11e+00 1.21e+00 1.03e-02 1.22e+00 1.19e-02 6.51e-16 6.53e-16 1.66e-01 6.49e-02 4.66e-02 7.49e-03
1.12e+00 1.08e+00 3.48e-02 1.06e+00 3.87e-02 1.74e-01 4.27e+00 5.39e-01 1.89e-01 1.19e-01 1.16e-02
1.12e+00 1.44e+00 5.43e-03 1.45e+00 7.45e-03 1.16e-202 1.62e-125 3.08e-04 2.97e-04 2.97e-04 2.97e-04
1.14e+00 1.66e+00 2.59e-02 1.65e+00 2.66e-02 2.88e-79 7.02e-28 2.08e-06 1.02e-06 5.54e-07 1.11e-07
1.11e+00 9.23e-01 3.04e-02 9.20e-01 3.06e-02 1.93e-02 2.83e+00 1.02e+00 6.47e-01 2.05e-01 5.65e-02
1.14e+00 1.12e+00 1.68e-02 1.12e+00 1.71e-02 3.98e-01 2.92e+00 6.99e-01 2.86e-01 2.08e-01 2.60e-02
1.15e+00 1.28e+00 4.77e-03 1.28e+00 5.72e-03 2.33e-150 2.33e-150 6.54e-03 6.54e-03 3.12e-03 3.12e-03
1.14e+00 1.05e+00 1.18e-02 1.05e+00 1.21e-02 4.82e-09 1.45e+00 5.07e-01 2.40e-01 1.27e-01 2.04e-02
1.11e+00 1.24e+00 1.37e-03 1.24e+00 1.39e-03 1.64e-183 1.64e-183 2.02e-02 2.02e-02 2.02e-02 2.02e-02
1.13e+00 1.68e+00 4.17e-02 1.68e+00 4.18e-02 5.93e-35 2.40e-10 1.47e-06 6.54e-07 3.45e-07 6.36e-08
1.13e+00 1.11e+00 1.55e-02 1.12e+00 1.66e-02 5.63e-01 3.18e+00 8.49e-01 5.46e-01 2.48e-01 2.99e-02
1.14e+00 1.07e+00 1.95e-02 1.06e+00 2.08e-02 1.29e-03 2.95e+00 5.17e-01 2.59e-01 1.52e-01 2.30e-02
1.12e+00 1.23e+00 1.31e-02 1.23e+00 1.34e-02 5.63e-11 6.04e-11 1.76e-01 7.72e-02 7.72e-02 7.10e-03
1.13e+00 1.07e+00 5.16e-02 1.05e+00 5.54e-02 3.19e-02 4.40e+00 6.31e-01 2.38e-01 1.02e-01 1.51e-02
1.12e+00 1.08e+00 5.52e-02 1.05e+00 6.45e-02 1.47e-02 1.98e+00 3.87e-01 1.45e-01 7.23e-02 1.06e-02
1.14e+00 1.14e+00 4.92e-02 1.14e+00 4.92e-02 5.94e-01 4.37e+00 4.74e-01 2.01e-01 1.47e-01 2.40e-02
1.15e+00 1.10e+00 1.73e-02 1.10e+00 1.77e-02 2.95e-03 7.10e-01 1.58e-01 6.06e-02 5.08e-02 5.74e-03
