2.02e+00 1.92e-02 9.44e-03 2.00e-02 9.47e-03 9.16e-36 3.00e-03 1.16e-03 1.16e-03 1.16e-03 4.97e-04
2.05e+00 3.20e-02 4.13e-02 2.00e-02 4.30e-02 8.81e-27 2.83e-07 6.82e-08 4.18e-08 4.18e-08 1.58e-08
2.06e+00 4.86e-02 2.19e-02 4.00e-02 2.35e-02 2.22e-30 2.36e+01 3.26e+00 1.98e+00 1.16e+00 1.16e+00
2.04e+00 2.52e-02 1.34e-02 2.00e-02 1.44e-02 1.27e-28 2.78e-05 9.34e-06 6.53e-06 6.53e-06 1.46e-06
2.06e+00 3.45e-02 1.70e-02 3.00e-02 1.76e-02 3.30e-26 4.38e-03 9.90e-04 4.85e-04 4.85e-04 3.40e-04
2.07e+00 1.79e-02 8.98e-03 1.00e-02 1.20e-02 1.73e-54 9.71e+00 4.37e+00 4.37e+00 3.58e+00 1.34e+00
2.05e+00 1.03e-02 1.85e-03 1.00e-02 1.88e-03 2.21e-118 4.47e+00 4.32e+00 4.32e+00 4.32e+00 4.32e+00
2.03e+00 2.28e-02 1.19e-02 2.00e-02 1.22e-02 1.19e-29 6.66e-03 2.39e-03 1.92e-03 1.92e-03 6.00e-04
2.01e+00 1.01e-02 7.41e-04 1.00e-02 7.43e-04 3.26e-133 4.33e+00 4.30e+00 4.30e+00 4.30e+00 4.30e+00
2.06e+00 6.04e-02 2.36e-02 7.00e-02 2.55e-02 6.91e-28 2.09e+01 2.67e+00 1.21e+00 1.02e+00 4.56e-01
2.07e+00 5.35e-02 2.20e-02 6.00e-02 2.29e-02 1.82e-32 2.14e+01 2.97e+00 1.73e+00 1.19e+00 6.69e-01
2.09e+00 1.61e-02 7.74e-03 1.00e-02 9.85e-03 1.16e-62 8.08e+00 4.36e+00 4.36e+00 2.76e+00 7.89e-01
2.07e+00 5.68e-02 2.27e-02 6.00e-02 2.30e-02 2.56e-29 2.14e+01 2.75e+00 1.59e+00 1.44e+00 5.34e-01
2.05e+00 3.33e-02 1.65e-02 3.00e-02 1.68e-02 2.33e-29 8.31e-04 1.99e-04 9.83e-05 9.83e-05 5.82e-05
2.05e+00 4.74e-02 2.05e-02 4.00e-02 2.18e-02 1.50e-31 6.51e-01 9.48e-02 7.35e-02 4.74e-02 2.93e-02
2.06e+00 1.81e-02 8.91e-03 1.00e-02 1.21e-02 3.66e-42 6.58e-01 2.85e-01 2.85e-01 2.50e-01 9.44e-02
2.08e+00 6.50e-02 2.20e-02 7.00e-02 2.26e-02 6.01e-28 1.75e+01 2.56e+00 1.09e+00 9.52e-01 2.15e-01
2.02e+00 2.67e-02 1.42e-02 2.00e-02 1.57e-02 1.43e-29 1.28e-01 4.02e-02 2.73e-02 2.73e-02 8.08e-03
2.09e+00 1.04e-02 1.91e-03 1.00e-02 1.94e-03 1.61e-152 4.46e+00 4.30e+00 4.30e+00 4.30e+00 4.30e+00
2.05e+00 3.94e-02 3.06e-02 3.00e-02 3.20e-02 5.48e-25 3.63e-06 6.54e-07 2.94e-07 2.94e-07 2.60e-07
2.08e+00 4.52e-02 1.99e-02 4.00e-02 2.06e-02 7.56e-29 1.27e+00 2.01e-01 1.41e-01 7.39e-02 6.51e-02
2.06e+00 7.97e-02 1.99e-02 9.00e-02 2.24e-02 7.90e-21 5.10e+00 1.05e+00 4.84e-01 2.94e-01 3.81e-02
2.09e+00 1.04e-01 3.25e-01 2.00e-02 3.36e-01 8.20e-36 7.20e-08 1.73e-08 8.19e-09 8.19e-09 3.48e-10
2.06e+00 7.15e-02 2.48e-02 8.00e-02 2.62e-02 1.02e-21 5.85e-01 7.84e-02 2.94e-02 2.90e-02 4.67e-03
2.06e+00 4.97e-02 2.32e-02 4.00e-02 2.51e-02 3.22e-28 9.29e-02 1.20e-02 7.76e-03 4.52e-03 4.52e-03
2.07e+00 1.76e-02 9.21e-03 1.00e-02 1.19e-02 9.08e-53 8.98e+00 4.34e+00 4.34e+00 3.07e+00 1.13e+00
2.04e+00 2.83e-02 1.90e-02 2.00e-02 2.08e-02 1.76e-25 1.02e-06 2.46e-07 1.90e-07 1.90e-07 7.64e-08
2.06e+00 7.04e-02 2.14e-02 8.00e-02 2.35e-02 3.10e-25 1.90e-02 2.87e-03 1.46e-03 1.23e-03 1.14e-04
2.03e+00 4.04e-02 1.90e-02 3.00e-02 2.17e-02 1.64e-26 1.66e+00 2.76e-01 1.34e-01 1.22e-01 1.22e-01
2.08e+00 2.89e-02 1.59e-02 2.00e-02 1.82e-02 4.86e-45 1.47e+01 3.35e+00 2.88e+00 2.88e+00 6.14e-01
2.08e+00 1.71e-02 8.41e-03 1.00e-02 1.10e-02 1.26e-58 8.98e+00 4.36e+00 4.36e+00 3.24e+00 1.07e+00
2.06e+00 6.19e-02 2.34e-02 7.00e-02 2.47e-02 2.50e-23 1.29e-01 1.82e-02 1.06e-02 6.11e-03 2.07e-03
2.01e+00 2.08e-02 1.06e-02 2.00e-02 1.06e-02 3.42e-32 3.64e-02 1.36e-02 1.24e-02 1.24e-02 2.47e-03
2.05e+00 4.40e-02 1.99e-02 3.00e-02 2.44e-02 3.61e-25 1.17e-04 1.82e-05 1.22e-05 6.46e-06 6.46e-06
2.04e+00 2.00e-02 1.01e-02 2.00e-02 1.01e-02 1.41e-32 1.10e-04 4.22e-05 3.97e-05 3.97e-05 6.36e-06
2.03e+00 1.10e-02 3.11e-03 1.00e-02 3.27e-03 2.17e-63 4.82e+00 4.34e+00 4.34e+00 4.34e+00 4.58e-01
2.05e+00 8.70e-02 2.58e-02 1.00e-01 2.89e-02 9.09e-22 3.26e-02 4.40e-03 2.24e-03 1.11e-03 1.38e-04
2.02e+00 5.72e-02 2.22e-02 7.00e-02 2.56e-02 2.65e-23 3.72e-03 4.73e-04 2.56e-04 2.29e-04 8.13e-05
2.09e+00 1.03e-02 1.60e-03 1.00e-02 1.62e-03 2.36e-160 4.42e+00 4.31e+00 4.31e+00 4.31e+00 4.31e+00
2.08e+00 5.42e-02 2.14e-02 6.00e-02 2.21e-02 1.01e-28 5.06e+00 7.07e-01 3.66e-01 2.60e-01 1.30e-01
2.09e+00 2.54e-02 1.36e-02 2.00e-02 1.46e-02 8.67e-41 1.30e+01 4.26e+00 3.15e+00 2.96e+00 7.07e-01
2.06e+00 1.39e-02 6.10e-03 1.00e-02 7.24e-03 1.12e-68 6.49e+00 4.35e+00 4.35e+00 4.35e+00 1.82e+00
2.08e+00 1.54e+00 2.19e-01 1.56e+00 2.20e-01 1.32e-35 5.33e-09 4.72e-10 2.06e-10 1.05e-10 1.49e-11
2.08e+00 1.56e-02 7.33e-03 1.00e-02 9.22e-03 4.84e-72 7.74e+00 4.35e+00 4.35e+00 2.60e+00 6.78e-01
2.07e+00 5.73e-02 2.05e-02 7.00e-02 2.41e-02 3.74e-25 1.50e+00 2.26e-01 1.39e-01 8.54e-02 2.48e-02
2.06e+00 1.24e-02 4.80e-03 1.00e-02 5.35e-03 5.55e-95 5.50e+00 4.33e+00 4.33e+00 4.33e+00 1.07e+00
2.03e+00 6.81e-02 2.49e-02 9.00e-02 3.32e-02 1.26e-20 2.05e+01 2.74e+00 1.33e+00 8.45e-01 3.13e-01
2.04e+00 7.70e-02 2.45e-02 8.00e-02 2.46e-02 4.06e-21 1.84e+01 2.54e+00 1.36e+00 6.42e-01 1.05e-01
2.05e+00 1.63e+00 3.97e-01 1.72e+00 4.08e-01 5.51e-50 2.57e-11 4.11e-12 2.12e-12 1.31e-12 1.57e-13
2.12e+00 1.00e-02 6.11e-04 1.00e-02 6.12e-04 8.61e-218 4.31e+00 4.29e+00 4.29e+00 4.29e+00 4.29e+00
2.11e+00 2.23e-02 4.21e-02 2.00e-02 4.22e-02 2.07e-40 4.17e-07 1.56e-07 1.35e-07 1.35e-07 3.05e-08
2.15e+00 5.45e-02 2.31e-02 5.00e-02 2.35e-02 1.60e-32 2.38e+01 3.20e+00 1.92e+00 1.54e+00 7.26e-01
2.13e+00 1.72e-02 8.63e-03 1.00e-02 1.12e-02 6.05e-67 8.83e+00 4.33e+00 4.33e+00 3.11e+00 1.07e+00
2.15e+00 6.79e-02 2.34e-02 7.00e-02 2.35e-02 1.99e-25 7.56e-01 1.06e-01 5.44e-02 2.47e-02 6.96e-03
2.17e+00 5.15e-02 2.15e-02 5.00e-02 2.16e-02 5.11e-34 1.10e-01 1.55e-02 9.85e-03 4.63e-03 3.79e-03
2.11e+00 1.15e-02 3.82e-03 1.00e-02 4.11e-03 4.81e-104 5.06e+00 4.34e+00 4.34e+00 4.34e+00 6.97e-01
2.16e+00 3.75e-02 1.81e-02 3.00e-02 1.96e-02 1.61e-37 1.44e+00 2.78e-01 1.31e-01 1.31e-01 9.06e-02
2.11e+00 1.60e-02 7.63e-03 1.00e-02 9.73e-03 2.42e-44 2.51e-04 1.35e-04 1.35e-04 8.72e-05 2.43e-05
2.14e+00 3.88e-02 1.41e-01 2.00e-02 1.42e-01 2.70e-34 1.12e-08 3.52e-09 2.23e-09 2.23e-09 7.08e-10
2.16e+00 1.00e-02 1.10e-06 1.00e-02 1.10e-06 0.00e+00 4.14e+00 4.14e+00 4.14e+00 4.14e+00 4.14e+00
2.15e+00 1.00e-02 3.75e-10 1.00e-02 3.75e-10 0.00e+00 4.09e+00 4.09e+00 4.09e+00 4.09e+00 4.09e+00
2.10e+00 6.84e-02 2.53e-02 8.00e-02 2.78e-02 8.16e-26 1.39e+00 1.72e-01 8.80e-02 6.24e-02 1.64e-02
2.12e+00 3.42e-02 1.95e-02 3.00e-02 2.00e-02 4.69e-33 9.59e-06 2.21e-06 1.13e-06 1.13e-06 7.26e-07
2.12e+00 6.49e-02 2.38e-02 7.00e-02 2.43e-02 1.35e-30 2.07e+01 2.48e+00 1.42e+00 8.47e-01 2.88e-01
2.12e+00 3.22e-02 1.68e-02 2.00e-02 2.07e-02 9.38e-39 5.21e-04 1.24e-04 7.08e-05 7.08e-05 3.24e-05
2.11e+00 3.55e-02 1.77e-02 3.00e-02 1.86e-02 9.69e-36 1.82e+01 3.93e+00 1.98e+00 1.98e+00 1.50e+00
2.09e+00 6.06e-02 2.55e-02 6.00e-02 2.55e-02 9.20e-24 4.44e-03 5.30e-04 2.75e-04 2.42e-04 9.99e-05
2.12e+00 1.27e-02 5.04e-03 1.00e-02 5.72e-03 6.51e-68 5.78e+00 4.36e+00 4.36e+00 4.36e+00 1.29e+00
2.13e+00 5.06e-02 2.43e-02 4.00e-02 2.65e-02 8.50e-36 2.52e+01 3.06e+00 1.57e+00 1.27e+00 1.27e+00
2.12e+00 4.34e-02 1.96e-02 3.00e-02 2.38e-02 1.24e-29 8.74e-04 1.35e-04 8.83e-05 5.09e-05 5.09e-05
2.09e+00 2.95e-02 1.53e-02 2.00e-02 1.80e-02 9.23e-36 1.87e-04 4.59e-05 3.06e-05 3.06e-05 8.60e-06
2.12e+00 1.19e-02 4.17e-03 1.00e-02 4.56e-03 1.29e-78 5.27e+00 4.35e+00 4.35e+00 4.35e+00 8.75e-01
2.13e+00 4.31e-02 2.53e-02 3.00e-02 2.85e-02 7.00e-31 1.85e-05 2.78e-06 1.76e-06 1.17e-06 1.17e-06
2.12e+00 3.96e-02 1.85e-02 3.00e-02 2.09e-02 1.07e-30 1.53e-04 2.62e-05 1.18e-05 1.11e-05 1.11e-05
2.14e+00 2.25e-02 4.30e-02 2.00e-02 4.31e-02 5.28e-39 1.63e-07 6.01e-08 5.26e-08 5.26e-08 1.24e-08
2.11e+00 2.22e-02 1.22e-02 2.00e-02 1.24e-02 2.67e-55 1.21e+01 4.17e+00 3.98e+00 3.98e+00 1.03e+00
2.12e+00 6.03e-02 2.18e-02 7.00e-02 2.39e-02 3.55e-25 1.61e+01 2.33e+00 1.32e+00 7.45e-01 2.39e-01
2.11e+00 1.06e-02 2.34e-03 1.00e-02 2.41e-03 1.04e-151 4.57e+00 4.32e+00 4.32e+00 4.32e+00 2.60e-01
2.12e+00 1.92e-02 9.58e-03 1.00e-02 1.33e-02 1.83e-41 2.02e-02 7.89e-03 7.73e-03 7.73e-03 3.33e-03
2.14e+00 4.21e-02 1.94e-02 3.00e-02 2.29e-02 3.90e-29 4.20e-02 6.36e-03 3.74e-03 2.66e-03 2.66e-03
2.10e+00 1.00e-02 2.82e-05 1.00e-02 2.82e-05 0.00e+00 4.23e+00 4.23e+00 4.23e+00 4.23e+00 4.23e+00
2.13e+00 1.58e-02 7.98e-03 1.00e-02 9.87e-03 2.19e-46 1.26e-05 6.90e-06 6.90e-06 4.37e-06 1.14e-06
2.14e+00 1.00e-02 2.63e-04 1.00e-02 2.63e-04 3.47e-265 4.28e+00 4.28e+00 4.28e+00 4.28e+00 4.28e+00
2.10e+00 1.70e-02 8.24e-03 1.00e-02 1.08e-02 2.07e-45 3.01e-04 1.46e-04 1.46e-04 1.10e-04 3.53e-05
2.13e+00 6.52e-02 2.32e-02 7.00e-02 2.37e-02 1.03e-26 2.03e+01 2.95e+00 1.36e+00 1.27e+00 2.34e-01
2.14e+00 2.73e-02 2.24e-02 2.00e-02 2.36e-02 6.79e-36 9.18e-07 2.87e-07 1.87e-07 1.87e-07 6.05e-08
2.10e+00 9.20e-02 2.68e-02 1.00e-01 2.80e-02 2.95e-21 1.83e+01 2.62e+00 1.15e+00 7.88e-01 9.09e-02
2.13e+00 4.35e-02 1.95e-02 3.00e-02 2.37e-02 1.65e-29 4.04e-03 6.30e-04 4.05e-04 2.28e-04 2.28e-04
2.15e+00 1.75e-02 8.58e-03 1.00e-02 1.14e-02 4.57e-52 1.37e-04 6.32e-05 6.32e-05 5.15e-05 1.78e-05
2.12e+00 1.01e-02 8.84e-04 1.00e-02 8.87e-04 1.85e-155 4.35e+00 4.31e+00 4.31e+00 4.31e+00 4.31e+00
2.12e+00 1.19e+00 7.66e-01 1.00e-02 1.40e+00 3.31e-42 1.17e-10 1.42e-11 6.49e-12 3.92e-12 4.28e-13
2.12e+00 1.65e-02 8.31e-03 1.00e-02 1.06e-02 6.37e-43 1.15e-05 5.88e-06 5.88e-06 4.11e-06 1.24e-06
2.16e+00 2.13e-02 1.12e-02 2.00e-02 1.13e-02 1.82e-64 1.17e+01 4.21e+00 3.96e+00 3.96e+00 8.68e-01
2.12e+00 2.90e-02 2.54e-02 2.00e-02 2.70e-02 1.96e-37 7.06e-06 1.72e-06 1.25e-06 1.25e-06 5.52e-07
2.14e+00 1.00e-02 3.89e-04 1.00e-02 3.89e-04 1.31e-187 4.31e+00 4.30e+00 4.30e+00 4.30e+00 4.30e+00
2.17e+00 1.00e-02 4.01e-05 1.00e-02 4.01e-05 0.00e+00 4.26e+00 4.26e+00 4.26e+00 4.26e+00 4.26e+00
2.14e+00 6.15e-02 2.49e-01 2.00e-02 2.53e-01 8.91e-42 1.01e-08 3.57e-09 2.86e-09 2.86e-09 3.23e-10
2.16e+00 1.00e-02 2.32e-05 1.00e-02 2.32e-05 0.00e+00 4.25e+00 4.25e+00 4.25e+00 4.25e+00 4.25e+00
2.10e+00 3.09e-02 1.64e-02 2.00e-02 1.97e-02 5.53e-49 1.58e+01 3.64e+00 2.61e+00 2.61e+00 8.83e-01
2.15e+00 1.00e-02 1.23e-08 1.00e-02 1.23e-08 0.00e+00 4.13e+00 4.13e+00 4.13e+00 4.13e+00 4.13e+00
2.12e+00 1.37e-02 5.87e-03 1.00e-02 6.93e-03 2.61e-59 6.40e+00 4.36e+00 4.36e+00 4.36e+00 1.75e+00
2.10e+00 1.48e-02 6.73e-03 1.00e-02 8.27e-03 3.06e-52 7.18e+00 4.37e+00 4.37e+00 2.26e+00 4.83e-01
2.15e+00 4.60e-02 2.06e-02 4.00e-02 2.14e-02 4.68e-38 2.32e+01 3.20e+00 2.64e+00 1.53e+00 1.20e+00
2.11e+00 5.33e-02 2.35e-02 5.00e-02 2.38e-02 1.47e-28 4.57e-03 5.88e-04 4.07e-04 2.68e-04 1.55e-04
2.13e+00 3.00e-02 1.59e-02 2.00e-02 1.88e-02 6.98e-54 1.53e+01 3.55e+00 2.62e+00 2.62e+00 7.77e-01
2.16e+00 3.94e-02 2.06e-02 3.00e-02 2.27e-02 6.03e-32 1.05e-05 1.86e-06 8.42e-07 8.42e-07 7.77e-07
2.12e+00 5.44e-02 2.17e-02 6.00e-02 2.24e-02 2.16e-26 2.89e-03 4.02e-04 2.10e-04 1.53e-04 7.54e-05
2.12e+00 6.34e-02 2.21e-02 7.00e-02 2.31e-02 3.65e-24 1.32e-01 2.08e-02 9.17e-03 5.95e-03 1.43e-03
2.14e+00 3.32e-02 1.74e-02 2.00e-02 2.19e-02 3.54e-45 1.76e+01 4.01e+00 2.41e+00 2.41e+00 1.22e+00
2.10e+00 3.73e-02 1.97e-02 3.00e-02 2.10e-02 2.02e-27 1.58e-05 3.14e-06 1.46e-06 1.46e-06 9.59e-07
2.14e+00 1.00e-02 6.47e-04 1.00e-02 6.49e-04 2.30e-172 4.33e+00 4.31e+00 4.31e+00 4.31e+00 4.31e+00
2.12e+00 4.57e-02 2.07e-02 4.00e-02 2.15e-02 2.94e-28 7.18e-05 9.85e-06 8.02e-06 4.50e-06 3.71e-06
2.14e+00 1.05e-02 2.11e-03 1.00e-02 2.15e-03 5.05e-154 4.50e+00 4.30e+00 4.30e+00 4.30e+00 4.30e+00
2.12e+00 1.00e-02 2.18e-06 1.00e-02 2.18e-06 0.00e+00 4.23e+00 4.23e+00 4.23e+00 4.23e+00 4.23e+00
2.11e+00 1.29e+00 1.77e-01 1.09e+00 2.66e-01 2.79e-31 3.09e-07 1.11e-08 4.90e-09 2.69e-09 4.74e-10
2.14e+00 1.52e-02 6.97e-03 1.00e-02 8.71e-03 6.77e-53 9.23e-03 5.35e-03 5.35e-03 3.07e-03 6.99e-04
2.12e+00 2.88e-02 1.49e-02 2.00e-02 1.73e-02 2.45e-34 2.86e-05 7.18e-06 4.80e-06 4.80e-06 2.25e-06
2.10e+00 6.53e-02 2.20e-02 7.00e-02 2.25e-02 5.70e-24 1.88e-01 2.91e-02 1.15e-02 9.82e-03 1.72e-03
2.16e+00 5.27e-02 2.22e-02 5.00e-02 2.24e-02 2.63e-30 2.72e+00 3.75e-01 2.33e-01 1.42e-01 8.85e-02
2.22e+00 5.03e-02 2.12e-02 5.00e-02 2.12e-02 3.36e-33 5.05e-01 7.04e-02 4.41e-02 4.41e-02 1.79e-02
2.17e+00 2.22e-02 1.13e-02 2.00e-02 1.16e-02 5.44e-51 6.50e-04 2.41e-04 1.91e-04 1.91e-04 5.33e-05
2.21e+00 1.03e-02 1.73e-03 1.00e-02 1.75e-03 1.47e-121 4.47e+00 4.34e+00 4.34e+00 4.34e+00 4.34e+00
2.17e+00 1.05e-01 1.63e-02 1.10e-01 1.71e-02 2.91e-29 1.25e+01 4.05e+00 2.24e+00 1.32e+00 1.02e-01
2.19e+00 2.69e-02 1.42e-02 2.00e-02 1.58e-02 6.05e-40 9.60e-05 3.02e-05 1.99e-05 1.99e-05 6.23e-06
2.22e+00 1.12e-02 3.36e-03 1.00e-02 3.56e-03 4.42e-94 4.90e+00 4.35e+00 4.35e+00 4.35e+00 5.47e-01
2.17e+00 1.19e-02 4.29e-03 1.00e-02 4.69e-03 1.32e-117 5.27e+00 4.33e+00 4.33e+00 4.33e+00 8.70e-01
2.27e+00 2.08e-02 1.08e-02 2.00e-02 1.08e-02 1.09e-61 1.75e+00 6.42e-01 6.07e-01 6.07e-01 1.19e-01
2.23e+00 1.05e-01 3.92e-01 1.00e-02 4.03e-01 2.04e-162 3.54e-10 3.34e-10 3.34e-10 3.34e-10 3.35e-12
2.23e+00 3.25e-02 1.66e-02 2.00e-02 2.07e-02 2.24e-67 1.67e+01 3.87e+00 2.33e+00 2.33e+00 1.11e+00
2.25e+00 1.08e-02 2.81e-03 1.00e-02 2.92e-03 2.39e-132 4.71e+00 4.34e+00 4.34e+00 4.34e+00 3.71e-01
2.20e+00 1.04e-02 1.90e-03 1.00e-02 1.94e-03 1.52e-155 4.49e+00 4.33e+00 4.33e+00 4.33e+00 4.33e+00
2.20e+00 1.00e-02 3.76e-04 1.00e-02 3.76e-04 1.20e-303 4.28e+00 4.28e+00 4.28e+00 4.28e+00 4.28e+00
2.24e+00 1.03e-02 1.78e-03 1.00e-02 1.81e-03 2.85e-144 4.48e+00 4.33e+00 4.33e+00 4.33e+00 4.33e+00
2.20e+00 2.07e-02 1.06e-02 2.00e-02 1.07e-02 2.26e-51 1.15e+01 4.27e+00 3.99e+00 3.99e+00 7.72e-01
2.18e+00 3.20e-02 1.73e-02 2.00e-02 2.10e-02 3.79e-35 1.55e-05 3.69e-06 2.18e-06 2.18e-06 9.33e-07
2.19e+00 1.20e-02 4.44e-03 1.00e-02 4.88e-03 2.18e-113 5.32e+00 4.33e+00 4.33e+00 4.33e+00 9.35e-01
2.21e+00 4.67e-02 2.13e-02 4.00e-02 2.23e-02 8.40e-42 2.37e+01 3.18e+00 1.69e+00 1.22e+00 1.22e+00
2.19e+00 2.27e-02 1.17e-02 2.00e-02 1.20e-02 2.60e-48 1.47e-01 5.32e-02 4.22e-02 4.22e-02 1.31e-02
2.19e+00 2.72e-02 1.44e-02 2.00e-02 1.61e-02 1.17e-36 6.58e-05 2.05e-05 1.34e-05 1.34e-05 4.42e-06
2.19e+00 2.37e-02 1.26e-02 2.00e-02 1.32e-02 3.14e-47 1.24e+01 4.27e+00 3.39e+00 3.39e+00 5.37e-01
2.16e+00 7.04e-02 2.53e-02 8.00e-02 2.71e-02 3.14e-26 1.23e-01 1.58e-02 6.86e-03 6.02e-03 1.22e-03
2.22e+00 4.29e-02 1.93e-02 3.00e-02 2.32e-02 5.38e-39 1.37e-04 2.18e-05 1.40e-05 7.59e-06 7.59e-06
2.18e+00 1.00e-02 4.97e-04 1.00e-02 4.97e-04 7.54e-243 4.28e+00 4.27e+00 4.27e+00 4.27e+00 4.27e+00
2.17e+00 3.19e-02 1.66e-02 2.00e-02 2.05e-02 1.60e-32 3.00e-05 7.17e-06 4.24e-06 4.24e-06 1.77e-06
2.19e+00 1.10e-02 4.95e-03 1.00e-02 5.05e-03 2.68e-84 5.55e-06 5.02e-06 5.02e-06 5.02e-06 5.30e-07
2.17e+00 2.55e-02 1.43e-02 2.00e-02 1.53e-02 4.06e-39 5.21e-06 1.74e-06 1.18e-06 1.18e-06 2.81e-07
2.25e+00 1.00e-02 6.00e-04 1.00e-02 6.01e-04 2.77e-239 4.32e+00 4.31e+00 4.31e+00 4.31e+00 4.31e+00
2.21e+00 1.37e-02 5.90e-03 1.00e-02 6.96e-03 1.06e-75 6.39e+00 4.36e+00 4.36e+00 4.36e+00 1.73e+00
2.18e+00 2.45e-02 1.97e-02 2.00e-02 2.02e-02 1.44e-37 5.38e-07 1.86e-07 1.34e-07 1.24e-07 2.43e-08
2.19e+00 2.78e-02 1.46e-02 2.00e-02 1.66e-02 2.33e-37 2.53e-05 6.18e-06 4.82e-06 4.82e-06 1.79e-06
2.18e+00 2.70e-02 1.45e-02 2.00e-02 1.61e-02 3.79e-41 4.49e-02 1.04e-02 9.61e-03 9.61e-03 2.94e-03
2.20e+00 1.20e-02 4.40e-03 1.00e-02 4.84e-03 8.08e-85 5.36e+00 4.36e+00 4.36e+00 4.36e+00 9.41e-01
2.20e+00 4.97e-02 1.98e-02 5.00e-02 1.98e-02 3.56e-33 3.72e-03 5.53e-04 3.37e-04 3.00e-04 1.20e-04
2.19e+00 5.24e-02 2.08e-02 6.00e-02 2.21e-02 3.02e-30 1.15e-02 1.77e-03 1.16e-03 9.13e-04 3.20e-04
2.17e+00 5.84e-02 2.28e-02 7.00e-02 2.56e-02 4.63e-28 4.81e-03 6.17e-04 3.62e-04 2.82e-04 9.52e-05
2.21e+00 5.83e-02 2.12e-02 7.00e-02 2.42e-02 6.00e-38 1.81e+01 2.55e+00 1.32e+00 9.51e-01 3.17e-01
2.18e+00 1.18e-02 4.11e-03 1.00e-02 4.47e-03 6.96e-120 5.18e+00 4.33e+00 4.33e+00 4.33e+00 8.05e-01
2.23e+00 1.01e-01 2.13e-02 1.10e-01 2.32e-02 2.31e-26 1.46e+01 3.13e+00 1.24e+00 6.98e-01 6.35e-02
2.26e+00 6.49e-02 2.63e-02 7.00e-02 2.68e-02 1.79e-33 3.14e-01 3.43e-02 2.43e-02 1.28e-02 5.65e-03
2.25e+00 1.00e-02 4.83e-04 1.00e-02 4.84e-04 8.07e-281 4.30e+00 4.29e+00 4.29e+00 4.29e+00 4.29e+00
2.21e+00 1.09e-02 2.94e-03 1.00e-02 3.08e-03 7.26e-93 4.76e+00 4.35e+00 4.35e+00 4.35e+00 4.16e-01
2.25e+00 1.03e-01 2.11e-02 1.10e-01 2.21e-02 3.51e-30 1.47e+01 3.04e+00 1.06e+00 9.12e-01 7.16e-02
2.18e+00 2.29e-02 1.19e-02 2.00e-02 1.22e-02 4.96e-51 4.46e-02 1.60e-02 1.27e-02 1.27e-02 4.03e-03
2.23e+00 1.00e-02 5.30e-04 1.00e-02 5.31e-04 9.46e-195 4.33e+00 4.31e+00 4.31e+00 4.31e+00 4.31e+00
2.25e+00 1.00e-02 1.66e-04 1.00e-02 1.66e-04 3.78e-235 4.31e+00 4.30e+00 4.30e+00 4.30e+00 4.30e+00
2.22e+00 3.37e-02 2.07e-02 2.00e-02 2.48e-02 2.57e-48 1.70e+01 3.60e+00 2.83e+00 2.48e+00 5.50e-01
2.20e+00 1.79e-02 8.22e-02 1.00e-02 8.26e-02 3.17e-64 1.69e-08 1.12e-08 1.12e-08 1.12e-08 4.82e-09
2.23e+00 3.39e-02 1.76e-02 2.00e-02 2.25e-02 9.33e-44 1.30e-04 2.96e-05 1.65e-05 1.65e-05 9.47e-06
2.24e+00 5.14e-02 2.10e-02 5.00e-02 2.10e-02 5.80e-30 3.24e-03 4.64e-04 2.78e-04 2.78e-04 9.86e-05
2.22e+00 9.17e-02 3.65e-01 1.00e-02 3.74e-01 4.99e-132 4.64e-10 4.36e-10 4.36e-10 4.36e-10 4.38e-12
2.23e+00 1.21e-02 2.01e-02 1.00e-02 2.02e-02 6.47e-81 1.57e-07 1.29e-07 1.29e-07 1.29e-07 2.60e-08
2.22e+00 1.14e-02 3.63e-03 1.00e-02 3.87e-03 1.11e-145 4.96e+00 4.32e+00 4.32e+00 4.32e+00 6.08e-01
2.18e+00 3.92e-02 1.88e-02 3.00e-02 2.09e-02 3.60e-30 2.90e-04 5.18e-05 2.32e-05 2.32e-05 2.04e-05
2.21e+00 4.39e-02 1.88e-02 4.00e-02 1.92e-02 9.26e-37 2.00e-01 3.26e-02 2.17e-02 1.01e-02 1.01e-02
2.22e+00 4.09e-02 2.02e-02 3.00e-02 2.30e-02 4.86e-35 7.37e-04 1.25e-04 5.80e-05 5.80e-05 5.73e-05
2.22e+00 3.08e-02 1.61e-02 2.00e-02 1.94e-02 6.88e-41 7.80e-03 1.86e-03 1.22e-03 1.22e-03 4.11e-04
2.28e+00 3.78e-02 1.85e-02 3.00e-02 2.01e-02 5.97e-48 7.18e-01 1.38e-01 6.65e-02 6.65e-02 4.66e-02
2.29e+00 1.58e-02 7.44e-03 1.00e-02 9.43e-03 8.68e-81 7.95e+00 4.37e+00 4.37e+00 2.72e+00 7.25e-01
2.29e+00 5.32e-02 2.12e-02 6.00e-02 2.22e-02 1.46e-35 2.02e-02 2.91e-03 1.55e-03 9.11e-04 5.53e-04
2.33e+00 1.04e-02 1.97e-03 1.00e-02 2.00e-03 1.71e-191 4.51e+00 4.33e+00 4.33e+00 4.33e+00 4.33e+00
2.35e+00 1.68e-02 8.15e-03 1.00e-02 1.06e-02 3.77e-85 8.71e+00 4.37e+00 4.37e+00 3.12e+00 9.89e-01
2.28e+00 1.34e-02 5.65e-03 1.00e-02 6.59e-03 6.91e-95 6.19e+00 4.36e+00 4.36e+00 4.36e+00 1.60e+00
2.29e+00 1.06e-02 2.42e-03 1.00e-02 2.49e-03 2.28e-185 4.58e+00 4.31e+00 4.31e+00 4.31e+00 2.82e-01
2.29e+00 4.38e-02 2.00e-02 3.00e-02 2.43e-02 4.70e-41 2.23e+01 3.42e+00 2.14e+00 1.29e+00 1.29e+00
2.29e+00 1.00e-02 1.07e-04 1.00e-02 1.07e-04 0.00e+00 4.25e+00 4.25e+00 4.25e+00 4.25e+00 4.25e+00
2.30e+00 9.39e-02 3.79e-02 5.00e-02 5.80e-02 7.49e-28 2.32e-01 3.23e-02 1.79e-02 6.35e-03 9.62e-04
2.24e+00 4.61e-02 2.01e-02 4.00e-02 2.11e-02 1.27e-34 8.38e-02 1.33e-02 9.66e-03 5.26e-03 3.89e-03
2.29e+00 1.20e-02 4.40e-03 1.00e-02 4.84e-03 1.45e-140 5.34e+00 4.34e+00 4.34e+00 4.34e+00 9.38e-01
2.29e+00 1.24e-02 4.78e-03 1.00e-02 5.34e-03 4.50e-129 5.53e+00 4.34e+00 4.34e+00 4.34e+00 1.09e+00
2.26e+00 1.01e-02 9.37e-04 1.00e-02 9.41e-04 2.60e-252 4.32e+00 4.28e+00 4.28e+00 4.28e+00 4.28e+00
2.30e+00 1.25e-01 2.40e-02 1.20e-01 2.46e-02 1.02e-27 1.72e+01 3.28e+00 1.40e+00 6.89e-01 7.45e-02
2.28e+00 1.25e-02 4.88e-03 1.00e-02 5.49e-03 6.64e-92 5.65e+00 4.36e+00 4.36e+00 4.36e+00 1.16e+00
2.29e+00 3.38e-02 1.83e-02 2.00e-02 2.29e-02 1.35e-56 1.78e+01 3.97e+00 2.48e+00 2.48e+00 7.00e-01
2.30e+00 3.71e-02 2.09e-02 2.00e-02 2.70e-02 1.41e-59 1.93e+01 3.95e+00 2.40e+00 2.40e+00 6.51e-01
2.31e+00 4.95e-02 1.93e-02 5.00e-02 1.94e-02 1.64e-45 2.03e+01 3.05e+00 1.78e+00 1.54e+00 6.24e-01
2.31e+00 1.24e-02 4.79e-03 1.00e-02 5.38e-03 2.26e-130 5.60e+00 4.35e+00 4.35e+00 4.35e+00 1.14e+00
2.28e+00 2.54e-02 1.68e-02 2.00e-02 1.77e-02 1.16e-47 1.99e-06 6.63e-07 4.60e-07 4.60e-07 1.07e-07
2.33e+00 1.22e-02 4.58e-03 1.00e-02 5.10e-03 3.07e-138 5.49e+00 4.35e+00 4.35e+00 4.35e+00 1.05e+00
2.29e+00 1.42e-02 6.27e-03 1.00e-02 7.56e-03 3.72e-95 6.78e+00 4.36e+00 4.36e+00 4.36e+00 2.02e+00
2.31e+00 3.69e-02 1.85e-02 3.00e-02 1.97e-02 9.46e-52 1.89e+01 3.82e+00 1.90e+00 1.90e+00 1.07e+00
2.31e+00 3.64e-02 1.81e-02 3.00e-02 1.93e-02 4.60e-42 1.50e-03 3.10e-04 1.52e-04 1.52e-04 8.17e-05
2.33e+00 1.13e-02 3.53e-03 1.00e-02 3.76e-03 1.48e-177 4.93e+00 4.32e+00 4.32e+00 4.32e+00 5.86e-01
2.38e+00 3.54e-02 1.87e-02 2.00e-02 2.42e-02 1.23e-58 4.42e-03 9.63e-04 5.41e-04 5.41e-04 2.21e-04
2.34e+00 8.22e-02 3.27e-02 1.10e-01 4.29e-02 2.57e-39 2.10e+01 3.28e+00 1.23e+00 6.77e-01 3.82e-01
2.39e+00 4.75e-02 2.24e-02 4.00e-02 2.36e-02 7.28e-42 1.88e-03 2.38e-04 1.33e-04 9.62e-05 9.62e-05
2.39e+00 5.66e-02 2.32e-02 6.00e-02 2.35e-02 1.03e-45 2.25e+01 2.96e+00 1.70e+00 1.57e+00 5.78e-01
2.37e+00 1.72e+00 2.71e-02 1.72e+00 2.71e-02 4.70e-224 1.97e-11 6.44e-12 2.10e-12 1.49e-12 4.53e-13
2.36e+00 3.20e-02 1.69e-02 2.00e-02 2.08e-02 6.22e-58 1.69e+01 3.95e+00 2.48e+00 2.48e+00 9.92e-01
2.34e+00 1.92e-02 1.00e-02 1.00e-02 1.36e-02 2.13e-65 1.50e-05 5.94e-06 5.65e-06 5.65e-06 7.47e-07
2.37e+00 3.05e-02 1.84e-02 2.00e-02 2.12e-02 2.82e-51 3.33e-06 7.97e-07 5.36e-07 5.36e-07 1.69e-07
2.32e+00 2.96e-02 2.32e-02 2.00e-02 2.51e-02 8.67e-46 6.87e-07 1.64e-07 1.20e-07 1.20e-07 3.05e-08
2.36e+00 1.57e-02 7.46e-03 1.00e-02 9.38e-03 1.73e-104 7.77e+00 4.36e+00 4.36e+00 2.59e+00 7.01e-01
2.37e+00 1.26e-02 5.05e-03 1.00e-02 5.68e-03 5.71e-142 5.64e+00 4.33e+00 4.33e+00 4.33e+00 1.17e+00
2.36e+00 3.82e-02 1.86e-02 3.00e-02 2.03e-02 2.74e-46 2.83e-03 5.35e-04 2.51e-04 2.51e-04 1.84e-04
2.32e+00 3.27e-02 1.72e-02 2.00e-02 2.14e-02 2.89e-50 3.09e+00 7.18e-01 4.30e-01 4.30e-01 1.96e-01
2.39e+00 5.57e-02 2.22e-02 6.00e-02 2.26e-02 1.53e-39 1.74e-03 2.34e-04 1.18e-04 1.05e-04 4.10e-05
2.39e+00 2.21e-02 1.14e-02 2.00e-02 1.16e-02 3.02e-67 1.18e+01 4.28e+00 3.62e+00 3.62e+00 9.69e-01
2.35e+00 4.63e-02 2.08e-02 4.00e-02 2.17e-02 7.46e-39 1.51e-03 2.35e-04 1.67e-04 9.78e-05 7.46e-05
2.35e+00 4.38e-02 2.14e-02 3.00e-02 2.54e-02 9.27e-46 7.00e-02 1.04e-02 4.68e-03 4.68e-03 3.92e-03
2.33e+00 1.10e-02 3.06e-03 1.00e-02 3.21e-03 4.00e-157 4.79e+00 4.34e+00 4.34e+00 4.34e+00 4.36e-01
2.32e+00 4.17e-02 1.95e-02 3.00e-02 2.27e-02 3.92e-40 2.12e-03 3.33e-04 1.83e-04 1.44e-04 1.44e-04
2.35e+00 1.44e-02 8.24e-03 1.00e-02 9.34e-03 2.65e-88 4.19e-06 2.67e-06 2.67e-06 2.67e-06 2.42e-07
2.35e+00 2.11e-02 6.51e-02 1.00e-02 6.60e-02 8.09e-71 4.44e-08 1.85e-08 1.66e-08 1.66e-08 6.79e-09
2.35e+00 1.00e-02 7.90e-05 1.00e-02 7.91e-05 0.00e+00 4.26e+00 4.26e+00 4.26e+00 4.26e+00 4.26e+00
2.36e+00 2.92e-02 1.53e-02 2.00e-02 1.78e-02 1.22e-71 1.49e+01 3.59e+00 2.61e+00 2.61e+00 6.63e-01
2.32e+00 3.43e-02 1.74e-02 3.00e-02 1.80e-02 7.18e-62 1.76e+01 4.01e+00 2.10e+00 2.10e+00 1.30e+00
2.37e+00 1.31e-02 5.44e-03 1.00e-02 6.24e-03 3.69e-98 3.74e-05 2.73e-05 2.73e-05 2.73e-05 9.06e-06
2.39e+00 2.46e-02 1.74e-02 2.00e-02 1.80e-02 3.73e-61 6.21e-07 2.09e-07 1.61e-07 1.38e-07 3.04e-08
2.39e+00 1.85e-02 9.41e-03 1.00e-02 1.27e-02 1.65e-96 1.01e+01 4.36e+00 4.36e+00 3.71e+00 1.51e+00
2.35e+00 1.53e-02 7.22e-03 1.00e-02 8.96e-03 6.52e-105 7.47e+00 4.36e+00 4.36e+00 2.41e+00 6.13e-01
2.34e+00 1.02e-02 1.31e-03 1.00e-02 1.32e-03 2.02e-247 4.38e+00 4.31e+00 4.31e+00 4.31e+00 4.31e+00
2.35e+00 2.52e-02 1.34e-02 2.00e-02 1.44e-02 4.09e-53 4.22e-05 1.40e-05 1.01e-05 9.72e-06 2.18e-06
2.42e+00 2.84e-02 7.15e-02 2.00e-02 7.20e-02 3.39e-59 3.47e-08 1.15e-08 7.94e-09 7.94e-09 1.85e-09
2.45e+00 2.99e-02 1.56e-02 2.00e-02 1.85e-02 6.73e-75 1.54e+01 3.70e+00 2.56e+00 2.56e+00 7.31e-01
2.43e+00 3.11e-02 1.66e-02 2.00e-02 1.99e-02 1.95e-76 1.61e+01 3.74e+00 2.57e+00 2.57e+00 8.72e-01
2.43e+00 2.56e-02 2.73e-02 2.00e-02 2.79e-02 1.47e-58 3.30e-07 1.10e-07 7.81e-08 7.70e-08 1.72e-08
2.41e+00 2.27e-02 1.19e-02 2.00e-02 1.22e-02 7.22e-82 1.19e+01 4.24e+00 3.54e+00 3.54e+00 1.09e+00
2.42e+00 9.88e-02 3.12e-02 1.00e-01 3.13e-02 8.20e-33 3.94e-01 4.26e-02 1.82e-02 1.12e-02 1.96e-03
2.43e+00 4.03e-02 1.96e-02 3.00e-02 2.22e-02 9.56e-48 3.63e-03 6.25e-04 2.83e-04 2.83e-04 2.72e-04
2.40e+00 8.22e-02 2.92e-02 9.00e-02 3.02e-02 2.51e-33 1.25e+00 1.43e-01 6.80e-02 3.91e-02 6.80e-03
2.41e+00 1.68e+00 2.41e-01 1.72e+00 2.44e-01 6.62e-96 2.94e-11 3.99e-12 2.18e-12 1.07e-12 2.23e-13
2.45e+00 5.93e-02 3.11e-02 3.00e-02 4.28e-02 6.29e-69 3.05e+01 3.20e+00 1.85e+00 1.62e+00 1.62e+00
2.40e+00 4.73e-02 2.11e-02 4.00e-02 2.23e-02 1.56e-41 5.95e-03 9.28e-04 6.85e-04 2.73e-04 2.73e-04
2.43e+00 4.45e-02 2.09e-02 3.00e-02 2.54e-02 1.78e-45 1.24e-03 1.84e-04 1.20e-04 7.35e-05 7.13e-05
2.45e+00 2.60e-02 5.43e-02 2.00e-02 5.47e-02 1.44e-63 3.24e-08 1.11e-08 8.12e-09 7.39e-09 1.46e-09
2.42e+00 2.22e-02 1.17e-02 2.00e-02 1.19e-02 2.30e-68 1.05e-01 3.75e-02 3.24e-02 3.24e-02 8.86e-03
2.46e+00 6.46e-01 8.29e-01 1.00e-02 1.04e+00 2.77e-146 4.73e-11 2.66e-11 3.20e-12 2.27e-12 4.00e-13
2.41e+00 2.81e-02 1.91e-02 2.00e-02 2.07e-02 8.04e-55 1.77e-06 4.38e-07 3.25e-07 3.25e-07 1.30e-07
2.43e+00 1.49e-02 6.75e-03 1.00e-02 8.32e-03 5.43e-103 4.52e-02 2.73e-02 2.73e-02 1.45e-02 3.15e-03
2.43e+00 2.85e-02 8.63e-02 2.00e-02 8.67e-02 8.06e-64 7.75e-09 2.60e-09 2.11e-09 1.66e-09 3.52e-10
2.40e+00 1.72e+00 3.60e-02 1.72e+00 3.60e-02 5.70e-93 2.57e-11 3.67e-12 1.98e-12 1.12e-12 1.98e-13
2.43e+00 4.28e-02 1.94e-02 3.00e-02 2.32e-02 3.32e-53 2.18e+01 3.39e+00 2.04e+00 1.27e+00 1.27e+00
2.42e+00 3.25e-02 2.56e-02 2.00e-02 2.85e-02 8.92e-51 1.00e-06 2.38e-07 1.40e-07 1.40e-07 6.11e-08
2.44e+00 5.69e-02 2.28e-02 6.00e-02 2.30e-02 7.07e-42 9.62e-02 1.26e-02 6.68e-03 6.32e-03 2.20e-03
2.39e+00 2.43e-02 1.30e-02 2.00e-02 1.36e-02 1.39e-81 1.25e+01 4.23e+00 3.30e+00 2.79e+00 5.95e-01
2.46e+00 3.65e-02 1.73e-02 3.00e-02 1.85e-02 5.37e-66 1.81e+01 3.65e+00 1.64e+00 1.64e+00 1.64e+00
2.42e+00 3.81e-02 2.07e-02 3.00e-02 2.22e-02 2.96e-47 1.37e-05 2.74e-06 1.44e-06 1.44e-06 7.76e-07
2.44e+00 2.18e-02 1.14e-02 2.00e-02 1.16e-02 6.89e-79 2.19e-04 8.01e-05 6.89e-05 6.89e-05 1.73e-05
2.42e+00 1.04e-02 2.03e-03 1.00e-02 2.08e-03 1.79e-252 4.50e+00 4.31e+00 4.31e+00 4.31e+00 4.31e+00
2.43e+00 1.08e-02 2.86e-03 1.00e-02 2.98e-03 1.42e-166 3.52e-02 3.23e-02 3.23e-02 3.23e-02 2.93e-03
2.42e+00 1.83e-01 4.96e-01 2.00e-02 5.22e-01 2.11e-62 4.33e-10 1.43e-10 1.28e-10 7.72e-11 2.16e-12
2.47e+00 5.77e-02 2.39e-02 6.00e-02 2.40e-02 3.84e-46 2.34e+01 2.98e+00 1.57e+00 9.55e-01 5.70e-01
2.41e+00 3.68e-02 1.93e-02 3.00e-02 2.04e-02 2.33e-52 1.62e-02 3.38e-03 1.75e-03 1.75e-03 8.77e-04
2.43e+00 4.23e-02 2.03e-02 3.00e-02 2.38e-02 1.79e-46 7.60e-05 1.18e-05 6.62e-06 5.25e-06 5.25e-06
2.51e+00 2.74e-02 1.44e-02 2.00e-02 1.62e-02 3.23e-73 1.05e-01 2.53e-02 2.10e-02 2.10e-02 7.34e-03
2.50e+00 3.06e-02 1.61e-02 2.00e-02 1.93e-02 1.21e-62 5.87e-05 1.41e-05 9.29e-06 9.29e-06 3.04e-06
2.50e+00 4.60e-02 2.07e-02 4.00e-02 2.15e-02 1.29e-52 3.43e-02 5.32e-03 3.75e-03 2.21e-03 1.74e-03
2.53e+00 6.67e-02 2.36e-02 7.00e-02 2.39e-02 6.69e-43 8.00e-03 1.15e-03 5.19e-04 2.63e-04 8.09e-05
2.48e+00 2.95e-02 1.54e-02 2.00e-02 1.81e-02 3.28e-72 1.81e+00 4.38e-01 3.07e-01 3.07e-01 8.25e-02
2.49e+00 1.39e-02 6.09e-03 1.00e-02 7.23e-03 1.74e-156 6.48e+00 4.34e+00 4.34e+00 4.34e+00 1.81e+00
2.56e+00 4.17e-02 2.01e-02 3.00e-02 2.33e-02 8.66e-58 6.55e-03 1.05e-03 5.40e-04 4.64e-04 4.64e-04
2.55e+00 4.51e-02 2.02e-02 4.00e-02 2.09e-02 6.77e-55 3.72e-03 5.80e-04 3.99e-04 2.19e-04 1.93e-04
2.50e+00 5.45e-02 2.32e-02 5.00e-02 2.37e-02 1.04e-44 2.02e-03 2.74e-04 1.61e-04 1.23e-04 5.92e-05
2.52e+00 1.75e-02 8.70e-03 1.00e-02 1.15e-02 3.94e-143 9.28e+00 4.35e+00 4.35e+00 3.36e+00 1.22e+00
2.52e+00 4.65e-02 2.15e-02 4.00e-02 2.25e-02 4.44e-55 3.53e-02 5.30e-03 2.40e-03 1.85e-03 1.85e-03
2.52e+00 2.87e-02 1.48e-02 2.00e-02 1.72e-02 3.36e-67 3.46e-02 8.53e-03 6.03e-03 6.03e-03 2.71e-03
2.54e+00 3.81e-02 1.93e-02 3.00e-02 2.09e-02 3.78e-54 1.33e-04 2.59e-05 1.25e-05 1.25e-05 7.96e-06
2.59e+00 4.67e-02 2.05e-02 4.00e-02 2.16e-02 1.30e-64 3.74e-02 5.30e-03 4.39e-03 2.54e-03 1.76e-03
2.53e+00 5.69e-02 2.29e-02 6.00e-02 2.31e-02 4.38e-51 3.61e+00 4.68e-01 2.61e-01 2.39e-01 8.43e-02
2.52e+00 4.97e-02 2.08e-02 4.00e-02 2.30e-02 4.01e-49 2.19e-01 3.13e-02 1.81e-02 1.81e-02 7.73e-03
2.52e+00 3.90e-02 2.03e-02 3.00e-02 2.22e-02 6.08e-57 3.92e-02 7.46e-03 3.67e-03 3.67e-03 2.41e-03
2.56e+00 3.76e-02 1.85e-02 3.00e-02 2.00e-02 1.90e-77 1.88e+01 3.65e+00 1.75e+00 1.75e+00 1.12e+00
2.65e+00 4.70e-02 2.01e-02 4.00e-02 2.13e-02 2.36e-71 2.26e+01 3.57e+00 2.52e+00 1.52e+00 9.60e-01
2.63e+00 9.75e-02 2.73e-02 1.00e-01 2.74e-02 4.25e-41 1.83e+01 2.44e+00 1.23e+00 6.22e-01 1.06e-01
2.62e+00 5.68e-02 2.39e-02 6.00e-02 2.41e-02 2.67e-49 7.71e-03 1.02e-03 5.43e-04 5.43e-04 1.96e-04
2.59e+00 6.21e-02 2.62e-02 6.00e-02 2.63e-02 7.77e-54 2.88e+00 3.28e-01 1.95e-01 1.73e-01 6.51e-02
2.58e+00 4.95e-02 2.26e-02 4.00e-02 2.45e-02 5.55e-58 2.58e-01 3.45e-02 2.09e-02 1.14e-02 1.14e-02
2.61e+00 4.03e-02 1.99e-02 3.00e-02 2.24e-02 2.16e-66 2.73e-03 4.73e-04 2.21e-04 2.21e-04 2.05e-04
2.60e+00 3.16e-02 1.66e-02 2.00e-02 2.03e-02 7.31e-75 2.22e-03 5.24e-04 3.33e-04 3.33e-04 1.27e-04
2.63e+00 5.18e-02 2.29e-02 5.00e-02 2.29e-02 1.05e-89 2.28e+01 3.02e+00 2.15e+00 1.38e+00 8.88e-01
2.59e+00 4.26e-02 2.02e-02 3.00e-02 2.38e-02 3.24e-58 1.35e-03 2.05e-04 1.20e-04 8.90e-05 8.90e-05
2.62e+00 3.19e-02 1.63e-02 2.00e-02 2.02e-02 1.28e-70 1.45e-04 3.50e-05 2.02e-05 2.02e-05 8.60e-06
2.58e+00 4.40e-02 2.04e-02 3.00e-02 2.47e-02 6.97e-56 2.31e-04 3.51e-05 2.26e-05 1.35e-05 1.24e-05
2.66e+00 5.18e-02 2.37e-02 4.00e-02 2.65e-02 3.36e-59 7.23e-02 9.62e-03 6.31e-03 2.83e-03 2.83e-03
2.59e+00 5.16e-02 2.11e-02 5.00e-02 2.12e-02 5.79e-50 1.16e-01 1.63e-02 9.77e-03 9.77e-03 3.50e-03
2.62e+00 6.13e-02 2.39e-02 6.00e-02 2.40e-02 9.86e-74 2.26e+01 2.62e+00 1.36e+00 1.21e+00 4.28e-01
2.65e+00 3.18e-02 1.79e-02 2.00e-02 2.15e-02 5.30e-72 5.26e-06 1.25e-06 7.64e-07 7.64e-07 3.07e-07
2.65e+00 4.15e-02 1.98e-02 3.00e-02 2.29e-02 1.05e-66 1.10e-02 1.75e-03 9.08e-04 7.80e-04 7.80e-04
2.69e+00 4.92e-02 2.14e-02 4.00e-02 2.33e-02 1.57e-60 3.75e-03 5.39e-04 3.01e-04 1.51e-04 1.51e-04
2.72e+00 1.03e-02 1.75e-03 1.00e-02 1.78e-03 0.00e+00 4.46e+00 4.32e+00 4.32e+00 4.32e+00 4.32e+00
2.68e+00 3.66e-02 1.76e-02 3.00e-02 1.88e-02 5.35e-101 1.82e+01 3.65e+00 1.71e+00 1.71e+00 1.67e+00
2.69e+00 6.00e-02 2.50e-02 6.00e-02 2.50e-02 7.34e-61 1.57e+00 1.89e-01 9.89e-02 8.49e-02 3.66e-02
2.82e+00 5.77e-02 2.26e-02 7.00e-02 2.57e-02 2.73e-79 2.08e+01 2.66e+00 1.60e+00 1.28e+00 4.49e-01
2.78e+00 2.04e-02 1.04e-02 2.00e-02 1.05e-02 6.48e-150 1.14e+01 4.24e+00 4.09e+00 4.09e+00 7.25e-01
2.75e+00 1.23e-02 4.66e-03 1.00e-02 5.19e-03 0.00e+00 5.45e+00 4.31e+00 4.31e+00 4.31e+00 1.06e+00
2.80e+00 3.25e-02 1.64e-02 2.00e-02 2.06e-02 2.61e-126 1.67e+01 4.00e+00 2.21e+00 2.21e+00 1.03e+00
2.75e+00 7.59e-02 2.42e-02 9.00e-02 2.80e-02 1.78e-74 1.78e+01 2.62e+00 1.29e+00 1.06e+00 1.25e-01
2.76e+00 5.34e-02 2.37e-02 5.00e-02 2.39e-02 1.25e-71 1.59e+00 2.04e-01 1.42e-01 5.51e-02 5.51e-02
2.77e+00 8.21e-02 2.89e-02 1.00e-01 3.40e-02 5.78e-60 2.08e+01 2.54e+00 1.19e+00 5.93e-01 1.67e-01
2.80e+00 2.46e-02 1.31e-02 2.00e-02 1.39e-02 1.16e-137 1.27e+01 4.25e+00 3.23e+00 2.84e+00 6.20e-01
2.78e+00 4.38e-02 2.23e-02 3.00e-02 2.62e-02 3.34e-86 2.29e+01 3.51e+00 1.66e+00 1.66e+00 1.27e+00
2.84e+00 5.05e-02 2.17e-02 4.00e-02 2.41e-02 4.49e-75 6.41e-03 8.97e-04 5.63e-04 2.59e-04 2.34e-04
2.80e+00 6.36e-02 2.49e-02 7.00e-02 2.57e-02 3.89e-63 3.01e-01 3.75e-02 1.90e-02 1.43e-02 4.85e-03
2.74e+00 4.10e-02 2.06e-02 3.00e-02 2.34e-02 3.98e-74 6.18e-05 1.05e-05 5.03e-06 5.03e-06 4.66e-06
2.90e+00 2.66e-02 1.37e-02 2.00e-02 1.52e-02 2.22e-264 1.34e+01 3.17e+00 2.87e+00 2.87e+00 9.07e-01
2.85e+00 1.67e-02 8.07e-03 1.00e-02 1.05e-02 1.28e-195 8.62e+00 4.37e+00 4.37e+00 3.07e+00 9.66e-01
2.96e+00 1.07e-02 2.66e-03 1.00e-02 2.75e-03 0.00e+00 4.62e+00 4.30e+00 4.30e+00 4.30e+00 3.24e-01
